[28.145389685707638]
[26.771473113529115]
[20.459854381955346]
[17.01616938572237]
[28.82352195732711]
[30.92582501071287]
[22.425113096880303]
[29.012093042988816]
[27.925941312682706]
[23.32514161695855]
[22.82107830812025]
[23.145425611118924]
[29.001548271214894]
[28.14555448314353]
[26.64934714377941]
[22.04936164127551]
[25.12551365373723]
[24.125277728808033]
[17.93870631720312]
[25.627518643983034]
[23.823380071201903]
[28.63370858757334]
[27.670068524575964]
[25.88945605386062]
[30.221414301140797]
[30.61183674959298]
[23.125435578845067]
[24.462832646685108]
[24.077256977062913]
[32.01203323111034]
[22.60620147702225]
[26.781239644759328]
[29.62119697435489]
[24.6580077000238]
[23.876985092014774]
[22.536835137919756]
[21.401161631520555]
[22.85292867052487]
[31.262387556531827]
[21.944885360711133]
[24.59474745279933]
[18.068965949952883]
[26.706837056862536]
[32.72581412255144]
[28.269713947698246]
[31.021827349852487]
[24.009921971432338]
[23.84921297494602]
[24.52534118105612]
[26.858261328637454]
[27.466593703170822]
[22.49389696733811]
[25.725329342847417]
[27.525382756554272]
[24.82185476697065]
[30.12582358532041]
[28.669656634139233]
[27.126854685367036]
[25.221115252490403]
[25.221575304643434]
[25.06719857640663]
[21.72629598368829]
[24.164620517362426]
[24.077211244160118]
[22.848197347200664]
[29.984553427980035]
[25.025326021451807]
[28.522071837017897]
[24.373896450776115]
[27.674245811116986]
[24.725420111408685]
[25.46948691924363]
[25.021258499654454]
[22.024099457530916]
[29.125916535409473]
[24.86949223199275]
[27.553595450880675]
[23.35630077113249]
[20.998029615400355]
[28.525572229877138]
[25.916463941754586]
[24.04969237449183]
[21.52510976768312]
[26.928809565860053]
[23.87728643214287]
[23.163009562023532]
[23.677337679818997]
[25.66935183760268]
[26.05992347389184]
[17.924889147617588]
[29.031278856790824]
[28.603795057720262]
[32.021408071410384]
[25.168409882606515]
[26.036059364159076]
[21.955601772234772]
[24.9532712983554]
[31.42195711110019]
[25.397156529556995]
[23.593363633931546]
[21.33009351061626]
[28.43650190019058]
[27.80130235602005]
[26.126176596003347]
[29.00131942257091]
[26.849468556151912]
[21.67716722620016]
[20.72651110111061]
[29.10887184552293]
[24.897464098014495]
[24.95801223137796]
[24.927249734344564]
[24.95031244492261]
[27.57344620470919]
[22.550828130820562]
[30.545637287701528]
[25.58090124273376]
[24.314583419871422]
[30.40991091104703]
[22.62125023044266]
[26.097453555185997]
[21.869090454835256]
[26.201285142389743]
[24.945419150417415]
[25.148094746584764]
[26.877524943814144]
[25.871068880401484]
[23.26947505190578]
[29.861953195501624]
[29.8494715548749]
[24.4494616063744]
[20.40110196263256]
[28.469546304378586]
[33.17854835751616]
[23.040453995872085]
[22.804786184790363]
[28.097628692780898]
[23.22131636513015]
[24.201352758874084]
[25.14568117950927]
[22.801243944331087]
[28.50689106263551]
[21.09731797425716]
[31.069722216526728]
[26.036875981790857]
[21.469117238739987]
[21.75524403280565]
[17.925037689644014]
[23.689972443823056]
[23.994692258309247]
[23.644537181077613]
[39.22981803375264]
[25.725587631188645]
[29.849709928463007]
[20.20749233334157]
[28.149092710534966]
[21.160088895264796]
[24.09489651755782]
[22.057013086158396]
[31.95826768326267]
[19.1731606768554]
[25.221190985689663]
[32.058807724964964]
[27.25349464742408]
[29.545576235023557]
[25.52554629353425]
[23.925437235150525]
[28.477458426075373]
[22.125234053164053]
[21.001129296280915]
[28.68949181252827]
[20.137887724883107]
[25.648338175256985]
[28.325470424074595]
[30.043194938443335]
[25.534795090256388]
[26.993439347947884]
[21.59324498600573]
[25.002470720325878]
[21.172980577383054]
[25.327496408072662]
[22.650145729033515]
[21.85896216646463]
[23.59056447319989]
[24.956952175861424]
[28.069845394476566]
[20.544986479685324]
[17.75288793536444]
[28.725790541250397]
[27.745512750609887]
[30.249700384871588]
[24.80930763244383]
[20.421933876259494]
[23.055420437376167]
[28.98359909918335]
[20.659217050936913]
[28.19999400559358]
[32.04957146165689]
[27.27762782261834]
[20.98825070603432]
[24.477265845475845]
[22.069209788452333]
[25.145370450999803]
[25.86945585850489]
[23.44932778782366]
[23.12525813701343]
[28.967746592162776]
[27.33961063487731]
[24.46944450077026]
[20.20118110067628]
{"nsims": 210, "queries": [{"mean": 25.414072024217067, "std": 3.452342541603709, "radius": 0.46965014435413527, "line": 2, "column": 1}]}
