[27.18459206734375]
[23.960449002158427]
[31.144967694212276]
[23.77653247440531]
[19.91854785329611]
[25.182726402976165]
[23.082667633237453]
[26.51059189613053]
[28.244964848091445]
[21.102674678838994]
[22.712525219042757]
[19.142497832931806]
[21.65248790609588]
[19.776445582234846]
[21.856461379219677]
[15.89835277162997]
[21.164602468383535]
[28.776915481896758]
[22.61241770970826]
[18.98041675269]
[19.694382823707908]
[22.102721671869045]
[23.082705560610854]
[26.040629942080454]
[28.247132663313437]
[25.776552593346445]
[34.18498410655082]
[23.75446912221382]
[19.02047023408595]
[26.142645886483912]
[24.816550457908132]
[21.018654509015338]
[27.14286190739473]
[26.040773766694446]
[25.85649700080545]
[22.040669104399598]
[32.06102339324557]
[21.654446586777414]
[29.041084081003817]
[23.692380923798424]
[24.164556894494968]
[25.796995098510724]
[21.898613253100656]
[16.96036834921808]
[25.264707575533528]
[24.96056872757488]
[16.980400660166943]
[16.040309476053835]
[23.346832884803657]
[21.100354370073514]
[23.000677491434065]
[32.16297476910825]
[19.020473583994665]
[29.836869092976812]
[22.552500921239]
[29.93853742964511]
[16.04037467834797]
[27.06093092159825]
[18.79650505086332]
[23.080648489844894]
[21.8584626979196]
[26.204603025328474]
[28.714576048320854]
[22.28685682692965]
[27.142878334647317]
[21.63239683169632]
[20.26457446810836]
[22.91850775990934]
[23.57264298566676]
[24.776591117328284]
[24.73681765489828]
[19.736260699442376]
[20.978560628508458]
[23.754557346168607]
[20.02035718551686]
[18.898232489765952]
[31.409195698497633]
[28.204888760897447]
[25.306705403811282]
[22.734767008464804]
[26.346891442243667]
[24.79678272786865]
[21.938411654960575]
[17.796224270123453]
[24.36650735108194]
[24.16474207922985]
[25.98071619871915]
[23.958565518004015]
[21.89864697966342]
[26.3666200031543]
[19.61232543480392]
[21.836518979933427]
[19.878436874183183]
[22.856386853537447]
[26.2447660796969]
[25.6126615322234]
[28.63258393507104]
[24.18471240213183]
[22.122665080476864]
[19.73422076839444]
[21.776431052102335]
[16.6943924754966]
[25.63292830871262]
[27.429006227000485]
[19.162458626560706]
[20.264416451981784]
[29.080983835264902]
[24.83868341586594]
[26.22471052312201]
[25.020505210017472]
[27.040705241769984]
[23.71455859748049]
[29.89866874264828]
[28.100858746340716]
[20.10242464712628]
[26.246834583012163]
[25.102970852181777]
[24.346697248756822]
[25.510453895000555]
[21.224524259407968]
[20.858519813660187]
[18.91837578972254]
[21.91872283256637]
[19.958407886550365]
[24.22462293985989]
[26.326937887804704]
[24.14274295681902]
[21.204516620325055]
[26.14468109073403]
[23.654579439596898]
[23.776791777176864]
[22.528269540683883]
[29.00086190045805]
[20.714340665445587]
[20.734432643865823]
[30.102912930799327]
[19.264671441538223]
[22.796458755186897]
[31.021068532140177]
[23.264534973151644]
[37.75485483690209]
[22.102585257292144]
[21.77654287858627]
[17.65237142481219]
[20.91848508207273]
[25.53058404585832]
[18.71436231570172]
[21.22454843229368]
[28.590618916013018]
[28.16265410489141]
[22.836744160353582]
[26.224627960637353]
[25.164889803925924]
[32.674816015954306]
[23.918655516125792]
[26.93886518057284]
[24.224756626445117]
[23.612570530301493]
[23.83666506295607]
[24.36870485557065]
[29.224972719761517]
[20.980543929321883]
[28.878722347880363]
[18.8364983623934]
[25.244962153629032]
[31.020925450981522]
[19.572275502331234]
[25.306729151359576]
[23.204649694805372]
[31.734919622459714]
[24.123031701966525]
[24.448450542122895]
[20.18452851238892]
[20.612431158654804]
[28.73701320281934]
[25.652468385601]
[24.24478597872024]
[22.878696967959105]
[25.266785961736478]
[33.42910908806786]
[27.348832008763033]
[19.47070117221451]
[24.366929428293357]
[29.306908534584963]
[26.306849016890055]
[29.142931773496638]
[21.836503779513915]
[19.754204153602252]
[16.816324499078323]
[16.876206713894753]
[22.960611608576798]
[21.958522904148065]
[27.776893080311012]
[19.980560176535253]
[28.26701671306963]
[22.14283753415281]
[18.896552487504064]
[22.550436847977135]
[25.85689958376604]
[24.490632385673152]
[24.122601059208105]
[28.08296244529487]
[20.04044902854129]
[22.876369408558382]
[21.204501606791894]
[22.694643819830368]
[21.060617361373918]
[24.38878829530356]
[20.980449256356792]
[22.98065207759744]
[23.71650683143058]
[28.59264472955022]
[31.36706784702109]
[20.958313057028402]
[23.69492862156706]
[21.24454362193161]
[18.89837854094861]
[30.81709255681867]
[32.81701113743604]
[25.7546640331864]
[20.896460478765874]
[16.714237818398896]
[22.960637226735088]
[22.958616301094754]
[23.714578455952584]
[27.144753474265748]
[24.00064498577529]
[23.000604605172185]
[24.202622530138747]
[20.244535314043286]
[17.592249987474727]
[16.0202858291252]
[18.04031898872995]
[26.040625219840095]
[22.346799775584635]
[19.04057194673864]
[26.202724926080386]
[28.102928878168164]
[21.836501381204442]
[23.856426236584696]
{"nsims": 240, "queries": [{"mean": 23.836159265598315, "std": 3.856590315826235, "radius": 0.49040032944240053, "line": 2, "column": 1}]}
