[24.880178446683107]
[24.207839798835696]
[26.892172797909982]
[28.95202288150045]
[21.531810443803067]
[22.92363112828353]
[23.99588027786432]
[25.89196938927163]
[27.78011175153009]
[21.175505367492995]
[19.79556329009199]
[26.951935582797528]
[23.13987986593038]
[23.227709351368265]
[20.98772940316601]
[19.81152624958675]
[20.719454513587273]
[28.98008644960435]
[31.504408171389755]
[17.535322920092586]
[26.331990498279715]
[27.323938261431294]
[23.255772322543116]
[26.219902305599067]
[17.567458869418765]
[25.551808415736044]
[26.091775189140524]
[23.35167065565888]
[21.539701847075168]
[22.715569237346973]
[25.639885211245034]
[18.799513825240023]
[22.455572766291514]
[30.32037813818441]
[23.659683087360566]
[24.063746463334038]
[23.511534488795345]
[23.87562102050114]
[27.075934116707195]
[27.952273147693468]
[20.983678926915758]
[25.748036616246576]
[25.14000561447525]
[22.50756291916151]
[18.335497958155276]
[23.835729764202664]
[22.26735460281885]
[23.60787230036093]
[25.015872402791313]
[18.159305392219267]
[28.580345157528875]
[22.371750503705407]
[23.235650787019186]
[25.18791990118583]
[22.09171216603502]
[24.08790478817824]
[19.79554464060273]
[23.439900778065823]
[26.52410057535632]
[26.272051515059992]
[22.15177873324627]
[24.85156436933746]
[24.579925343046558]
[25.311769730142803]
[26.468035074498882]
[20.755579139413584]
[21.955710039370558]
[21.091937612590105]
[23.767700180941805]
[23.443838543761306]
[23.667840276932242]
[21.595469853405586]
[25.491857139013106]
[23.547973539607224]
[25.468168497396125]
[22.875899225027197]
[20.86339270266037]
[23.47161886004031]
[24.068158090553442]
[20.975839458605634]
[25.4318539109646]
[21.059704573080634]
[26.248060007113274]
[21.135658558773297]
[24.535847532687658]
[20.5675898545771]
[27.056001242351396]
[26.635927985409943]
[25.455799845414177]
[20.59569636247313]
[21.18782425184297]
[25.49193927282654]
[28.280161528124143]
[25.775721598204246]
[25.019813311545306]
[22.487384873171337]
[22.903829056106854]
[20.307706624687555]
[19.77550190887088]
[21.46769029284766]
[19.84364028761487]
[22.131696327591882]
[20.719567073913215]
[28.068036048374164]
[25.011769596495107]
[31.38439836960326]
[29.92024758627954]
[23.67184448296545]
[19.847376904416762]
[24.103587115642988]
[27.49220278276912]
[30.408225696452188]
[26.903975596547166]
[26.712088474429958]
[21.61966052720518]
[22.27983728712197]
[23.295786499171914]
[20.807369153824762]
[24.783986646328845]
[23.343869560849285]
[25.427743444519173]
[29.024153634825506]
[21.47966955737362]
[21.119636290946165]
[23.579951764239077]
[21.467615880626926]
[24.315871593118608]
[26.16386801988532]
[24.463934735171904]
[22.895743892675846]
[22.155513195628107]
[21.38363878163547]
[19.50359740324246]
[23.195666682213663]
[26.248008750474725]
[21.74366091849849]
[19.38351540086546]
[28.288213701238046]
[27.100168828084477]
[26.916197771258958]
[19.73976039339061]
[21.79981472978144]
[23.407800365954884]
[26.00800203594899]
[22.37591667260038]
[18.80745426685696]
[28.40429736598842]
[21.41553050754221]
[23.97575704895554]
[22.951770550625735]
{"nsims": 150, "queries": [{"mean": 23.80194449640589, "std": 2.9078505468825666, "radius": 0.4691549345156907, "line": 2, "column": 1}]}
