[32.658595131916435]
[33.873178589704345]
[31.932674270604693]
[28.211167522932328]
[25.605979632705136]
[26.286380767383996]
[27.09919870057271]
[23.27720573527836]
[28.40345825902257]
[25.19948728595223]
[20.78888824102137]
[26.96819101137253]
[30.864252276849385]
[28.823256206756835]
[16.341890714032015]
[21.84568842659805]
[29.355200565570417]
[31.249192351145723]
[21.78910252258477]
[28.117611281529157]
[32.36829731810006]
[29.478552725382848]
[24.929803245622214]
[25.3546498207904]
[28.075663499358352]
[31.589721230532483]
[31.167870474013384]
[28.273979424726914]
[21.162038948805947]
[27.13201690660861]
[21.993094967346316]
[24.61009737692368]
[25.618497393122162]
[24.424161722490716]
[31.20446093027256]
[25.582325648519205]
[30.302827053321217]
[26.13773784290728]
[34.15670693823573]
[28.128663423629714]
[31.885963599303842]
[27.135447471787252]
[26.006188880077914]
[36.61414796945078]
[25.43071540484311]
[21.037776296677983]
[24.39796482865116]
[27.84136398966807]
[29.01833751555616]
[32.689455652593765]
[23.502760468515564]
[26.225782246694262]
[26.761905655186236]
[23.859958804442027]
[26.05967097206817]
[25.895154120968932]
[33.0790801602193]
[34.29923508696612]
[29.477573354193073]
[36.75823966235786]
[26.370042809617456]
[28.960579828753804]
[21.350182100860426]
[23.967712568285872]
[26.439112290590028]
[32.155238892325265]
[24.621497601258856]
[24.651352946659884]
[26.343063806090587]
[28.540842604125057]
[29.349546978952574]
[29.48613926927775]
[26.712186441288456]
[20.126068403565437]
[28.65377316087627]
[24.0300726996875]
[27.69771826660757]
[23.217853323031346]
[22.538238740754394]
[20.553087401700953]
[29.725599753750622]
[27.42167984241816]
[24.674534130485377]
[25.850378101488392]
[28.504692509732344]
[26.23694312489837]
[27.173216138069513]
[24.911993178476486]
[29.58045676747446]
[28.373646163460364]
[26.567233077580774]
[25.202264667007938]
[20.398793466191087]
[25.15040907192002]
[30.34378124021804]
[25.859955511717235]
[23.94587584920985]
[36.81355499322604]
[21.053574088632466]
[27.67936655842358]
[27.438197110614215]
[33.6089925212791]
[23.78563211058943]
[29.52033770122295]
[29.960760930471988]
[25.61883690992158]
[25.270636616735082]
[29.01034280078227]
[27.49255521050656]
[24.25237471368173]
[30.674904707106027]
[32.99619695112696]
[27.348212104852085]
[31.97321920416975]
[22.723023609343752]
[22.182200500832007]
[25.154410833183796]
[25.62233604009117]
[26.58831795202212]
[30.009388520097776]
[21.869425543763544]
[32.97483902924713]
[28.07341819698553]
[21.059381316552173]
[22.588673623821187]
[26.617486204586324]
[22.32095786480507]
[33.6715173086197]
[23.80334823902238]
[23.11866444675995]
[27.623075587227763]
[27.102652621429996]
[35.85355927781615]
[22.776373242520997]
[21.159992745040046]
[27.361462603039065]
[29.8824529661502]
[35.269313167058215]
[22.21627803845487]
[30.51064971254824]
[28.27162990746553]
[29.9663309753283]
[29.17628464562572]
[26.822443470817316]
[24.371151526781166]
[24.08111900817481]
[25.603520978549696]
[26.389684675255133]
[27.968078120078044]
[17.310619140540492]
[20.466254816883115]
[28.02244470355385]
[25.643466205309316]
[27.33241195481117]
[22.29801178254796]
[30.198742216329457]
[21.865964240127635]
[31.459400784222517]
[29.34691767190904]
[26.92013578162226]
[29.773763150137324]
[25.35850010720865]
[24.518051711756183]
[21.90732696474946]
[32.35954014244349]
[31.857016873467536]
[28.9198024448995]
[28.901196233876686]
[24.87645142987866]
[27.66276206919384]
[32.73858018874088]
[36.27542932129605]
[29.50650330440648]
[32.87107625246506]
[22.776250837687734]
[24.555560471655138]
[26.0688481674401]
[31.14529370651043]
[27.265720907692153]
[19.765285059474643]
[23.779265060529077]
[27.298295111497044]
[33.40660978047107]
[19.951688754835768]
[27.766176242835257]
[24.351864179844004]
[31.881406932657164]
[28.12713519484893]
[28.397427380625466]
[28.266765567288772]
[25.92670114311969]
[30.536484906280034]
[25.123444665515844]
[34.250872825306956]
[24.15378677279405]
[28.382066143254175]
[21.460343521776462]
[34.23005956852169]
[30.02944456035067]
[35.87386211454749]
[26.22086823871451]
[20.897384915071623]
[23.524752871283614]
[30.063039371865628]
[29.71737297945452]
[21.070689944737058]
[27.95493424727908]
[24.357245233506692]
[28.92524786994925]
[28.42945963947668]
[29.752561756676137]
[18.279110170990602]
[28.025983126990667]
[23.242153606052387]
[30.442259209183895]
[23.511444367679587]
[20.74979023228484]
[30.66465843663518]
[21.774577102706285]
[22.562485216971574]
[25.946807400014578]
[36.96455406140305]
[34.20763001179388]
[24.556810248832917]
[31.400252527758433]
[21.48103438830378]
[26.174660988460083]
[23.76926708239008]
[25.12759461240347]
[23.042549677910532]
[31.05685678111214]
[29.19922747849343]
[22.670260096692463]
[32.95947267822845]
[30.066029203881264]
[24.7980165308647]
[26.9559574147755]
[30.08589756535279]
[25.030321103078254]
[29.8675826579208]
[21.35726078472751]
[29.17227988262272]
[33.18523084260527]
[31.17732898893823]
[28.939798711724613]
[23.76165195513168]
[23.9537976229132]
[27.97087650622766]
[22.646561050312656]
[28.057170059649984]
[19.305304443489725]
[28.30499113447719]
[29.89194336167647]
[32.58666986660098]
[31.090021702932987]
[36.974276629251726]
[25.187768043621592]
[35.50175173573244]
[29.751248631909405]
[27.413014365673263]
[26.019732579228478]
[27.554772234898113]
[31.20240362408807]
[24.624782159923285]
[27.576435639381245]
[27.430452193548692]
[26.90728856382523]
[30.482328430492522]
[23.517986181642524]
[30.973366522256516]
{"nsims": 270, "queries": [{"mean": 27.22419153167308, "std": 4.021735525489098, "radius": 0.48187908081807324, "line": 2, "column": 1}]}
