[36.1949433862529]
[41.59507418839719]
[45.81526637562889]
[42.271540364366324]
[42.93917976260978]
[46.338964253551374]
[32.81487019683036]
[36.07084447363091]
[38.30911290575013]
[36.61508549833135]
[45.595440525469186]
[36.73885842148243]
[47.3774954318421]
[41.27088596657286]
[30.890614774514344]
[45.653550357322466]
[43.815227261542084]
[47.4155782858844]
[51.41563996251524]
[38.612999617219174]
[32.432755085565184]
[44.73926844077255]
[43.21542420816428]
[40.81516365472656]
[41.07101837872909]
[41.271370880101514]
[39.99520803818541]
[35.852866225965826]
[36.61495667953734]
[40.377164665655535]
[40.03313147826179]
[34.27095039111532]
[35.1768399965788]
[29.81458967353395]
[35.67078388907496]
[49.19558097118864]
[49.977410974255]
[39.83317868761692]
[41.79560364858691]
[44.977087915266914]
[38.777228025937596]
[35.01481620453599]
[33.23263329313809]
[37.194860268838276]
[45.65326924865378]
[39.87104094605751]
[46.795240668767796]
[34.45264532331843]
[37.25292661319149]
[42.50917891323202]
[41.6152199867995]
[26.070249264778724]
[32.07046371135763]
[40.671266437741096]
[46.57773419205312]
[41.851354983760096]
[47.215658414369976]
[48.30969382543312]
[42.03306589131384]
[34.87092597659712]
[42.25330878664238]
[37.21478849608626]
[36.129051154349]
[38.033163246350675]
[49.25394323646926]
[49.433213901328806]
[43.85319496608686]
[39.65320059341648]
[33.23271931727159]
[44.033142064106805]
[43.015410851366134]
[36.47109651226282]
[42.79512786858901]
[47.05357263423244]
[40.032750073842216]
[44.65334115867861]
[32.09069112490554]
[48.853333105142006]
[45.777056329382326]
[45.61554569176648]
[44.97709162692231]
[54.815745976753064]
[44.41528297104522]
[45.81547780508424]
[41.95725888156814]
[38.83306481869136]
[38.87101901700288]
[46.85359891490906]
[45.27130790615263]
[46.43342128080706]
[48.395631777256426]
[40.63298099483447]
[44.61535609999181]
[51.59589039951312]
[45.977371736081004]
[39.85305276557025]
[44.27131696326932]
[34.414772524869576]
[37.271176368921786]
[40.21509618310551]
[65.11046483489251]
[45.23344186396306]
[41.21505195757204]
[44.59519990581833]
[38.052810066509934]
[43.07118446003654]
[34.72895355701916]
[36.39497020339877]
[35.2326331859403]
[40.30122071781245]
[35.99519095893414]
[36.852956517128085]
[41.23317385356737]
[46.957849680637594]
[44.777068404177925]
[37.29114567091458]
[33.17703436731437]
[35.01481032343312]
[35.9010127355547]
[42.39544765195865]
[52.75781039372155]
[40.338741640563576]
[29.414551549064797]
[38.433094464571255]
[45.139478006683944]
[51.13944766115912]
[34.92879192590707]
[36.995212684622466]
[46.557199074324615]
[40.653049873607046]
[37.41517257922055]
[42.17725919265948]
[43.59547371376459]
[45.77723840457845]
[46.87160226465098]
[44.61513818376666]
[40.75732776884634]
[41.79712070657618]
[38.139194619448915]
[34.9769638722639]
[51.9775705636085]
[45.47129848292458]
[37.05327281358908]
[37.83323649478053]
[43.59533086449291]
[30.87057660389903]
[33.270608605404256]
[46.13915359090655]
[41.47078948847975]
[45.491262382569474]
[44.577332646733005]
[36.03287498575789]
[35.39500898307035]
[46.61535708756931]
[41.21516385024918]
[39.071261132602054]
[33.832867045427804]
[48.73932865489739]
[42.79506327104273]
[35.66299604366139]
[45.03290441844007]
[42.01503107607184]
[51.05365594712157]
[41.653239959746145]
[37.194924386925415]
[33.03284159180057]
[35.37686707033547]
[42.29107677911062]
[44.195500870598075]
[43.25344938339958]
[41.47129118227092]
[51.37773143856982]
[34.614809046477745]
[41.215073747135456]
[46.30932695845534]
[46.271390563839006]
[40.157269169946105]
[49.57777611912247]
[49.671327670096574]
[44.853121654086245]
[43.271061013305115]
[42.23308971771612]
[46.99534043193884]
[38.652711160110364]
[44.73934577061258]
[39.65290199856269]
[52.41542154010559]
[32.63247450379788]
[49.97776383137903]
[42.61500690194884]
[39.9952158484332]
[50.015956817935574]
[39.338935132800664]
[38.39732428381206]
[42.977386717295865]
[46.957673926571445]
[46.377188936683275]
[46.015408592641606]
[45.6332433916102]
[43.033335566286766]
[54.57753001444922]
[35.67097280660547]
[51.83355410176112]
[42.37711071535944]
[40.45317504592064]
[46.377788841828355]
[43.795115859396695]
[39.41480297214926]
[44.95714007897415]
[46.37763761143433]
[38.61497718548879]
[36.13909158610671]
[38.435177373014064]
[44.033475480545185]
[41.339205783107225]
[36.594887480679134]
[34.67071795048836]
[45.03343158288189]
[39.87099215511351]
[35.61488731606806]
[45.72127092988967]
[38.215271267059514]
[41.757172220777704]
[39.53920012912054]
[38.03271760419471]
[52.0716254214834]
[45.87137139173829]
[45.595511768388874]
[37.014797082715326]
[33.27071017826854]
[36.67082412265988]
[41.939436591789665]
[34.57672303415134]
[43.67119796215008]
[50.97781006556898]
[45.05360744284203]
[32.85273525694541]
[40.01555396354242]
[40.35723672754291]
[41.19741657689691]
[47.97737926613855]
[41.415533528764314]
[51.233616659287215]
[38.976914685047745]
[40.79517479130945]
[47.27114506992965]
[33.176880701374856]
[38.4150176498471]
[39.43262330784058]
[33.45294228034409]
[48.39530692744133]
[48.63398421772201]
[36.709209123838896]
[32.81464329379761]
[48.23347359185819]
[48.03313157434243]
[40.10100634282861]
[38.93904992400789]
[34.9949986875875]
[32.55705781519574]
[45.777503423602745]
[32.61478461093774]
[36.432973600684456]
[51.39823607178462]
[53.233449716782765]
[54.61583644743811]
[41.195068870054435]
[43.21542703799496]
[35.03296340888748]
[49.233542081089915]
[39.139069881790384]
[37.67058090027202]
[41.253177597355844]
[44.97569530000601]
[44.13923803925481]
[47.233181656248625]
[43.75735636938925]
[37.83303368308145]
[45.59726721972762]
[35.07058322018568]
[47.939516635306134]
[42.27101385220759]
[37.996993595180214]
[28.414519803750373]
[59.97792045348177]
[32.61480951195565]
[40.70082539074587]
[38.195076478508376]
[39.595468232562716]
[47.615532925168566]
[39.19511771724746]
[30.65269113039765]
[38.25316364440014]
[39.13913560079835]
[45.139832326846204]
[45.871388693574765]
[38.23303541289302]
[49.61537676623462]
[41.757378409418955]
[50.63373085946011]
[47.97733120836996]
[41.415142134197794]
[54.97783625361764]
[49.5394870628906]
[39.033105898196176]
[51.471713266142984]
[41.652847485929996]
[32.85284112695148]
[48.253224081449034]
[42.97714127049327]
[37.194897193117924]
[47.339572760709714]
[37.57691773185278]
[39.890701554771184]
[42.033452468533085]
[43.49104822596387]
[51.97755364729532]
[39.614958581167656]
[37.23283854483088]
[50.57766547756469]
[34.814866619106084]
[40.99549098334362]
[38.091038807161475]
[32.3766755438313]
[36.67076964785908]
[39.6149310662608]
[45.891286535594084]
[44.691389936983015]
[44.633459977566]
[48.395434677999035]
[28.01438647214753]
[45.79525267406892]
[38.21518063702065]
[42.01503088768688]
[44.195642935955796]
[45.10158500134811]
[44.19751033898445]
[42.9950965471841]
[43.85346520605117]
[45.45315669240171]
[46.291507313216165]
[39.67084148790718]
[50.577735531496515]
[44.85341886698173]
[37.45301512501861]
[36.518726421242434]
[36.470875928755774]
[50.77770522108217]
[36.574851484308056]
[46.65310542245149]
[48.37736512808472]
[31.90073995998104]
[49.23378813189472]
[30.032428085955598]
[39.39532463388786]
[36.815193355510424]
[37.176680256928066]
[30.85245470712684]
[43.071511473038505]
[43.37746838672387]
[56.41593673058754]
[44.577507184818636]
[35.90867813611696]
[41.23266627289014]
[41.377307534006455]
[34.77688581816858]
[47.615472459837]
[37.795285585170156]
[40.615148934100155]
[42.27115459103799]
[37.614943402751095]
[36.99476789368291]
[47.433330155395495]
[40.99505549852664]
[39.69099606788647]
[38.139121394337664]
[38.357466209032125]
[39.41506161161445]
[47.07126579851463]
[39.41518583720278]
[38.77692044504663]
[33.13877728728712]
[38.41484368885991]
[37.21485149316792]
[33.19491541770714]
[45.033210631368675]
[38.815116818184265]
[38.215248769791806]
[49.4534045842001]
[41.39562643237442]
[40.03286107917252]
[43.97750390615039]
[51.95798761500323]
[28.832574495548783]
[51.75972717012306]
[36.232952866054546]
[45.433062416021436]
[39.67116216769508]
[32.97665338524008]
[38.290855298148614]
[45.177355939801394]
[45.03339458763619]
[49.07166421349339]
[43.215217239506444]
[50.03347313366258]
[35.17715875420789]
[45.25352986390736]
[45.671411845620646]
[34.89102496250975]
[47.77743645440592]
[45.77757960450016]
[33.594521920779556]
[48.43323099821349]
[40.815102813658505]
[39.67087814380189]
[39.490746636482484]
[36.17694152098158]
[38.17709375704641]
[47.395787528813564]
[43.21523780529356]
[42.61531442403126]
[39.270681385364384]
[41.27065488530847]
[38.21292897691225]
[39.871103074893824]
[46.17749474064754]
[42.25319109801078]
[45.39537924586226]
[38.159068103973276]
[35.79489667241453]
[43.8333026173596]
[43.25325451778784]
[43.57725544052429]
[40.93905316107203]
[37.994980130276275]
[36.33886511788221]
[40.014695907832724]
[44.509333298953756]
[28.852747244330054]
[36.99511081076762]
[33.68863560590097]
[40.7013556833512]
[31.900826480029103]
[40.79536608904671]
[51.63361779401968]
[47.85334020045057]
[40.671029034468575]
[42.053019543312594]
[45.03318268172626]
[46.43345269745106]
[43.83339793264498]
[41.50103136884823]
[38.55730612261956]
[44.577411210070565]
[37.99523984546307]
[36.595089936415896]
[48.377582636228006]
[46.21563212229882]
[42.852949976608386]
[46.57740427318159]
[40.43324965884042]
[38.19526811539263]
[50.5778518109407]
[40.81508357894251]
[45.815395844551894]
[46.21514959181687]
[53.071428727291924]
[42.85323725413416]
[40.01500150312367]
[37.29106147516776]
[38.81480599071175]
[41.63320469228005]
[46.61524701955508]
[45.757164575968666]
[37.79506670275998]
[43.09122069633953]
[40.232742487946275]
[39.27100241583502]
[41.23321572776568]
[34.45285452917975]
[39.25298389803538]
[44.17721737572567]
[35.39485236838782]
[39.85337448878496]
[32.3946164806214]
[45.339443590091705]
[41.615249749105836]
[36.633026780743485]
[49.415588888076606]
[32.832529322388865]
[38.25294351019845]
[39.033042140191114]
[33.19469211917128]
[47.271382930067254]
[27.776751320507735]
[35.72884924090933]
[49.77732363435988]
[31.41450167520904]
[48.39714982841088]
[32.63275025548615]
[46.8155002579386]
[31.070664101945518]
[38.97710881979491]
[41.87087324466787]
[45.015533707989874]
[46.633487920012136]
[48.05345193896852]
[42.89167510277444]
[40.9771476622291]
[33.41464372297035]
{"nsims": 510, "queries": [{"mean": 41.5688372265897, "std": 5.662003390950116, "radius": 0.4925689538170642, "line": 2, "column": 1}]}
