[10.02999007252036]
[13.842198044321389]
[11.160680316295874]
[11.598314017481316]
[9.988678559898297]
[12.733301143999931]
[14.178198017004192]
[10.016449637774704]
[9.445403703306637]
[12.608156040508549]
[10.58569493594178]
[10.74195001161788]
[9.898203055379401]
[9.890485327136018]
[10.3319200098945]
[10.198594622689741]
[13.743818166007339]
[9.168850037682322]
[11.84175908073535]
[12.445713899658037]
[11.553203067589502]
[9.644622467722009]
[10.43714724960131]
[11.898828971849056]
[12.052921785052078]
[9.864153135256638]
[11.40571541104393]
[10.536781723452272]
[11.48871769197328]
[10.490341022679841]
[13.061923167622048]
[12.499761261181744]
[8.85134890292625]
[12.3955203469259]
[10.913645758810999]
[15.437769704065737]
[9.70468518018387]
[10.150903538315449]
[12.580774762804623]
[12.94841454355895]
[10.872272175619251]
[10.21485875263329]
[11.053555209450014]
[11.054472742197255]
[9.787772592579365]
[12.082460496671652]
[10.963297412547716]
[8.170679525331494]
[11.638983637223369]
[10.447926717982183]
[9.926511261119426]
[12.2276442842932]
[10.777590016881582]
[11.333025816748343]
[14.312061709831701]
[13.059722436788842]
[10.872640520811398]
[10.360127776992258]
[12.317158004622163]
[11.537098811873003]
{"nsims": 60, "queries": [{"mean": 11.256256638244444, "std": 1.4467859047259413, "radius": 0.3737444302819911, "line": 2, "column": 1}]}
