[25.213354771514428]
[24.013615207104596]
[30.413446141453935]
[31.413389886042516]
[27.01307698259355]
[27.61352753057622]
[20.013145567116194]
[24.813380094030677]
[31.013570513948316]
[22.613135637285495]
[25.613522637755693]
[25.413400604066418]
[28.013616283266032]
[28.213422135552154]
[24.61336689456841]
[27.413726223991617]
[23.21320769607061]
[23.4133255642443]
[23.81298853032873]
[23.013402295754222]
[22.013138606968315]
[22.213139039235948]
[22.813232575216716]
[23.413174299629794]
[28.013250411469144]
[23.01322787562177]
[24.613122281309845]
[27.413279596677828]
[20.613134673639518]
[19.613090931552517]
[24.213447757802797]
[26.613299363374864]
[26.81338481357477]
[16.812862445113975]
[23.413153863396996]
[32.413656561026386]
[17.61282353199628]
[23.6132126143557]
[21.01323892474886]
[21.013033283316197]
[27.413090597936584]
[22.21310480958523]
[19.01304303714131]
[23.413187343967625]
[26.2136324413858]
[27.213470598509684]
[23.213064222982617]
[20.01307080615384]
[24.413271121286428]
[26.213395467494664]
[26.81359633289405]
[21.61314419097451]
[30.21371799675555]
[29.41369971676812]
[24.013498118328652]
[22.812918569697846]
[29.61345337921436]
[24.613482631111424]
[25.81334018280773]
[20.21290293227005]
[22.813093344069202]
[30.213670827522186]
[27.613205850317417]
[26.813309890575706]
[22.813085586894058]
[23.61329578533857]
[24.213037849759033]
[26.213309754709396]
[21.613086257048057]
[22.813153553942648]
[21.013197763931142]
[22.612993459361537]
[23.613254765763156]
[25.213422657999583]
[24.613292980333625]
[22.41313088557629]
[22.813186810183222]
[25.813153999374283]
[24.413573692712635]
[24.81333331107191]
[25.613305423809056]
[23.8132081072884]
[21.012997088656086]
[25.21350091445297]
[23.813282112710883]
[22.413150741854412]
[23.6132496971251]
[27.41372245607703]
[26.41341199109805]
[26.613133632161627]
[20.212844987400082]
[24.813320880763907]
[23.41314154214232]
[26.01309399400617]
[21.613106456362235]
[22.61309817364147]
[23.21334220646591]
[27.013326111495225]
[28.813379109961502]
[23.013100955574362]
[27.413245063616547]
[23.213212473015545]
[22.81334436474316]
[22.213303707993052]
[27.213262339125734]
[19.6132236853482]
[26.413478393289648]
[25.81334282641707]
[27.213492135251798]
[27.21348240418805]
[24.0132312031551]
[25.813259713270927]
[25.61313708690617]
[26.013282961400506]
[28.613333262236726]
[22.613151678950604]
[22.01304924255689]
[21.412968668769025]
[22.613124251898874]
[23.813122331390097]
[25.01318153811685]
[26.41369454778567]
[35.61404638668491]
[22.213244354030877]
[24.61321042928095]
[25.613507100901806]
[21.612939260945776]
[21.01316301175044]
[15.612671237336261]
[27.413346143359814]
[22.813241170541538]
[26.213524856471473]
[22.813209984853508]
[22.01315040421268]
[26.013298834231996]
[25.413643102751244]
[23.213361560114535]
[26.413493555887342]
[22.41307428851359]
[25.413330615704943]
[25.01287679256853]
[25.413327153152736]
[26.81347305152049]
[21.8130542765405]
[22.21340522985061]
[28.21369972953576]
[26.613529277068874]
[24.41311578526999]
[21.813024634708952]
[26.6131651014103]
{"nsims": 150, "queries": [{"mean": 24.5319411064181, "std": 2.974870792873636, "radius": 0.4799680346431628, "line": 2, "column": 1}]}
