[1.3517763909210463]
[1.311751488715612]
[1.3316962877686103]
[1.3316504173049037]
[1.3116721680122154]
[1.3316693026415067]
[1.2915740975126666]
[1.3117595512584637]
[1.3117124707899586]
[1.3116913000851311]
[1.331750279295814]
[1.351748971088075]
[1.3317580607111612]
[1.3117581976504025]
[1.3118193370874507]
[1.3116570658003104]
[1.3516550016984659]
[1.3317466117146086]
[1.3516295678545935]
[1.311734972830831]
[1.3316941327742873]
[1.3116266286274962]
[1.331704048214549]
[1.3116555903573697]
[1.3517578573931828]
[1.3115898096486847]
[1.3317037149990005]
[1.2917483462061568]
[1.33161207675579]
[1.351772818561575]
{"nsims": 30, "queries": [{"mean": 1.3250358854759974, "std": 0.017693249864164696, "radius": 0.006606768078473515, "line": 2, "column": 1}]}
