[27.427250046064753]
[22.02674248681628]
[16.22681951221091]
[27.22715050275441]
[21.627212827623783]
[26.02699085893099]
[31.22728103447826]
[29.627382137129]
[25.426885591620398]
[27.627205940276813]
[20.626907381008028]
[22.826943634124177]
[21.22668521651242]
[24.026917445520972]
[29.827047597739064]
[28.02706975010298]
[29.42727506803032]
[31.227116779564703]
[25.427040761047063]
[24.826747971428077]
[29.427042460843502]
[32.427202362845215]
[26.62731298916235]
[16.826807133091982]
[22.827004098620346]
[15.226512461978608]
[20.426926723515866]
[23.026918055622847]
[20.427120316265782]
[20.226785989775955]
[16.426682262451337]
[33.82724511865871]
[27.4271547434576]
[33.42717575332287]
[21.42682024671039]
[20.027062305741296]
[28.02711132498141]
[22.427039274090312]
[29.627206986670306]
[18.02680129623164]
[22.827138760035268]
[23.0268849580369]
[19.826711311356142]
[30.42741573964363]
[26.626895023339717]
[25.826989009397217]
[26.027083549078917]
[27.827171921803604]
[30.82714520670445]
[26.426712835832145]
[20.22689155185598]
[22.827006875857773]
[34.62731300840731]
[23.826920722378084]
[28.027104019835377]
[27.227088774315664]
[31.027184773902377]
[27.227434454650425]
[28.227045809199396]
[27.026950918779857]
[26.82677340507048]
[32.02742260059883]
[30.227239520248364]
[30.627117686326375]
[31.627014908135358]
[19.826602403776292]
[34.22736515319794]
[25.226906787119383]
[33.02741686264955]
[30.027331689097323]
[31.627163634221482]
[29.027041652932297]
[19.426631725800092]
[20.826820925614644]
[30.426797219670604]
[31.226939116524534]
[30.427126931648786]
[28.027136433908314]
[32.22738077887344]
[20.026823618601078]
[30.227171805659033]
[27.827064471916454]
[29.02704723161482]
[18.42670562189605]
[20.626726472614738]
[28.626939287009904]
[28.227159918631504]
[33.027290544494086]
[25.827422459199514]
[25.22683888365331]
[27.427340943024618]
[20.426683613739193]
[23.02687050551037]
[14.426545193099981]
[17.02676684725564]
[26.427060126869343]
[23.02698289711208]
[21.8269139888707]
[39.22727391450069]
[25.62692142211999]
[25.227099814699322]
[27.62713768220983]
[24.427316866730553]
[34.026914767726495]
[24.42687506023084]
[30.027321276240265]
[27.22691000084369]
[22.226958222568562]
[20.82689310140854]
[26.026990812483163]
[25.026887889475052]
[18.026935881571625]
[32.227216685816735]
[27.02699248470292]
[29.0271104337014]
[18.826514624827222]
[22.426906577880867]
[21.426976722283946]
[27.82708333468387]
[24.227086960421502]
[25.426737876418063]
[26.027007959765474]
[23.027067289798563]
[23.626878251209316]
[24.627166626842396]
[35.22748646699419]
[23.626518252732364]
[25.427032834543535]
[29.027428229579105]
[33.82743544313788]
[24.227159435775572]
[23.426832954845732]
[26.627104403303846]
[21.62678579210053]
[25.227165873778038]
[23.226903064169388]
[21.42715264867492]
[20.827003804170204]
[24.426834704258297]
[32.22720081049931]
[26.626936657834435]
[21.426717166480735]
[34.62731296325842]
[22.02672061700593]
[19.026723354744597]
[31.02720185324734]
[31.42706457830075]
[29.42732047609721]
[21.626786695560064]
[31.427251618530555]
[25.427036256870345]
[24.02685977511899]
[22.62699000742094]
[23.626956979323147]
[31.027396208682262]
[29.22715318362708]
[29.22719182898752]
[24.026821662591555]
[24.0270170589834]
[25.027006572281177]
[20.22692138969914]
[24.426968807708562]
[26.826824859169438]
[28.027098096813088]
[31.62705315472737]
[29.82716388387146]
[30.22746321996669]
[30.627048272239403]
[25.82684603400915]
[23.027025880325798]
[19.426809565263543]
[20.826939531115237]
[21.026919364274082]
[25.42704282120202]
[27.42699781554589]
[31.227330330289625]
[26.027178942349597]
[29.027153599447544]
[24.82681943354384]
[25.426862100988863]
[34.027207334248395]
[32.227556822188646]
[20.62692829626085]
[22.427080012493512]
[27.426916741262986]
[26.82708003826898]
[20.426691146359385]
[22.227020280405387]
[21.026874375814867]
[28.62721693525118]
[29.427037083146807]
[27.22718875787742]
[22.226814987709275]
[27.827151028807986]
[20.626472669979975]
[23.227215533374665]
[21.82695123102839]
[23.227093820090282]
[31.227173932018026]
[26.02708410886067]
[30.427201651767533]
[22.426692542214287]
[15.626575260664776]
[21.426764833429104]
[28.02724704754725]
[20.226755636497703]
[30.02685174120443]
[26.826945558381137]
[17.22652381851651]
[30.62705675164418]
[18.226726751291686]
[22.226919035236463]
[28.627099344826412]
[27.227220189704738]
[27.027135237668553]
[30.627274271677024]
[22.426753121182017]
[34.22762334344799]
[22.42699369868036]
[25.6270388750359]
[31.62714712702207]
[18.626816003314108]
[23.4268672973263]
[23.22730491763705]
[27.426862599535603]
[24.22708132933993]
[31.427331822807986]
[30.42714022503037]
[25.426917403438903]
[24.22678250507069]
[32.627096054515754]
[31.027283663691783]
[23.826713407401524]
[27.827303236287595]
[28.22699688249914]
[24.02682619845733]
[27.226972729807283]
[27.227344389976366]
[22.22659750508734]
[21.026697563431096]
[23.827001994238582]
[22.626547664485383]
[30.227335370681903]
[25.826831016588855]
[16.226645242249067]
[23.427224623889714]
[20.42681461567523]
[27.42705859036065]
[29.42707129361719]
[23.4267757574402]
[21.4268977312686]
[24.426952637044597]
[22.42693340031184]
[23.62679373962104]
[21.626897681950435]
[19.026732783937206]
[28.227172733471544]
[21.026784230796714]
[33.027123506847126]
[19.22666614383294]
[25.827063913080234]
[29.02744185392493]
[20.62687617860433]
[24.22700755626051]
[11.826426798088706]
[16.626658983173012]
[27.627214838198885]
[29.02692814458749]
[15.826576037639633]
[14.826657903617066]
[26.627040837484174]
[30.62739642357087]
[23.026851543021554]
[30.227123825212306]
[25.827102369983535]
[24.026863323189485]
[26.827189460182307]
[19.426589107607153]
[24.627039239828445]
[22.826765165347116]
[24.82710541203588]
[24.426951651491006]
[26.427047563296373]
[22.627120595542106]
[24.826995409575918]
[28.027019971171644]
[27.02713585885866]
[20.226726470222452]
[33.627230732720754]
[26.827065613131747]
[22.02656872050727]
[24.026987466209857]
[27.627267598364945]
[20.22668045913632]
[26.426822842949623]
[27.62708411928155]
[26.426849583495546]
[24.226877419257182]
[28.026854071229423]
[26.227046717849422]
[25.62716353443598]
[17.62637578500414]
[21.42699959303456]
[26.227184401862697]
[34.42727090694121]
[31.22714181284602]
[20.226693659916567]
[22.82691472028175]
[20.42682468524138]
[20.626749505264453]
[28.227090781487544]
[18.626663172947065]
[22.22670232990379]
[22.026810458571305]
[27.62727994529321]
[33.8272644970096]
[27.4270228237748]
[23.02707222432233]
[20.226883593154163]
[27.22682334650625]
[38.827383214660955]
[31.027552397194043]
[25.42679097184302]
[27.826979029688026]
[27.627040388026074]
[27.027063006277796]
[31.027230769286177]
[22.226747979894082]
[21.426997561879706]
[31.427288077678668]
{"nsims": 330, "queries": [{"mean": 25.548215732830446, "std": 4.568260325449808, "radius": 0.49470071854091, "line": 2, "column": 1}]}
