[86.92620142550162]
[82.5260959457379]
[90.5268753522286]
[91.7265945288289]
[76.72594617043694]
[86.52647680183604]
[90.32676265895384]
[115.52708249644024]
[84.52665496268817]
[87.12591401600463]
[79.7256881358294]
[103.72719577893864]
[93.72648614492199]
[83.32586529249244]
[81.72642690615436]
[92.52675210490021]
[86.32580619609597]
[89.5263474332414]
[92.92662965911587]
[107.52714169321787]
[93.92674568894036]
[100.32670621638394]
[93.12677367416293]
[81.72619088977477]
[97.126777963063]
[91.12678221265456]
[89.12589337258466]
[84.32672220724443]
[83.32667641421902]
[81.5264925310207]
[83.72636937077293]
[86.12625272786816]
[91.12657144073314]
[89.52688829415945]
[71.72574251675275]
[94.72695380620378]
[80.12626598750634]
[90.32682551969859]
[96.52661049694721]
[83.726300575795]
[83.5261706144434]
[89.32636022202172]
[87.32628873685816]
[94.12651684492]
[81.12620556866536]
[86.3262285446712]
[83.12641889049654]
[107.92766975024249]
[83.32621233159449]
[99.12720028177533]
[92.12648713530292]
[83.52599518668143]
[92.32653169118616]
[95.925935528731]
[104.72722236951175]
[96.92685359410467]
[90.72698161144922]
[78.32592515325243]
[105.92780552184338]
[80.12607252164608]
[81.52644878166814]
[84.92625477668768]
[88.32630021985467]
[93.52678559190625]
[90.12639406596439]
[78.12599268172777]
[98.52698104547119]
[88.92688214637712]
[84.5267051299551]
[79.12622006359611]
[82.3261430861066]
[90.92620205422743]
[88.12655394171354]
[92.12702277232401]
[88.52627308529443]
[87.72617581392288]
[81.52600295655196]
[96.72687507324315]
[84.12613798365997]
[77.12651972518537]
[98.32693438733858]
[99.72739071123756]
[93.12686466893642]
[83.7262965210451]
[92.52680066018691]
[81.72633376913066]
[98.12687466111718]
[79.92639022337119]
[105.72755433065144]
[85.32635536851733]
[86.7265276594159]
[76.52571202133866]
[100.32717250048356]
[74.92602787318208]
[88.72633528679167]
[98.3265421419762]
[84.9261169612398]
[86.12609736665667]
[76.3262352018145]
[98.92706184789981]
[91.72622248524004]
[98.52646898512344]
[81.32601114638574]
[85.9264180319292]
[102.72724236533644]
[90.92670486053746]
[86.32636582555737]
[97.1268643510058]
[93.326778896942]
[83.32692653667627]
[89.52638110673624]
[96.72700864675795]
[100.52679844643792]
[88.72692277689387]
[101.52673183833517]
[87.92644239360979]
[75.52590870863648]
[98.12621546076065]
[98.72704634159152]
[109.7279907477491]
[86.52662702483943]
[83.12619099139752]
[98.92690559348968]
[90.12697532463655]
[87.12662024583108]
[96.5268375657125]
[92.32711022588943]
[94.72663801834221]
[96.32709432209802]
[97.726929661012]
[92.32592046303766]
[87.7263069463731]
[79.52577676635018]
[90.5266572416134]
[78.72609619836905]
[88.52630315549659]
[101.12678615725176]
[92.32693774074637]
[90.72637236431308]
[78.32602510812578]
[98.52707028620357]
[85.72669001175723]
[85.32615851272459]
[95.32686608765135]
[77.92583590854176]
[72.1260012433848]
[74.92598291902826]
[87.12623338016223]
[93.12680665800778]
[98.9269269367067]
[85.52605508806727]
[75.32615693233289]
[95.52656791286633]
[85.12626192198894]
[79.32613642657743]
[80.92621081890861]
[86.12656331505754]
[87.12620491789167]
[88.32661916715112]
[91.12663550485337]
[95.52724250704618]
[91.72696959849539]
[80.52599973548762]
[90.92625619079702]
[95.32673440001278]
[89.32712512060958]
[90.52680651473663]
[100.12672747624237]
[95.72665682467866]
[90.12610257339476]
[81.92653449207828]
[82.5262959522387]
[90.72673365046639]
[104.72688121939008]
[93.32676421426375]
[76.52617115496021]
[95.52671464056195]
[80.1261254022193]
[81.32594523141074]
[92.32638344164577]
[95.92747469609859]
[92.52658354864707]
[92.12652511559163]
[85.32637662536372]
[90.32641681768827]
[73.12587275179278]
[91.5261528303673]
[91.92622367677293]
[100.7273115463478]
[97.32760891099566]
[99.32704689246515]
[81.12619755483638]
[95.32677710441651]
[85.72602317729303]
[75.92600173353398]
[89.92654039530132]
[94.32684976700352]
[82.32601062260228]
[100.72723297987754]
[101.32664430093838]
[105.1275021144833]
[84.12620255397275]
[99.92756743511806]
[96.32704844127625]
[89.32663448054976]
[100.72679493201984]
[95.12651151525145]
[86.7263469393906]
[82.32645146463904]
[76.32544036281439]
[99.52682533290427]
[85.9263326617855]
[88.726836363534]
[91.72649415020716]
[96.72704633219898]
[85.12605352198516]
[94.72694772244301]
[92.5265039211277]
[73.72564696414571]
[103.12693807601714]
[80.12630174647451]
[84.9259816351109]
[92.3268240768377]
[78.92582688627412]
[95.52728918230805]
[82.72646290971211]
[84.72663126471853]
[94.72632601241114]
[86.12585845936005]
[106.9273519211686]
[104.92736083634223]
[84.52678113666046]
[80.52616876736295]
[94.92689469156622]
[91.72673724327534]
[86.72600412420583]
[85.52647411155067]
[87.32683027575945]
[72.32544740615623]
[88.12590328977066]
[94.72659745523008]
[82.3259406089238]
[94.12713238238669]
[85.72641949970892]
[105.3270420636278]
[71.72601430061107]
[99.32668936292256]
[86.32609394590101]
[82.72648562951774]
[83.72670104027087]
[76.72611405262913]
[88.92605826183953]
[68.52553449504444]
[92.72678519537051]
[80.32603865665453]
[79.12619903313868]
[83.12676428702595]
[82.72564991936954]
[92.12656416503197]
[90.12632594690493]
[88.92646789531064]
[100.52696462033873]
[76.52628658674192]
[91.52618598150625]
[94.92689380563735]
[90.32683334691318]
[79.1258873850164]
[83.72597074565115]
[82.12614165947738]
[100.32680606997559]
[85.52629933967117]
[92.72696410917983]
[104.72709008678459]
[97.12724026121886]
[88.52641879980074]
[99.12672821613943]
[82.32609038825316]
[81.72612549981592]
[104.32736360671674]
[79.12647289417234]
[97.92683844687397]
[89.72684421489744]
[81.72677532420974]
[98.52745255675455]
[92.72670169122873]
[85.5262545099395]
[77.52580096345882]
[91.32643901186837]
[88.72681103084409]
[93.32618737337276]
[81.72582964320286]
[89.52622065359603]
[91.72653792341708]
[83.52596878672843]
[95.52629036660709]
[88.32580493531525]
[85.72675466396252]
[85.12591800305002]
[79.92628556709356]
[101.7272440295046]
[93.92684492434609]
[80.72608115745103]
[91.72684403649428]
[88.12640870552654]
[87.92636794739401]
[98.32695086384113]
[93.52614479417072]
[92.7266772706029]
[74.52612211197518]
[81.926229349133]
[76.92604811023871]
[88.32677206608828]
[108.72716111599705]
[80.12651791149466]
[88.9269621991992]
[86.5268281415895]
[95.12670477262496]
[96.72652307723145]
[96.92687265743892]
[85.52642800807125]
[83.12663521734281]
[86.72612579412245]
[84.52619976344867]
[95.72661568089637]
[100.52694051044037]
[88.72675516526819]
[86.72640143903594]
[84.72626879936585]
[82.92634886181668]
[77.3264910779129]
[98.12625706371162]
[97.72673048008717]
[87.32648406314627]
[76.9262854135278]
[100.32651948128961]
[93.72688035744201]
[80.32616355988789]
[90.72713077419041]
[78.5260630519286]
[103.32708970191217]
[90.92683384355638]
[87.32659896902786]
[94.52648284542322]
[80.52617034807483]
[99.92685979531214]
[94.92686078366607]
[80.72625173277991]
[104.92665204378348]
[102.5274941401018]
[80.12581566407792]
[86.92630389733954]
[87.92664164099797]
[88.32680283797093]
[105.32733010159407]
[86.32618039351706]
[94.32689059750328]
[83.52618359621925]
[88.12637573518953]
[91.12640320279195]
[88.72640549873189]
[97.92639467277442]
[89.12641807631435]
[86.12650591464804]
[87.12624401937883]
[93.72684820063932]
[79.92593084586501]
[84.52633092458028]
[90.12659646453945]
[88.92646943787949]
[106.12740810173023]
[95.32684825936256]
[95.12621702360889]
[74.32595492216079]
[85.32656484737]
[81.12629550185044]
[88.72656563302012]
[85.1265631344899]
[98.72681676739451]
[100.5271166073496]
[88.52650528604741]
[106.92677009505198]
[93.12673464480419]
[83.72667450790267]
[85.12633017631443]
[83.32593993932228]
[92.32612215068738]
[73.72566392497858]
[98.3273002350196]
[98.72696422646979]
[88.72647923807638]
[93.52696608854545]
[82.92590385634554]
[82.92609290740646]
[81.52640742042199]
[84.1263352760645]
[96.92719303817239]
[99.1264169684582]
[96.52641945133985]
[75.52583902192697]
[90.52664119360048]
[97.72703948776797]
[89.7264559857778]
[95.72674989465352]
[97.92706980975703]
[85.92622130148209]
[89.9265769964476]
[98.72692335679697]
[75.92594387947351]
[93.52643303085961]
[83.72618254936988]
[88.52665251742401]
[85.52615417915469]
[81.52610033781069]
[80.12623030361475]
[92.92639245436601]
[86.32605188299758]
[82.12601271477187]
[85.52648827124216]
[90.32614984200036]
[93.1268615693473]
[98.12700315869867]
[91.92663577139335]
[99.52696716270782]
[91.52652925299776]
[90.32613865916231]
[76.32601068562144]
[85.52657307234324]
[94.52640761314919]
[90.92654634552741]
[89.12638206399704]
[93.92641088988596]
[89.52641319142032]
[104.52679741065081]
[78.32613059156796]
[82.32626007431723]
[78.7261726089974]
[78.92650690803343]
[85.92620321041976]
[94.72691467821176]
[88.92694707761808]
[85.52661352137191]
[99.72658202047234]
[88.3264744262745]
[91.52632376567884]
[73.52590637751483]
[99.72716316979175]
[91.72685396840416]
[95.52702155908436]
[81.72608441651353]
[98.72681572984752]
[92.52675276253821]
[84.12639469053248]
[88.92670375275267]
[92.72628148030435]
[80.72638534642913]
[87.92635743278599]
[80.52585811562481]
[95.92666406818378]
[85.52652561884759]
[98.72691741072519]
[87.52659833549184]
[76.32600005309213]
[90.92670678354378]
[102.32699286359568]
[96.72674231082617]
[81.12601965025245]
[86.92629370395166]
[81.52642910260899]
[86.72635758570014]
[88.12644033330174]
[92.32632847831798]
[94.32698468302449]
[80.12588372773168]
[77.52595331496055]
[90.32659533218403]
[97.52620329738384]
[84.32596502057606]
[80.92639409814356]
[80.52617151442823]
[93.12633284677078]
[85.72649460172597]
[87.32644609564774]
[85.7260033844125]
[81.92595496160044]
[86.32644219037977]
[95.72701238539027]
[91.32660590419147]
[66.52538536251241]
[85.52594873030357]
[103.727407291405]
[101.32703782021467]
[90.12665499355793]
[89.3269712453014]
[86.12597127596229]
[95.3263498774832]
[100.52697672531535]
[84.32618626052455]
[94.92679396624321]
[91.12670275870545]
[87.12637070107384]
[88.5268659217946]
[80.72626275425775]
[91.5261623396774]
[89.3263875991477]
[95.5268010991968]
[106.12705231518632]
[77.12566587326724]
[77.12585068654063]
[82.9262065274873]
[82.52578886989217]
[92.32678140447359]
[71.3256248066844]
[83.52614221826217]
[83.92627041867443]
[99.5270048828506]
[95.12654987898274]
[72.72548858754719]
[84.72617870191388]
[84.12613459488739]
[90.92696047296933]
[80.12614589034581]
[93.12637426202194]
[107.3277926342334]
[86.5267221878506]
[77.1262900947017]
[94.92616773615696]
[108.9278258862474]
[93.92702834196137]
[79.92637195116387]
[85.32648490677336]
[89.12646068529838]
[103.52656424531422]
[97.9264826666082]
[84.52668661957713]
[87.32644771600572]
[84.72609949821155]
[102.72735332460849]
[87.1270794915223]
[90.72635844120467]
[90.12662486450556]
[97.32686356808196]
[91.92593795725467]
[93.32657168239713]
[104.3273326636254]
[95.52722329133023]
[82.12652150656753]
[77.92605500514733]
[96.32666841226477]
[88.7265156933767]
[98.9271764025666]
[84.12618752520251]
[82.72676968590935]
[81.7259191764563]
[84.3258919642861]
[83.92652310130934]
[81.32606549884969]
[81.92607107151825]
[83.72642566417352]
[97.72701935060354]
[87.1262301020777]
[98.32634327605064]
[84.725616237827]
[92.72656468430706]
[86.32641489715643]
[84.12652592424577]
[98.32668308948021]
[82.52622052564061]
[90.92706349607566]
[93.12716092942033]
[101.52716353211846]
[88.72664132069676]
[95.92648709199902]
[93.32651139124626]
[90.32693847069102]
[76.32599445113232]
[77.92558499716428]
[81.12567263713838]
[101.32705105702098]
[86.12646454347275]
[83.52639698633104]
[92.52700956215882]
[101.72754159708296]
[75.72575607003655]
[97.1268890882831]
[99.52661229501858]
[84.72674604352463]
[92.5267500583774]
[84.9266381227602]
[82.72628377215189]
[85.92656533210986]
[81.72632253336775]
[91.92655932415602]
[94.92706445154538]
[83.72641581559728]
[82.1263671563854]
[90.32724220840927]
[86.72689721266475]
[82.12632877266543]
[88.52663229156485]
[71.12555704300328]
[99.12691821313703]
[91.12673828406243]
[106.12690207629707]
[84.32658253581205]
[84.72650318240302]
[82.52664847187916]
[100.92702633186985]
[73.92568065540938]
[97.92691457984269]
[93.12674577643764]
[88.9266107681052]
[90.32665213664468]
[88.52653541152053]
[69.32581505609433]
[90.72620282214511]
[78.92631107929485]
[80.32661795532775]
[77.92603216806744]
[85.52635966392153]
[97.92716780776897]
[88.12634512927067]
[86.1263092667452]
[82.526479686797]
[103.12729910572367]
[92.72670975303315]
[97.72688711152846]
[90.92641920264681]
[86.92628292665414]
[74.72601765831148]
[85.92647652423946]
[97.32680664178817]
[83.9263424732619]
[121.9270928154563]
[93.92641746979176]
[83.32638448111867]
[99.72693833489478]
[87.9261001556321]
[86.72652581858586]
[94.92692589520011]
[77.32603304974656]
[91.3260301635968]
[95.72712637757746]
[89.72650187707153]
[96.5267508300633]
[103.32701069057444]
[111.52679454628829]
[94.12622207688831]
[88.72654086722308]
[102.52725284389497]
[108.12740660465596]
[85.7261664365549]
[99.7269131348211]
[85.32641464698663]
[92.72647769876372]
[89.72710224375584]
[82.72601495084746]
[82.52639909622535]
[107.52735650082897]
[87.52608671714196]
[86.92647556651588]
[83.92645504350969]
[89.32664410560287]
[89.32648616498645]
[89.32656630054079]
[89.12648751229798]
[92.32665921597784]
[104.72688005822911]
[104.52752058784559]
[95.92657469648533]
[78.12611060887656]
[97.92717817510939]
[92.92682419839805]
[90.12621773407558]
[82.92660122643856]
[98.12711305525701]
[96.72675596430723]
[92.72682406269087]
[93.12677785329872]
[85.92647078599414]
[80.1261638335328]
[80.72624696028598]
[104.927180777737]
[87.92674061183945]
[94.5269700910699]
[84.52606886401132]
[82.32605952929491]
[91.12709521861231]
[90.32577511689013]
[81.32641476562327]
[80.12595237056303]
[76.72554080208]
[92.9265441294726]
[86.12651703665216]
[91.32670831861444]
[89.32674543939206]
[89.12620339217081]
[90.32638793860134]
[89.92667408399696]
[90.92642169856148]
[84.12647711247043]
[89.12696043542427]
[80.92642945767541]
[84.32626898405722]
[92.32641989208015]
[69.3255306264122]
[95.52679516462447]
[95.92683616555317]
[107.72753051999133]
[88.12672064502463]
[85.3261263035694]
[91.52661242968742]
[87.12633195962104]
[97.3265285731827]
[93.32707705536957]
[94.32642516935367]
[78.92566234434896]
[77.32600314452918]
[90.52585079249663]
[109.5267988675252]
[85.32620893680817]
[90.32645238309748]
[81.32633238934602]
[92.3268769701503]
[90.72668037868746]
[93.12616964125911]
[71.92583113626775]
[84.12596830482897]
[92.12627635405632]
[90.32636237818699]
[96.92691436216022]
[90.12648070260101]
[87.72603873925132]
[97.32682485558986]
[94.72713100090841]
[99.52719881960593]
[92.12660896272816]
[95.72696301067195]
[80.72592360078072]
[90.12649811107703]
[91.32693939207203]
[91.72680940165364]
[107.12744677452132]
[85.9266793129511]
[82.12623201862836]
[86.12638181990474]
[81.32593863848041]
[73.32581381678541]
[78.52642106388132]
[90.92656337885919]
[90.32666392864776]
[87.32621940904319]
[94.32662272382738]
[100.92663622661472]
[98.72741770939594]
[91.32685855912524]
[84.52606915219222]
[89.1263235387418]
[98.12726951342623]
[95.52705337887144]
[91.12662551965116]
[96.52703724286692]
[88.72656255742213]
[81.32616712085057]
[73.72586078151565]
[91.3262848442278]
[90.72646610593843]
[100.32719977507313]
[92.32654931399037]
[97.32682513014517]
[85.12599863347143]
[87.72677407460581]
[82.12574617941435]
[91.52629334869803]
[107.92768102489349]
[72.12590044308583]
[100.52693710923829]
[102.12744257852223]
[94.52652420821492]
[96.92718746280734]
[88.1259063137539]
[90.32693661661007]
[90.12676785449015]
[95.12662750899892]
[91.52680686946655]
[84.12611257651167]
[87.52689513705282]
[83.72639875175604]
[94.32697237911401]
[100.32713954560737]
[109.5273539110448]
[93.72693736032824]
[90.72662282810559]
[83.72605130164514]
[87.52665962016717]
[94.7262851310398]
[77.72584398232392]
[80.92639341947577]
[90.52620223021411]
[75.52608347560326]
[85.52643378633209]
[90.72661825140685]
[85.92634689201425]
[93.9265213030283]
[100.92722471629078]
[75.3261959359168]
[96.52664757361494]
[87.92645966621635]
[84.32663197159982]
[100.92680762655081]
[79.92623415360704]
[83.32636398482619]
[83.72564899383808]
[81.1260111467843]
[89.12660919989212]
[83.32601858556482]
[86.52627001427133]
[94.92597661669053]
[78.52569214034224]
[86.9264741135429]
[85.92649718464702]
[101.9270424762779]
[84.5258918826246]
[83.32613490182207]
[78.52606998511565]
[102.12715959673646]
[84.1258455633002]
[89.32645624875272]
[83.52572358886684]
[99.72701964668586]
[91.32645729004221]
[77.72626368889006]
[79.52602623292661]
[85.32671742540967]
[91.92605662891243]
[78.52628707571077]
[99.12638871974963]
[86.72670288262863]
[89.7266580621158]
[84.12620498174317]
[104.3275525820782]
[83.92611123211456]
[95.52640643625887]
[88.12637106313615]
[85.92633279495388]
[88.32684281085368]
[92.326456888993]
[97.72649295398153]
[80.32598833805724]
[80.32613238027001]
[93.72687799922603]
[93.32677206949067]
[85.52629270936858]
[90.52649394784464]
[76.32626721596708]
[87.52611138799405]
[107.32703704628489]
[110.92707127598466]
[73.7258381456061]
[96.12681635656281]
[92.32677305428992]
[84.12639039305176]
[97.72701892892378]
[86.52660651070964]
[76.92585620508696]
[81.92581069396766]
[89.926505244388]
[89.92653286065934]
[90.92629876820774]
[85.12613978831054]
[84.9260797413125]
[95.92613156632441]
[97.12682966346988]
[92.92733650796795]
[98.52675725607787]
[90.72694401226182]
[96.92674754983881]
[84.12657534313713]
[95.9265864357484]
[98.32678815381222]
[78.72627341536841]
[92.72672273599996]
[93.72581660161752]
[99.3273413064004]
[89.32674614097658]
[98.92680835063682]
[109.12731601336571]
[96.32674208191119]
[96.12689846042147]
[85.52589109758345]
[77.52594248697788]
[95.12612491867874]
[83.72606111001652]
[91.3262731022972]
[79.72629461181835]
[79.1261101673411]
[78.52617331390866]
[91.9265596364563]
[87.32652547260011]
[88.72684213333413]
[97.92698013457229]
[85.92632152514497]
[92.32657548364872]
[85.52632661010117]
[78.92595672224677]
[97.92687217977196]
[88.32660285826866]
[88.72659956386285]
[94.92699259593643]
[85.12669147533653]
[105.12753595899486]
[93.92673694828228]
[89.5265088422261]
[82.72651079926449]
[83.32646995267875]
[100.12678940581156]
[92.72673507862312]
[86.92625917036142]
[81.92597461856666]
[84.5261955750247]
[103.32662009278805]
[96.12648070360719]
[85.12622643562923]
[87.5266448091948]
[79.92619493601761]
[96.92652412218187]
[83.32651932591548]
[85.12662072335912]
[82.12640040985282]
[81.72579256750953]
[94.12648163351525]
[94.92675098854832]
[90.72643127296445]
[90.52676054946895]
[89.72648145067029]
[89.92665341301502]
[83.32628191841529]
[84.32631249804564]
[79.9261240422063]
[96.52671839471074]
[90.72689853176765]
[85.12683242982308]
[81.3263286946499]
[82.92607505651738]
[72.92621119276508]
[88.72630668277674]
[91.32619942698827]
[90.72636564102703]
[87.12649107997987]
[84.52624507014967]
[107.92729841077123]
[89.72668183432329]
[80.5258713577094]
[95.12671251658934]
[86.72629054605684]
[101.9268536153241]
[83.52621172663216]
[84.52613886688098]
[85.12586437735833]
[97.52706375090192]
[79.12655508898841]
[89.52599977116196]
[98.12689715881126]
[87.12637745952166]
[92.72623975097227]
[95.32642158994275]
[94.3265543481373]
[80.32631042700295]
[102.52699479361198]
[88.92671694698208]
[85.12606136365577]
[95.326304999165]
[83.32627713339235]
[101.92665435367523]
[88.12660027332124]
[75.92632387891301]
[75.3264577740441]
[95.92650258136699]
[98.12710335717598]
[80.1261913107418]
[92.92713745844321]
[76.92601836643303]
[91.7267371137951]
[94.92645520793275]
[98.92685766434307]
[88.9269017141739]
[80.12625600697166]
[83.92632532211701]
[85.72654961760014]
[93.92702767579843]
[93.12634165999437]
{"nsims": 990, "queries": [{"mean": 89.42287704781364, "std": 7.966646817072052, "radius": 0.4968643912871253, "line": 2, "column": 1}]}
