172.83246859361162 43.18054391474365 3.0 2.0 2.0 1.0 4.0 5.0 0.0 1.0 4.0 4.0 2.0 None 0.0 5.0 110.16227621223095 94.50109212967868 86.46395675803689 72.4066385524988 134.93260979871212 176.37368056023587 14.312897280438449 58.1434913948915 131.30257063539062 165.26990078360927 79.99991146735715 None 29.99991146735715 189.99991146735715 1.0 1.0 1.0 1.0 1.0 1.0 1.0 1.0 1.0 1.0 1.0 1.0 1.0 1.0
204.17420538444355 36.552119725152224 2.0 2.0 2.0 2.0 3.0 4.0 0.0 2.0 3.0 4.0 2.0 None 1.0 None 110.21740866129824 100.706821671726 89.41460439932251 69.98779770770187 135.20156945440232 173.29247147565934 18.76099702573015 72.09495994508768 129.6863158336841 170.46171703308494 79.99997141672605 None 29.999971416726055 None 1.0 1.0 1.0 1.0 1.0 1.0 1.0 1.0 1.0 1.0 1.0 1.0 1.0 1.0
201.1813120511457 37.09589088524636 2.0 2.0 2.0 1.0 3.0 4.0 0.0 1.0 3.0 4.0 2.0 None 0.0 None 109.80553134354955 98.53627208078302 86.65765779296385 68.25437647566872 131.1578952046973 186.16494435289684 13.975012178124302 65.65228542823291 130.67250945149158 157.95276386290777 79.99996215330327 None 29.999962153303272 None 1.0 1.0 1.0 1.0 1.0 1.0 1.0 1.0 1.0 1.0 1.0 1.0 1.0 1.0
188.92890387281273 39.501631815024474 3.0 3.0 2.0 2.0 3.0 4.0 0.0 2.0 4.0 4.0 2.0 None 1.0 None 115.656173112788 101.44485254818034 90.51495370251098 72.43267429444592 129.7277057693911 175.6538699914409 22.550746063185613 69.05017434087358 153.02246181513635 183.84294098733693 79.99993637775623 None 29.999936377756228 None 1.0 1.0 1.0 1.0 1.0 1.0 1.0 1.0 1.0 1.0 1.0 1.0 1.0 1.0
163.71113437039475 45.58639232878956 3.0 2.0 2.0 1.0 4.0 5.0 1.0 1.0 4.0 None 1.0 None 1.0 None 113.55678331338328 98.24392582353647 93.41113241905884 62.986055742873816 135.89186576252433 187.1237459422166 31.875326296419473 75.15375322620088 154.94693999520933 None 79.99995706839593 None 29.99995706839593 None 1.0 1.0 1.0 1.0 1.0 1.0 1.0 1.0 1.0 0.0 1.0 1.0 1.0 1.0
174.87103971525255 42.67716376680904 3.0 2.0 2.0 2.0 3.0 4.0 0.0 1.0 3.0 5.0 2.0 None 0.0 None 107.31020723479281 97.17984608376122 83.8370191895093 67.56034536116687 132.67595559684293 169.28022233208702 12.318119125351359 62.55195635239312 116.79029573133289 191.95308300617472 79.99998755513525 None 29.99998755513525 None 1.0 1.0 1.0 1.0 1.0 1.0 1.0 1.0 1.0 1.0 1.0 1.0 1.0 1.0
150.52196060275088 49.58080515371395 3.0 3.0 3.0 2.0 4.0 5.0 0.0 2.0 5.0 3.0 2.0 None 1.0 5.0 110.34269000943033 92.25333138183623 87.64256231710141 66.16448123324136 130.67357414201507 165.0180147212538 20.66356792871352 71.69416084620889 157.64720269563026 122.45539792510698 59.99995415503412 None 29.999954155034118 169.99995415503412 1.0 1.0 1.0 1.0 1.0 1.0 1.0 1.0 1.0 1.0 1.0 1.0 1.0 1.0
155.42648810892211 48.016268596186556 3.0 3.0 2.0 2.0 4.0 5.0 0.0 2.0 5.0 3.0 2.0 None 1.0 None 112.58356464128468 98.17429530494127 86.49933322197478 70.92608474936043 129.17437647374032 167.78513004974667 15.948683496514889 77.36469669547364 157.032034606202 120.3353818724267 79.99994919853685 None 29.999949198536854 None 1.0 1.0 1.0 1.0 1.0 1.0 1.0 1.0 1.0 1.0 1.0 1.0 1.0 1.0
130.39828294519305 57.23234870459706 4.0 4.0 4.0 2.0 5.0 None 1.0 4.0 None 5.0 2.0 None 1.0 None 118.9418590172479 87.95839599830293 91.96410870719478 58.61436471580288 136.31803070422313 None 28.086212693248342 89.06942531937085 None 144.27294861503174 49.99990867053771 None 29.999908670537707 None 1.0 1.0 1.0 1.0 1.0 0.0 1.0 1.0 0.0 1.0 1.0 1.0 1.0 1.0
156.24810754793987 47.76377850023054 3.0 2.0 2.0 1.0 4.0 5.0 0.0 1.0 5.0 5.0 2.0 None 1.0 None 115.75000580756307 100.47053507249558 93.28128517556831 73.68987980676468 136.58638831297787 167.41493887905523 16.80870480899239 75.85587257649485 167.2209960106449 172.88299718602605 79.9999107556726 None 29.9999107556726 None 1.0 1.0 1.0 1.0 1.0 1.0 1.0 1.0 1.0 1.0 1.0 1.0 1.0 1.0
169.1002512704065 44.13358314924082 3.0 3.0 3.0 2.0 4.0 5.0 1.0 2.0 3.0 4.0 2.0 None 1.0 None 107.28170047689525 103.14410720292773 86.26300772626138 66.77611703583955 139.41012532576417 188.10003725193184 21.955714883965186 66.77611703583955 108.53460759678052 147.47438733750244 69.99995568067283 None 29.999955680672826 None 1.0 1.0 1.0 1.0 1.0 1.0 1.0 1.0 1.0 1.0 1.0 1.0 1.0 1.0
167.54433914563776 44.54343272984469 3.0 3.0 3.0 2.0 4.0 5.0 0.0 2.0 3.0 5.0 3.0 None 1.0 None 107.24186380034706 97.91790461889212 85.68465362013472 67.54221124259885 131.29957842551687 170.63730882793237 24.634708938671736 69.29977327342164 122.71411701457748 194.61385550087505 89.99990660469751 None 29.999906604697514 None 1.0 1.0 1.0 1.0 1.0 1.0 1.0 1.0 1.0 1.0 1.0 1.0 1.0 1.0
205.6850474820617 36.28362922516702 2.0 2.0 2.0 1.0 3.0 4.0 0.0 1.0 2.0 1.0 1.0 None 0.0 1.0 108.3183786297891 92.15124425802139 87.2909626026979 66.35117569267993 133.05694866595047 177.71763236424886 19.26498409220244 71.49429444465807 128.20214421677707 82.3071860659947 49.999928155455166 None 29.999928155455166 59.999928155455166 1.0 1.0 1.0 1.0 1.0 1.0 1.0 1.0 1.0 1.0 1.0 1.0 1.0 1.0
142.0554337890976 52.53582915441258 3.0 3.0 2.0 2.0 4.0 None 0.0 2.0 5.0 None 2.0 None 0.0 None 110.26353311550037 103.69528413216676 88.1029321981473 75.35560146233149 127.86462211917132 None 12.415162490322075 64.1326264547323 161.22574492219206 None 79.99995491400887 None 29.999954914008867 None 1.0 1.0 1.0 1.0 1.0 0.0 1.0 1.0 1.0 0.0 1.0 1.0 1.0 1.0
152.52345286280587 48.93017998165131 3.0 3.0 2.0 2.0 4.0 5.0 1.0 2.0 4.0 4.0 2.0 None 1.0 None 105.42913759313177 92.11691171864567 82.33516868916831 69.51810740230661 133.34227581950864 173.4510226902401 22.097197012470644 67.67902602781174 133.31531604920497 150.60740326392448 79.99992927719063 None 29.99992927719063 None 1.0 1.0 1.0 1.0 1.0 1.0 1.0 1.0 1.0 1.0 1.0 1.0 1.0 1.0
218.12993362755412 34.21355279345886 2.0 2.0 2.0 1.0 3.0 4.0 0.0 2.0 2.0 3.0 1.0 None 1.0 None 108.82247282148694 89.31993859176623 87.09505510317024 66.14700279736178 134.4196822505284 163.8447453011953 15.150349592237092 74.21205388118273 122.47718717928154 147.1275621091196 49.99994334346843 None 29.99994334346843 None 1.0 1.0 1.0 1.0 1.0 1.0 1.0 1.0 1.0 1.0 1.0 1.0 1.0 1.0
171.88953794123796 43.41741847343435 2.0 2.0 2.0 2.0 3.0 5.0 0.0 1.0 3.0 5.0 2.0 None 0.0 None 109.18819565927106 98.38053297657774 87.25878922780413 69.37183059559266 134.58072082708378 178.57011683012576 13.010017011749483 56.91341316356778 126.25003481876706 180.25536391486287 69.99999403607438 None 29.999994036074384 None 1.0 1.0 1.0 1.0 1.0 1.0 1.0 1.0 1.0 1.0 1.0 1.0 1.0 1.0
198.4037132884958 37.615223406369246 2.0 2.0 2.0 2.0 3.0 5.0 0.0 2.0 3.0 4.0 2.0 None 1.0 None 112.17613229553427 110.6143711418556 89.28148801670551 84.83199400057214 137.4018588557994 199.1456147876766 15.423225667919553 72.26669544008018 130.76746998156693 166.61481695154532 109.99994298714677 None 29.999942987146767 None 1.0 1.0 1.0 1.0 1.0 1.0 1.0 1.0 1.0 1.0 1.0 1.0 1.0 1.0
161.2536171314407 46.28113237247122 3.0 3.0 2.0 2.0 3.0 None 1.0 2.0 4.0 None 2.0 None 1.0 None 108.67808606297342 100.80733646525846 87.6845386218111 73.94797917957874 131.9818764819513 None 27.214201055759816 76.8031008658819 153.02988627604685 None 79.99996845965074 None 29.999968459650745 None 1.0 1.0 1.0 1.0 1.0 0.0 1.0 1.0 1.0 0.0 1.0 1.0 1.0 1.0
166.62251576609987 44.789865077276566 3.0 2.0 2.0 2.0 3.0 4.0 0.0 2.0 4.0 3.0 2.0 None 1.0 None 114.34975674822437 88.64141995159963 91.80781525729611 67.26798233681671 134.36290241859962 161.80481036055545 23.984510363650145 81.1174722314621 151.8917731909716 119.50198417533824 69.9999856187303 None 29.999985618730307 None 1.0 1.0 1.0 1.0 1.0 1.0 1.0 1.0 1.0 1.0 1.0 1.0 1.0 1.0
172.52799460760116 43.256748082964144 3.0 3.0 2.0 2.0 3.0 4.0 0.0 2.0 4.0 5.0 2.0 None 1.0 None 112.58675610791778 97.09923863573431 88.09538206893001 74.67727639713524 137.22518280461748 164.83937513868165 12.600583964666896 82.54261059805737 150.75570927391783 199.62377513359178 79.99997762170443 None 29.99997762170443 None 1.0 1.0 1.0 1.0 1.0 1.0 1.0 1.0 1.0 1.0 1.0 1.0 1.0 1.0
163.0074752622474 45.78317643404685 4.0 3.0 3.0 2.0 4.0 4.0 0.0 2.0 4.0 None 2.0 None 0.0 None 115.70340202047277 90.27146471780708 90.62040354045752 71.73155634198827 135.71405974367013 161.64400670520365 12.384813453935521 76.39686881858859 162.141293811435 None 69.99997622031128 None 29.999976220311282 None 1.0 1.0 1.0 1.0 1.0 1.0 1.0 1.0 1.0 0.0 1.0 1.0 1.0 1.0
154.78510999506716 48.21523207392389 3.0 3.0 3.0 2.0 3.0 5.0 1.0 3.0 5.0 3.0 2.0 None 1.0 None 114.62421730493156 95.69782091058772 91.31640514085018 64.01865307737592 132.19120963346506 161.12763373950048 28.27919947355082 88.42082402774929 165.32740908872046 135.24260035041675 59.99995541709478 None 29.99995541709478 None 1.0 1.0 1.0 1.0 1.0 1.0 1.0 1.0 1.0 1.0 1.0 1.0 1.0 1.0
171.61392116760862 43.48714806598457 3.0 2.0 2.0 2.0 4.0 5.0 1.0 2.0 4.0 3.0 2.0 None 1.0 4.0 109.90851085188035 97.3441513758774 84.13429935794295 69.9909404850074 132.2725591576446 177.45469467830316 19.961300899871503 63.178035500389626 129.81654980200818 100.21005238670494 79.99991149407617 None 29.999911494076173 149.99991149407617 1.0 1.0 1.0 1.0 1.0 1.0 1.0 1.0 1.0 1.0 1.0 1.0 1.0 1.0
137.95831607065264 54.096050260413236 4.0 3.0 3.0 3.0 4.0 None 1.0 3.0 None None 3.0 None 1.0 None 117.13207379671252 102.43535883919884 94.16916654391542 68.80124857066653 133.91147219446043 None 24.97243153975836 89.34758601543967 None None 79.99990738206992 None 29.99990738206992 None 1.0 1.0 1.0 1.0 1.0 0.0 1.0 1.0 0.0 0.0 1.0 1.0 1.0 1.0
181.57933361941372 41.10049228202524 3.0 3.0 2.0 2.0 3.0 5.0 0.0 2.0 3.0 4.0 2.0 None 0.0 None 110.73034812124922 102.14595890937477 89.79291394482937 70.88872655282995 132.8637672442377 188.0802026297951 28.643403492007167 75.83489942826958 136.62356415820517 177.4593467491497 79.99994924016772 None 29.999949240167723 None 1.0 1.0 1.0 1.0 1.0 1.0 1.0 1.0 1.0 1.0 1.0 1.0 1.0 1.0
163.09740800434696 45.75793135719908 3.0 3.0 2.0 2.0 4.0 5.0 0.0 2.0 4.0 5.0 2.0 None 0.0 None 111.61141767374943 93.05264702692841 89.59132794539408 63.76338371306673 132.48338704310214 170.78684447457482 15.414043686531159 70.57886587860253 135.29793922951 177.4159179323109 79.99990654136894 None 29.999906541368944 None 1.0 1.0 1.0 1.0 1.0 1.0 1.0 1.0 1.0 1.0 1.0 1.0 1.0 1.0
166.06892761525916 44.93917138605203 3.0 2.0 2.0 2.0 3.0 5.0 0.0 2.0 3.0 5.0 2.0 None 0.0 None 109.73012577211068 97.47251865619057 84.44094367140616 69.25649869223969 131.1346840875737 171.57609815013274 18.091605550072188 65.52158693537717 129.8098615403336 176.99532085048423 79.99999609900459 None 29.99999609900459 None 1.0 1.0 1.0 1.0 1.0 1.0 1.0 1.0 1.0 1.0 1.0 1.0 1.0 1.0
197.33863665768627 37.81824039326725 2.0 2.0 2.0 1.0 3.0 4.0 0.0 1.0 3.0 4.0 1.0 None 0.0 None 111.42935200093069 92.83777370700955 87.27816017534872 79.99324278655962 134.90471433989705 165.9560864620861 12.923878270912894 72.46659711941095 153.1691800403854 165.1162543092504 79.99990815296542 None 29.999908152965418 None 1.0 1.0 1.0 1.0 1.0 1.0 1.0 1.0 1.0 1.0 1.0 1.0 1.0 1.0
161.8400780867342 46.113423128728286 3.0 3.0 3.0 2.0 4.0 5.0 0.0 2.0 4.0 4.0 2.0 None 1.0 2.0 106.96917171362065 95.16683394102677 85.39350672264823 67.2438822380546 131.2631142317128 173.10688237346642 13.566339359300002 65.85897551332948 133.2115652540806 126.1918347427229 69.99992254933608 None 29.999922549336077 59.99992254933608 1.0 1.0 1.0 1.0 1.0 1.0 1.0 1.0 1.0 1.0 1.0 1.0 1.0 1.0
190.45148536896625 39.185832473512875 2.0 2.0 2.0 2.0 3.0 4.0 1.0 2.0 4.0 5.0 2.0 None 1.0 5.0 110.69530928462183 92.65433696826841 85.4192424460075 65.21247773496941 134.5940240113353 165.34441841583345 20.712352150016386 71.1323841837181 147.60280867943789 192.8139581806684 69.99998512208481 None 29.99998512208481 229.9999851220848 1.0 1.0 1.0 1.0 1.0 1.0 1.0 1.0 1.0 1.0 1.0 1.0 1.0 1.0
156.61990569374433 47.65039263012457 3.0 2.0 2.0 2.0 4.0 5.0 0.0 2.0 4.0 None 2.0 None 1.0 None 110.43365724759519 99.28983442217145 90.59840920992133 66.54705402589002 131.78619552280702 178.38590029487386 25.258657956701143 81.23604640746532 136.6119995529583 None 79.99993199178294 None 29.999931991782944 None 1.0 1.0 1.0 1.0 1.0 1.0 1.0 1.0 1.0 0.0 1.0 1.0 1.0 1.0
146.75103535914616 50.854837117405545 3.0 3.0 3.0 2.0 4.0 4.0 1.0 3.0 4.0 None 2.0 None 1.0 None 110.24218569913637 83.15471512356385 84.98013528900344 53.03956508741868 127.14684937831919 141.67840682321895 24.066008547725176 75.1085585286599 146.74742434050654 None 59.99992374610298 None 29.99992374610298 None 1.0 1.0 1.0 1.0 1.0 1.0 1.0 1.0 1.0 0.0 1.0 1.0 1.0 1.0
187.00644819136306 39.907714799027346 2.0 2.0 2.0 1.0 3.0 4.0 0.0 2.0 3.0 3.0 2.0 None 0.0 3.0 114.1387027779034 96.52946351091106 89.49221089438066 66.4463632509736 141.44487950634874 169.34048869097217 15.388857386614518 75.23773396521693 137.259984965382 121.60491369607013 79.99995750783472 None 29.999957507834722 149.99995750783472 1.0 1.0 1.0 1.0 1.0 1.0 1.0 1.0 1.0 1.0 1.0 1.0 1.0 1.0
187.4403796807718 39.81532694668126 2.0 2.0 2.0 2.0 3.0 4.0 0.0 2.0 3.0 4.0 2.0 None 0.0 None 110.19880729178976 89.1847440599118 83.3187724525078 61.77297120877694 132.53347432093165 167.13157573421347 12.320074505876107 63.794803755901285 130.66092582942048 168.0833888204902 69.99990409561047 None 29.999904095610475 None 1.0 1.0 1.0 1.0 1.0 1.0 1.0 1.0 1.0 1.0 1.0 1.0 1.0 1.0
163.66807983132975 45.598384289050685 3.0 2.0 2.0 2.0 3.0 5.0 0.0 2.0 3.0 4.0 2.0 None 1.0 None 111.85964920158943 84.81176684964731 89.49380094825636 60.68965686703211 131.974307239606 166.4694730029123 17.81318185799887 77.26849886183675 133.45769585901553 149.7395720598596 79.99994057443996 None 29.99994057443996 None 1.0 1.0 1.0 1.0 1.0 1.0 1.0 1.0 1.0 1.0 1.0 1.0 1.0 1.0
191.7730172694355 38.915797990051445 2.0 2.0 2.0 1.0 3.0 3.0 0.0 1.0 3.0 3.0 2.0 None 0.0 3.0 110.4020873299005 91.81381094596861 86.25312782675525 68.65269088003578 130.6392484811101 151.66591821261358 15.419395875986481 60.02329943779796 125.0136159942839 126.85459822821946 79.99997307672373 None 29.999973076723734 149.99997307672373 1.0 1.0 1.0 1.0 1.0 1.0 1.0 1.0 1.0 1.0 1.0 1.0 1.0 1.0
152.03020905399092 49.08892809158503 4.0 3.0 3.0 2.0 4.0 4.0 0.0 3.0 4.0 4.0 1.0 None 1.0 None 110.2564378649763 89.49538786806215 88.25681891230664 64.94948762567452 126.0487877081863 151.08088146949325 20.965556309796682 85.4018540535236 134.00672593671493 131.23009938749186 49.99993144041093 None 29.999931440410933 None 1.0 1.0 1.0 1.0 1.0 1.0 1.0 1.0 1.0 1.0 1.0 1.0 1.0 1.0
204.9231959725882 36.41852238630076 2.0 2.0 2.0 1.0 3.0 4.0 0.0 1.0 2.0 2.0 1.0 None 0.0 4.0 108.70001536039251 83.52108313349606 86.77600846223629 63.57720144747486 130.85536440925813 174.63304734993352 15.405938214913135 78.83248620037506 123.66955158484365 120.89321596018925 59.99992327788186 None 29.999923277881862 169.99992327788186 1.0 1.0 1.0 1.0 1.0 1.0 1.0 1.0 1.0 1.0 1.0 1.0 1.0 1.0
163.73030766194182 45.58105403068715 3.0 2.0 2.0 2.0 3.0 5.0 0.0 1.0 3.0 5.0 2.0 None 0.0 None 106.58095071295469 105.36435143783052 86.05064730782681 71.3891383563676 132.17677436834668 181.82597993296963 15.449578995477054 58.919529214852616 124.21206085381436 168.7793221180376 79.99990038509708 None 29.999900385097078 None 1.0 1.0 1.0 1.0 1.0 1.0 1.0 1.0 1.0 1.0 1.0 1.0 1.0 1.0
160.21251121542429 46.58188017517016 2.0 2.0 2.0 1.0 3.0 5.0 1.0 1.0 3.0 5.0 1.0 None 1.0 None 107.90835061933586 98.23048879839246 86.98631852466781 61.80321674091118 133.60536058231907 174.5562578733202 31.4018446720043 72.06016453139523 122.50979291334761 181.95407743590795 69.99996277122699 None 29.99996277122699 None 1.0 1.0 1.0 1.0 1.0 1.0 1.0 1.0 1.0 1.0 1.0 1.0 1.0 1.0
176.60800226081943 42.25742834109205 3.0 2.0 3.0 2.0 4.0 4.0 0.0 2.0 4.0 4.0 2.0 None 1.0 None 113.9558719821062 81.22042512109817 91.0401718118228 61.18814570799634 134.49855547443974 150.86505294041018 13.86728453509022 75.81664177946175 149.29251869219934 170.0742103522153 69.99999117302173 None 29.999991173021726 None 1.0 1.0 1.0 1.0 1.0 1.0 1.0 1.0 1.0 1.0 1.0 1.0 1.0 1.0
179.65337529707955 41.541106520592706 3.0 3.0 2.0 1.0 3.0 5.0 0.0 1.0 3.0 4.0 1.0 None 0.0 None 108.31085869149143 100.92143113876955 86.59915654567163 66.84510284229043 134.3721072159408 182.70761559876462 17.18130716973718 64.58757873456301 121.36139113391016 158.92564824095166 69.99990116609303 None 29.999901166093025 None 1.0 1.0 1.0 1.0 1.0 1.0 1.0 1.0 1.0 1.0 1.0 1.0 1.0 1.0
159.96719837314384 46.65331440381673 3.0 2.0 2.0 1.0 4.0 5.0 0.0 1.0 4.0 3.0 2.0 None 0.0 1.0 113.71801317072146 90.10820956242048 88.99615401977138 71.18853385493458 130.75712385491227 165.16079873790676 13.812081668939811 70.36514685108716 148.74806837144786 130.25990903010165 79.9999323647366 None 29.999932364736594 49.999932364736594 1.0 1.0 1.0 1.0 1.0 1.0 1.0 1.0 1.0 1.0 1.0 1.0 1.0 1.0
143.22037415408522 52.10850791362163 3.0 3.0 2.0 2.0 4.0 None 0.0 2.0 4.0 None 2.0 None 0.0 None 111.85995100313346 103.4720072068273 88.79100470522809 72.10955362955536 130.88503884189362 None 15.428774293185256 65.1234036735292 143.183539181002 None 79.99996793316842 None 29.99996793316842 None 1.0 1.0 1.0 1.0 1.0 0.0 1.0 1.0 1.0 0.0 1.0 1.0 1.0 1.0
158.81679453020178 46.991251914360866 3.0 3.0 2.0 2.0 4.0 5.0 0.0 2.0 4.0 2.0 2.0 None 0.0 2.0 112.75163774069131 100.61920530811528 89.78972970595424 68.05210960606684 132.48122705578595 181.90196519484914 17.295938529290822 75.25822190792405 130.7714886105107 73.3481082349088 79.99990837034045 None 29.99990837034045 89.99990837034045 1.0 1.0 1.0 1.0 1.0 1.0 1.0 1.0 1.0 1.0 1.0 1.0 1.0 1.0
179.2280751134818 41.639681703185474 3.0 2.0 2.0 1.0 3.0 4.0 0.0 2.0 4.0 5.0 1.0 None 1.0 None 110.82014233167439 86.99785205511279 89.4999157136441 53.71339209552093 135.37990525054045 153.27088668067427 15.325463589315746 72.14177756858442 139.00088892793087 182.45008771329395 59.99993656273989 None 29.99993656273989 None 1.0 1.0 1.0 1.0 1.0 1.0 1.0 1.0 1.0 1.0 1.0 1.0 1.0 1.0
160.30812927062016 46.55409575269588 3.0 2.0 2.0 1.0 4.0 5.0 0.0 2.0 5.0 None 2.0 None 0.0 None 114.1361912272049 86.41248751120065 93.23307888282557 64.92120367502656 131.88603252407216 160.77378185602163 20.278518651374554 80.8840176392851 161.79971827689252 None 79.99998616888348 None 29.99998616888348 None 1.0 1.0 1.0 1.0 1.0 1.0 1.0 1.0 1.0 0.0 1.0 1.0 1.0 1.0
167.83177435271074 44.46714591907942 4.0 3.0 3.0 2.0 4.0 5.0 0.0 2.0 5.0 None 2.0 None 1.0 None 116.87212567975791 105.17665719595095 89.43043339169469 73.54579820104675 133.4877227887913 184.6156038787306 15.230305637453625 76.4411842687096 172.00043416837576 None 79.99991327391177 None 29.999913273911773 None 1.0 1.0 1.0 1.0 1.0 1.0 1.0 1.0 1.0 0.0 1.0 1.0 1.0 1.0
152.17484558062148 49.042270892571004 3.0 3.0 3.0 2.0 4.0 5.0 1.0 3.0 5.0 None 2.0 None 1.0 None 111.06353120109969 84.25579063588464 87.91894574405438 57.272253683610074 131.79288609350522 161.09503043466606 28.847263985917948 84.25579063588464 153.7935799567383 None 49.99997156047789 None 29.99997156047789 None 1.0 1.0 1.0 1.0 1.0 1.0 1.0 1.0 1.0 0.0 1.0 1.0 1.0 1.0
177.84405801059108 41.96372981747616 2.0 2.0 2.0 1.0 3.0 4.0 0.0 1.0 3.0 5.0 2.0 None 1.0 None 108.91478604621688 92.23505425354688 84.3662838024988 69.3752786994259 133.18954686037705 156.56157286271366 17.215526021173275 61.601840963119685 134.02784986141302 199.84485290977955 79.99991367298645 None 29.99991367298645 None 1.0 1.0 1.0 1.0 1.0 1.0 1.0 1.0 1.0 1.0 1.0 1.0 1.0 1.0
190.00270818987815 39.27838750878168 2.0 2.0 2.0 1.0 3.0 4.0 0.0 1.0 4.0 5.0 1.0 None 0.0 None 112.99193267030489 79.68968578446459 90.22458885400488 52.53171930125467 134.78932587917575 142.69741633472518 15.931857371665387 60.66196217599264 142.77469832807913 212.71167594108783 69.9999008157547 None 29.9999008157547 None 1.0 1.0 1.0 1.0 1.0 1.0 1.0 1.0 1.0 1.0 1.0 1.0 1.0 1.0
186.09554319294222 40.10305605364459 3.0 2.0 2.0 1.0 3.0 4.0 0.0 2.0 4.0 2.0 2.0 None 0.0 2.0 112.39692206487337 91.02346313584678 90.29069570614155 58.643071608171624 134.76156183710526 143.57922389690788 13.043041104522388 69.8933971127654 142.14383236651906 89.36753178686865 69.99992325643086 None 29.99992325643086 79.99992325643086 1.0 1.0 1.0 1.0 1.0 1.0 1.0 1.0 1.0 1.0 1.0 1.0 1.0 1.0
159.33571291948965 46.83821262199367 3.0 3.0 2.0 2.0 4.0 5.0 0.0 1.0 4.0 None 2.0 None 1.0 None 109.57001544342961 102.29601442834053 89.17517321019221 76.94167634851783 133.38196550878598 185.4153922688525 21.234517789655285 66.16604122347087 142.30402990519264 None 79.9999718723409 None 29.999971872340893 None 1.0 1.0 1.0 1.0 1.0 1.0 1.0 1.0 1.0 0.0 1.0 1.0 1.0 1.0
166.19204912994576 44.90587870521213 3.0 3.0 3.0 2.0 3.0 5.0 1.0 2.0 4.0 4.0 1.0 None 1.0 5.0 107.86866736444063 83.32877610167913 83.51286345536244 58.15886780579581 133.13667196757382 168.77040327317326 27.937236143467487 69.06175427413677 143.90280716142797 148.15526779415296 49.99997370703744 None 29.99997370703744 209.99997370703744 1.0 1.0 1.0 1.0 1.0 1.0 1.0 1.0 1.0 1.0 1.0 1.0 1.0 1.0
158.3003924174226 47.14454516525014 3.0 2.0 2.0 1.0 4.0 5.0 0.0 2.0 4.0 None 2.0 None 1.0 None 108.92354431974019 84.64727102890333 84.57028833963938 61.69392941800885 128.31887484600418 163.40363781149426 14.998162705205061 68.17969161822396 141.2102924133942 None 79.99995461396941 None 29.999954613969408 None 1.0 1.0 1.0 1.0 1.0 1.0 1.0 1.0 1.0 0.0 1.0 1.0 1.0 1.0
192.2548384614375 38.81826881302095 2.0 2.0 1.0 1.0 3.0 4.0 0.0 1.0 3.0 3.0 1.0 None 0.0 None 105.47710009909804 92.4371154610127 86.07756435216709 63.04987845588141 134.9983890958893 163.62316845255265 15.400615368518629 65.23586921605829 122.18055597639983 137.09806245454655 59.99997121682122 None 29.999971216821223 None 1.0 1.0 1.0 1.0 1.0 1.0 1.0 1.0 1.0 1.0 1.0 1.0 1.0 1.0
162.01064017545139 46.06487568913902 3.0 2.0 2.0 2.0 4.0 4.0 0.0 2.0 3.0 3.0 1.0 None 1.0 4.0 111.12549152336283 90.70254537734928 89.59075109744066 65.21088663862719 135.3768146701521 151.3458098565314 14.722836954426668 77.5141274028735 133.48831575936936 119.96444857947466 59.99993191069382 None 29.999931910693817 149.99993191069382 1.0 1.0 1.0 1.0 1.0 1.0 1.0 1.0 1.0 1.0 1.0 1.0 1.0 1.0
187.19787313209713 39.866905938261894 3.0 2.0 2.0 2.0 3.0 4.0 0.0 2.0 4.0 None 2.0 None 0.0 None 113.38043062485258 95.46283964628952 88.78874073569762 63.75131152653137 130.9632665170525 164.55258139217358 18.48215738190555 69.44587162738361 147.69544099709594 None 69.99997008287698 None 29.999970082876985 None 1.0 1.0 1.0 1.0 1.0 1.0 1.0 1.0 1.0 0.0 1.0 1.0 1.0 1.0
119.88193692985749 62.252914752007854 4.0 3.0 3.0 2.0 5.0 None 1.0 2.0 None 5.0 2.0 None 1.0 5.0 112.37248259310155 88.05647529450124 86.76954968099307 65.72413861671782 134.71465354047825 None 24.551993052400405 68.34135132648436 None 131.9441572688268 59.99990170067667 None 29.999901700676673 159.99990170067667 1.0 1.0 1.0 1.0 1.0 0.0 1.0 1.0 0.0 1.0 1.0 1.0 1.0 1.0
157.2640641404426 47.45521515541698 3.0 2.0 2.0 2.0 4.0 5.0 0.0 2.0 5.0 None 2.0 None 0.0 None 112.80659814072709 95.78166418535284 89.63058268310039 70.93754172970682 130.07837856863665 161.39223103996568 22.603303105103976 77.21468459872847 179.70017163636965 None 79.99992817707584 None 29.999928177075844 None 1.0 1.0 1.0 1.0 1.0 1.0 1.0 1.0 1.0 0.0 1.0 1.0 1.0 1.0
165.08717188429858 45.20641982546316 3.0 2.0 2.0 1.0 4.0 4.0 0.0 2.0 5.0 None 2.0 None 0.0 None 114.2943645216601 91.67830049152246 89.11002077162908 59.44247481326016 130.0869104477597 148.70810933823958 13.809062009891704 82.60354176293595 165.4416477198434 None 79.99999826106301 None 29.999998261063013 None 1.0 1.0 1.0 1.0 1.0 1.0 1.0 1.0 1.0 0.0 1.0 1.0 1.0 1.0
163.7653141334743 45.57131062513886 3.0 3.0 2.0 2.0 4.0 5.0 0.0 1.0 4.0 5.0 2.0 None 1.0 None 111.36989992845957 105.87100075111607 85.76222472660766 73.67774779345916 130.31819730657838 168.61103310790173 14.254199906085205 65.59191707328091 148.93906194917935 184.83526333966353 79.99991715797393 None 29.999917157973925 None 1.0 1.0 1.0 1.0 1.0 1.0 1.0 1.0 1.0 1.0 1.0 1.0 1.0 1.0
172.13085876707498 43.35654892710914 3.0 2.0 2.0 1.0 3.0 4.0 0.0 1.0 3.0 5.0 1.0 None 1.0 None 105.00127772335253 80.82597082038887 84.62464678576413 63.36820975926929 132.38801233749103 164.03641455085432 16.40913760685885 64.82892813964389 119.47255062219642 194.0655516271454 59.999996179569905 None 29.999996179569905 None 1.0 1.0 1.0 1.0 1.0 1.0 1.0 1.0 1.0 1.0 1.0 1.0 1.0 1.0
161.47968482344618 46.216339895384806 4.0 3.0 3.0 2.0 4.0 4.0 0.0 3.0 5.0 5.0 2.0 None 0.0 None 115.22484321101956 85.55691256697685 92.95603276038793 60.99755001861257 132.80725429585044 160.40651416153963 12.980615984198948 85.55691256697685 176.83271262591052 179.18365952704966 69.9999273122204 None 29.999927312220393 None 1.0 1.0 1.0 1.0 1.0 1.0 1.0 1.0 1.0 1.0 1.0 1.0 1.0 1.0
144.89597699309928 51.50591586373325 3.0 2.0 2.0 2.0 4.0 None 0.0 2.0 5.0 None 2.0 None 1.0 None 113.95729578584746 91.7105863714205 91.7105863714205 63.99708476325094 130.8800981462942 None 18.240300590215554 84.40773706841742 172.11494108956958 None 79.99994602513704 None 29.999946025137035 None 1.0 1.0 1.0 1.0 1.0 0.0 1.0 1.0 1.0 0.0 1.0 1.0 1.0 1.0
192.54261225139828 38.76025110875581 3.0 2.0 2.0 1.0 3.0 4.0 0.0 2.0 3.0 4.0 1.0 None 1.0 None 105.00876837860181 88.30727034645139 87.19534636333509 51.58733455777883 128.35941882805827 148.67595087760003 22.492851761388806 64.67899982453923 132.1595842280484 151.71253070510824 59.999947036314154 None 29.999947036314154 None 1.0 1.0 1.0 1.0 1.0 1.0 1.0 1.0 1.0 1.0 1.0 1.0 1.0 1.0
180.90546243283723 41.25359123841109 2.0 2.0 2.0 1.0 3.0 3.0 0.0 1.0 3.0 3.0 1.0 None 1.0 5.0 108.60732945207155 74.53496132077112 86.6782071515346 53.01473022634997 133.8926710783877 140.25270248308465 16.166036147407453 69.497780739174 127.70591951138141 149.3526929946009 49.99996612120128 None 29.999966121201282 209.99996612120128 1.0 1.0 1.0 1.0 1.0 1.0 1.0 1.0 1.0 1.0 1.0 1.0 1.0 1.0
134.75345651585485 55.38262388929457 4.0 3.0 3.0 3.0 4.0 5.0 0.0 3.0 5.0 None 3.0 None 1.0 None 115.90791688774641 101.39105013252941 92.94038650509077 77.59575373782474 134.70723688419872 159.97814842260408 23.784299076866944 80.49109613915255 160.56030813247224 None 79.99999287783885 None 29.99999287783885 None 1.0 1.0 1.0 1.0 1.0 1.0 1.0 1.0 1.0 0.0 1.0 1.0 1.0 1.0
178.93827208681603 41.70712007534729 2.0 2.0 2.0 1.0 3.0 5.0 0.0 2.0 3.0 2.0 2.0 None 0.0 5.0 112.25821895914362 101.13780364650927 87.76464824480581 72.29971585548196 133.6124467365015 192.28218612551524 13.834691545828548 80.22135344106806 150.55842883368052 119.44665321092788 79.99993359504265 None 29.99993359504265 219.99993359504265 1.0 1.0 1.0 1.0 1.0 1.0 1.0 1.0 1.0 1.0 1.0 1.0 1.0 1.0
152.5084027957414 48.93500858438205 3.0 3.0 3.0 2.0 4.0 4.0 1.0 3.0 4.0 4.0 2.0 None 1.0 2.0 114.00923902001722 87.4194765409917 87.4194765409917 65.1234818647527 127.26865725216089 147.77529718217994 24.60849273139661 77.77491294913182 151.65191513570346 129.07097239898826 69.99996547550359 None 29.999965475503586 49.999965475503586 1.0 1.0 1.0 1.0 1.0 1.0 1.0 1.0 1.0 1.0 1.0 1.0 1.0 1.0
154.70047874338974 48.24160895054043 3.0 3.0 3.0 2.0 4.0 5.0 0.0 2.0 4.0 None 2.0 None 0.0 None 111.69639523023136 101.6890292133715 88.6567937731777 72.88422656764527 131.6242194698957 171.52456704721754 12.611453453998422 66.35638982020646 144.4481977968211 None 79.9999067314265 None 29.999906731426506 None 1.0 1.0 1.0 1.0 1.0 1.0 1.0 1.0 1.0 0.0 1.0 1.0 1.0 1.0
155.34959903709182 48.040033873651055 3.0 3.0 3.0 2.0 4.0 None 0.0 3.0 5.0 None 3.0 None 1.0 None 113.08054639978718 105.33160096733116 90.83950049982775 74.44242764759775 134.131029914 None 25.56726005015355 81.7094405843572 174.0710054658851 None 79.9999833498839 None 29.999983349883905 None 1.0 1.0 1.0 1.0 1.0 0.0 1.0 1.0 1.0 0.0 1.0 1.0 1.0 1.0
195.26185597980543 38.22047046798452 3.0 2.0 2.0 1.0 3.0 4.0 0.0 1.0 3.0 5.0 1.0 None 0.0 None 109.75884364672771 78.00879899893408 84.37013537709669 54.52983805893359 129.36297748421737 151.36006740549863 15.875194609274558 63.827996495305 122.55556721594951 196.4341398440984 59.99990163449269 None 29.999901634492687 None 1.0 1.0 1.0 1.0 1.0 1.0 1.0 1.0 1.0 1.0 1.0 1.0 1.0 1.0
202.27554015143568 36.89521725865988 2.0 2.0 2.0 1.0 3.0 3.0 0.0 1.0 2.0 4.0 1.0 None 0.0 None 107.30949885243831 102.96716112216518 84.70356514738347 69.6055450696669 132.56739363300113 166.72756776370107 13.891071723498897 59.89767629572782 110.08588141427987 199.8735149712137 79.9999088229174 None 29.999908822917405 None 1.0 1.0 1.0 1.0 1.0 1.0 1.0 1.0 1.0 1.0 1.0 1.0 1.0 1.0
182.58456126990018 40.874211642505976 3.0 2.0 2.0 1.0 4.0 4.0 0.0 2.0 4.0 4.0 1.0 None 1.0 None 113.68410805573956 86.9561404673326 92.51832794838145 53.18333923145093 132.17584268186323 146.52955132241874 23.98781090406669 76.7608866677042 138.78638183907702 180.78181660295093 49.999906118838624 None 29.999906118838624 None 1.0 1.0 1.0 1.0 1.0 1.0 1.0 1.0 1.0 1.0 1.0 1.0 1.0 1.0
162.42820002956836 45.94645510226327 3.0 2.0 2.0 2.0 3.0 5.0 0.0 2.0 4.0 4.0 2.0 None 0.0 None 108.72859478829145 91.58342889585475 84.23848944320929 63.712604757136944 130.75822979730577 177.0757701473305 13.555235826385172 64.26227318423844 141.42393962646304 143.77439426028565 79.99994952371412 None 29.999949523714122 None 1.0 1.0 1.0 1.0 1.0 1.0 1.0 1.0 1.0 1.0 1.0 1.0 1.0 1.0
168.95278178567662 44.172104898912615 3.0 2.0 2.0 2.0 4.0 4.0 0.0 2.0 4.0 None 2.0 None 1.0 None 116.29037243445947 93.62667612709356 92.6184019476272 71.52587647071289 137.22184295608037 157.27260798897947 15.086364068416401 89.5032195170985 168.32965856111576 None 79.99994551607239 None 29.999945516072387 None 1.0 1.0 1.0 1.0 1.0 1.0 1.0 1.0 1.0 0.0 1.0 1.0 1.0 1.0
163.41049896107694 45.670260157382096 3.0 2.0 2.0 2.0 4.0 4.0 0.0 2.0 3.0 3.0 2.0 None 1.0 4.0 105.23556748010543 85.0874642056313 84.75315507262889 57.62064786200591 133.9007806032012 158.74931680043926 15.440020596801503 64.03277180606301 117.94509794851928 121.33395425041414 59.999929349657464 None 29.999929349657464 149.99992934965746 1.0 1.0 1.0 1.0 1.0 1.0 1.0 1.0 1.0 1.0 1.0 1.0 1.0 1.0
179.43586692254786 41.59146177403511 3.0 1.0 2.0 1.0 3.0 4.0 0.0 1.0 3.0 3.0 1.0 None 1.0 None 109.89944904650417 77.65493129508735 88.90186127764645 56.71858269949871 132.7760210063795 154.93521404386865 15.441837156897975 68.97826012206417 126.97027380994922 151.15108801316012 59.99997088286352 None 29.999970882863522 None 1.0 1.0 1.0 1.0 1.0 1.0 1.0 1.0 1.0 1.0 1.0 1.0 1.0 1.0
175.81048135394394 42.44911874722299 3.0 2.0 2.0 1.0 3.0 4.0 0.0 2.0 4.0 5.0 2.0 None 0.0 None 111.35178128300021 82.25273901275096 89.69475652924666 52.54778316999921 128.9494696169266 151.00659704292747 15.398290201261318 82.15041692365435 157.77554610394247 196.02065120812318 59.999985779301596 None 29.999985779301596 None 1.0 1.0 1.0 1.0 1.0 1.0 1.0 1.0 1.0 1.0 1.0 1.0 1.0 1.0
173.35998668329682 43.049149592020925 3.0 3.0 3.0 2.0 4.0 5.0 0.0 3.0 4.0 3.0 3.0 None 1.0 4.0 115.37978119060477 101.22737630907028 93.44403229661066 67.36308906435295 134.6835935979136 184.6187728794713 24.250901204308775 83.53656714832408 147.9639981965625 99.12960716342087 79.99991306376336 None 29.99991306376336 119.99991306376336 1.0 1.0 1.0 1.0 1.0 1.0 1.0 1.0 1.0 1.0 1.0 1.0 1.0 1.0
189.90098018377154 39.299428537851064 2.0 2.0 2.0 2.0 3.0 4.0 0.0 1.0 3.0 4.0 2.0 None 0.0 None 108.05447666154129 91.96930001587077 86.23048858617489 69.14294058516788 131.00667200650275 157.30617921349761 13.156659695842222 66.78414657064292 122.33669153044036 157.8467824928332 79.99994181115545 None 29.999941811155452 None 1.0 1.0 1.0 1.0 1.0 1.0 1.0 1.0 1.0 1.0 1.0 1.0 1.0 1.0
182.66988862771558 40.8551187941529 2.0 2.0 2.0 1.0 3.0 4.0 0.0 1.0 3.0 4.0 1.0 None 0.0 None 108.90474807374983 86.29821618808177 85.9671787238533 52.78222596068821 136.31135555532302 173.02940996013115 13.736287356274772 65.89545566922527 134.19921345887911 169.4621096826039 69.99994734744882 None 29.999947347448824 None 1.0 1.0 1.0 1.0 1.0 1.0 1.0 1.0 1.0 1.0 1.0 1.0 1.0 1.0
181.5921085460775 41.09760088008629 3.0 2.0 2.0 1.0 3.0 4.0 0.0 1.0 4.0 None 2.0 None 1.0 None 112.16802226555853 92.36360942784506 91.35733250400426 67.71318244092487 136.1770445390885 178.62487952984003 23.099877452566886 69.1121547296724 139.14819249199968 None 79.99990725133881 None 29.99990725133881 None 1.0 1.0 1.0 1.0 1.0 1.0 1.0 1.0 1.0 0.0 1.0 1.0 1.0 1.0
183.08864857124087 40.76167505871399 2.0 2.0 2.0 1.0 3.0 4.0 0.0 1.0 2.0 4.0 2.0 None 0.0 5.0 109.9214705825027 98.8007767791998 88.79122858527188 67.71527040710492 130.16443345314298 161.80455355007058 12.851034144714163 71.54008883543247 119.29153040488285 151.00446675281938 79.99992226957517 None 29.999922269575166 209.99992226957517 1.0 1.0 1.0 1.0 1.0 1.0 1.0 1.0 1.0 1.0 1.0 1.0 1.0 1.0
148.64247914084723 50.20772018292551 3.0 3.0 3.0 2.0 4.0 4.0 1.0 3.0 5.0 None 2.0 None 1.0 None 115.78298576213791 73.7036714283438 88.13423152267194 53.822075888327845 129.4523698290647 143.90966347372586 24.81603872839213 77.81272833318906 150.0016606222215 None 59.99997640080471 None 29.999976400804712 None 1.0 1.0 1.0 1.0 1.0 1.0 1.0 1.0 1.0 0.0 1.0 1.0 1.0 1.0
193.5659924360683 38.55532630539379 3.0 3.0 2.0 2.0 3.0 4.0 0.0 1.0 3.0 3.0 3.0 None 1.0 1.0 110.06614811266644 110.06614811266644 85.73522279823874 80.67488727644167 134.37610166930887 173.28255364981908 12.844771076404925 57.8906793507486 115.05371437725358 112.27704346315147 109.99995388055277 None 29.999953880552766 49.999953880552766 1.0 1.0 1.0 1.0 1.0 1.0 1.0 1.0 1.0 1.0 1.0 1.0 1.0 1.0
144.8764638176881 51.512853111816746 4.0 4.0 3.0 3.0 4.0 None 1.0 2.0 5.0 4.0 3.0 None 2.0 None 111.6734361949973 103.393076255106 89.37787822322275 70.20134689176297 129.07309398857933 None 23.03153069235151 69.36332387760638 156.87134098880546 123.00064184633624 69.99995916911053 None 29.999959169110525 None 1.0 1.0 1.0 1.0 1.0 0.0 1.0 1.0 1.0 1.0 1.0 1.0 1.0 1.0
174.2212529199669 42.83633526288739 3.0 2.0 2.0 1.0 4.0 4.0 0.0 1.0 3.0 3.0 2.0 None 1.0 4.0 109.5986133287567 91.39979057080762 84.7261266757489 62.75380747710557 136.89731547643385 173.18188001200923 12.611577450262928 53.63448330234087 120.30879481649151 117.85380474796273 79.99990587849561 None 29.99990587849561 159.9999058784956 1.0 1.0 1.0 1.0 1.0 1.0 1.0 1.0 1.0 1.0 1.0 1.0 1.0 1.0
194.6458852485141 38.34142186191923 2.0 2.0 2.0 1.0 3.0 3.0 0.0 1.0 3.0 5.0 1.0 None 1.0 None 112.14308773691454 83.54443985870518 87.9910762183818 59.36734345201114 131.76267191431975 156.92554423329415 15.35908508564114 69.25489566945708 139.73423885514808 195.20592565760438 69.99999147484169 None 29.999991474841693 None 1.0 1.0 1.0 1.0 1.0 1.0 1.0 1.0 1.0 1.0 1.0 1.0 1.0 1.0
155.9129151299531 47.86646438994233 3.0 2.0 2.0 1.0 4.0 5.0 0.0 2.0 5.0 3.0 1.0 None 1.0 1.0 114.41559418775137 93.93820030433136 91.71292268161909 62.117512949675415 132.68872047952902 169.18128103369838 24.48047640358851 82.30467602361779 163.500160471657 114.41559418775137 49.999992803864075 None 29.999992803864075 49.999992803864075 1.0 1.0 1.0 1.0 1.0 1.0 1.0 1.0 1.0 1.0 1.0 1.0 1.0 1.0
193.11338330949962 38.64569027843696 2.0 2.0 2.0 1.0 3.0 4.0 0.0 2.0 3.0 2.0 1.0 None 1.0 1.0 107.59389400541932 93.73203135029092 83.7204379695479 63.536091515155704 125.08621126345696 183.90916099100616 21.205639619941053 70.29030218045335 131.44575062488747 92.84776391924936 59.999978377984064 None 29.999978377984064 49.999978377984064 1.0 1.0 1.0 1.0 1.0 1.0 1.0 1.0 1.0 1.0 1.0 1.0 1.0 1.0
177.69021144318197 42.00006257737141 3.0 2.0 2.0 1.0 3.0 4.0 0.0 2.0 3.0 4.0 1.0 None 1.0 None 109.63321053436727 90.9165412567304 88.69258221223953 63.404985350417746 132.77252163269145 151.80410679498323 15.166569820913253 69.81607752535638 142.87465950173276 165.13425405186274 59.99999719304793 None 29.999997193047932 None 1.0 1.0 1.0 1.0 1.0 1.0 1.0 1.0 1.0 1.0 1.0 1.0 1.0 1.0
173.07955530506075 43.11889978481928 3.0 2.0 2.0 2.0 3.0 4.0 0.0 2.0 4.0 None 2.0 None 1.0 None 114.06313576030504 95.37226754883125 89.91611508600153 67.77567387970822 132.7869866772577 161.7678215601337 18.65769561942932 69.78338617585331 153.53037543454508 None 79.99998659834887 None 29.99998659834887 None 1.0 1.0 1.0 1.0 1.0 1.0 1.0 1.0 1.0 0.0 1.0 1.0 1.0 1.0
189.9338560595802 39.2926261532801 2.0 1.0 2.0 1.0 3.0 3.0 0.0 1.0 4.0 None 1.0 None 0.0 None 116.11688857563831 83.34375453559454 91.16758977050415 63.07827412551865 137.15839364297483 151.65393995443247 21.65519653882086 72.68665599027344 155.12135155371533 None 79.99995816287083 None 29.999958162870826 None 1.0 1.0 1.0 1.0 1.0 1.0 1.0 1.0 1.0 0.0 1.0 1.0 1.0 1.0
153.61880418042648 48.5812921133968 2.0 2.0 2.0 2.0 4.0 5.0 0.0 2.0 3.0 2.0 2.0 None 0.0 2.0 106.07236501903077 87.81911774695828 85.28910060308448 62.937419494860876 132.96957248971955 162.83228182955696 12.887615626150875 62.937419494860876 118.62912681929413 85.28910060308448 79.99991415816322 None 29.99991415816322 89.99991415816322 1.0 1.0 1.0 1.0 1.0 1.0 1.0 1.0 1.0 1.0 1.0 1.0 1.0 1.0
195.98129936543802 38.08016389402573 3.0 2.0 2.0 1.0 3.0 4.0 0.0 1.0 3.0 4.0 1.0 None 0.0 None 106.83324214148786 98.92755170433412 86.28518405624953 63.2151442532346 125.52854808132236 174.29669499290884 15.294419076341512 58.4676202177389 113.70021839265314 178.63828697954204 69.9999959982639 None 29.9999959982639 None 1.0 1.0 1.0 1.0 1.0 1.0 1.0 1.0 1.0 1.0 1.0 1.0 1.0 1.0
179.90300666824515 41.48346455244264 3.0 2.0 2.0 1.0 3.0 3.0 0.0 1.0 3.0 4.0 1.0 None 1.0 None 106.86931157538066 81.63881911499504 85.43457291846192 58.115844936785834 131.66788020980954 153.49240764149368 14.405340969266774 57.14303851616444 111.85757629081013 162.49967200379024 69.9999993598475 None 29.999999359847493 None 1.0 1.0 1.0 1.0 1.0 1.0 1.0 1.0 1.0 1.0 1.0 1.0 1.0 1.0
176.18250636523902 42.35948366251905 3.0 2.0 2.0 1.0 3.0 4.0 0.0 1.0 3.0 3.0 1.0 None 1.0 5.0 105.17377957037269 78.63232394848887 82.95326734147642 56.030821198794115 134.78646443114667 142.83154093819792 12.29085248757383 63.39318833950966 117.77075528326054 132.52529407359913 49.999993311076196 None 29.999993311076196 209.9999933110762 1.0 1.0 1.0 1.0 1.0 1.0 1.0 1.0 1.0 1.0 1.0 1.0 1.0 1.0
155.79266467207282 47.90341070106754 3.0 3.0 3.0 1.0 4.0 None 0.0 1.0 4.0 4.0 1.0 None 1.0 None 110.73240750067731 95.26353669067407 87.79179398348458 65.9667976364043 129.44615975732455 None 14.128838762677674 63.78057356640147 135.85610270210753 138.20649927699634 69.9999308392837 None 29.999930839283707 None 1.0 1.0 1.0 1.0 1.0 0.0 1.0 1.0 1.0 1.0 1.0 1.0 1.0 1.0
163.94138534256348 45.52236754865588 3.0 3.0 3.0 2.0 4.0 5.0 0.0 2.0 4.0 3.0 2.0 None 0.0 5.0 110.45862448010678 101.60478973042893 88.06217134355137 69.35740859575498 127.26189637692625 181.61809922028152 16.59211167205575 69.35740859575498 154.385414375192 118.14169844215138 79.99998477874641 None 29.99998477874641 169.9999847787464 1.0 1.0 1.0 1.0 1.0 1.0 1.0 1.0 1.0 1.0 1.0 1.0 1.0 1.0
184.12741304591475 40.531715927269325 3.0 2.0 2.0 2.0 3.0 4.0 0.0 2.0 4.0 4.0 2.0 None 1.0 None 110.55146031856145 99.20308786883038 86.05513090070099 67.23548468627303 131.47566030241808 167.65805011322738 27.774554969982205 71.32533410147579 158.39560640037757 155.61950033685247 79.99990947685995 None 29.999909476859955 None 1.0 1.0 1.0 1.0 1.0 1.0 1.0 1.0 1.0 1.0 1.0 1.0 1.0 1.0
176.67095464544133 42.24237093741526 3.0 3.0 2.0 2.0 4.0 4.0 0.0 2.0 4.0 4.0 2.0 None 0.0 None 113.48631213141459 99.03117073015807 90.3216670688675 68.18099489740047 127.54361959780204 166.0535729950359 25.508042104519802 67.32376858794169 148.17662406936574 150.5279886411999 79.99993042458033 None 29.999930424580327 None 1.0 1.0 1.0 1.0 1.0 1.0 1.0 1.0 1.0 1.0 1.0 1.0 1.0 1.0
176.26193837339974 42.340394465594194 3.0 2.0 2.0 1.0 4.0 5.0 0.0 1.0 4.0 2.0 2.0 None 1.0 1.0 113.4442171767397 92.92219369834714 89.58702243223814 64.74301958634408 134.28601472117617 178.0895459249333 14.30079931098686 67.13337175417587 157.93122089465982 97.4867816445472 79.99990729240028 None 29.99990729240028 59.99990729240028 1.0 1.0 1.0 1.0 1.0 1.0 1.0 1.0 1.0 1.0 1.0 1.0 1.0 1.0
149.12227538255695 50.04617841871368 3.0 2.0 2.0 1.0 4.0 5.0 0.0 2.0 5.0 None 1.0 None 1.0 None 113.27274681332841 74.93574285434977 90.21215169128823 52.79830622644346 130.0753115688991 149.67608460547228 13.11481759004397 79.48385398909005 152.85399406335966 None 49.999979355540404 None 29.999979355540404 None 1.0 1.0 1.0 1.0 1.0 1.0 1.0 1.0 1.0 0.0 1.0 1.0 1.0 1.0
147.6156137790358 50.55698248270188 3.0 2.0 3.0 2.0 4.0 5.0 1.0 2.0 5.0 None 2.0 None 1.0 None 115.49799555531098 79.09179639629605 89.08094798860867 61.32580918903318 131.1510320763973 151.611078958091 31.20364164018605 84.03908056281512 158.52760665977365 None 49.999955710032225 None 29.999955710032225 None 1.0 1.0 1.0 1.0 1.0 1.0 1.0 1.0 1.0 0.0 1.0 1.0 1.0 1.0
151.28888418473116 49.32946686874437 4.0 3.0 3.0 2.0 4.0 5.0 1.0 2.0 5.0 4.0 3.0 None 1.0 5.0 115.88089914560283 85.9333070732689 90.3820432456144 61.93242138314997 133.04375571006568 170.54154140083665 22.704372008543373 74.87888379942439 168.05027200385678 137.419701692172 79.99995984069335 None 29.99995984069335 179.99995984069335 1.0 1.0 1.0 1.0 1.0 1.0 1.0 1.0 1.0 1.0 1.0 1.0 1.0 1.0
170.44301813841713 43.785894438569976 3.0 2.0 2.0 2.0 3.0 5.0 0.0 2.0 3.0 None 2.0 None 1.0 None 114.75493524405101 103.94588809054488 91.94271151517592 73.63868655161406 134.99509186023926 179.2370896446787 18.001682146826397 72.62450795120532 144.0638446012776 None 79.99995125277923 None 29.999951252779226 None 1.0 1.0 1.0 1.0 1.0 1.0 1.0 1.0 1.0 0.0 1.0 1.0 1.0 1.0
155.33071711145692 48.045873596559495 4.0 3.0 3.0 2.0 4.0 5.0 1.0 2.0 5.0 5.0 2.0 None 1.0 5.0 116.97960558208604 94.34884588397858 93.94123910818502 65.11412471973682 133.76877060205993 161.74653390928245 27.401985709029077 81.23762364478688 156.83805477467996 159.02260596363732 79.99994027298703 None 29.999940272987033 179.99994027298703 1.0 1.0 1.0 1.0 1.0 1.0 1.0 1.0 1.0 1.0 1.0 1.0 1.0 1.0
185.75567154480183 40.17643142702118 2.0 2.0 2.0 1.0 3.0 3.0 1.0 1.0 3.0 3.0 1.0 None 1.0 None 110.33556939292976 80.9332449464585 89.41494234700684 60.22212354936636 133.9879581251729 143.9964207913364 27.22638833798038 76.24528737183164 135.11277038142566 148.55586149944867 69.99991519183476 None 29.99991519183476 None 1.0 1.0 1.0 1.0 1.0 1.0 1.0 1.0 1.0 1.0 1.0 1.0 1.0 1.0
215.70319481453794 34.598467613874256 2.0 2.0 2.0 2.0 3.0 4.0 0.0 2.0 3.0 3.0 2.0 None 0.0 None 111.04007024370617 97.842979116636 90.01189948947587 70.16604402547136 136.43022772549637 178.75100800816534 15.365958453218013 83.97682137430303 138.7444155662954 141.09509674228588 79.99990332814832 None 29.99990332814832 None 1.0 1.0 1.0 1.0 1.0 1.0 1.0 1.0 1.0 1.0 1.0 1.0 1.0 1.0
168.21590330606836 44.365603092955446 3.0 3.0 2.0 2.0 3.0 5.0 0.0 1.0 4.0 5.0 2.0 None 1.0 None 112.35771863728013 104.6904949225434 87.89013553667513 71.62478329786802 130.37131618115478 193.71992195819575 12.940334170828976 64.42955813149223 151.43986447073127 183.07852774251523 79.99997073830588 None 29.999970738305876 None 1.0 1.0 1.0 1.0 1.0 1.0 1.0 1.0 1.0 1.0 1.0 1.0 1.0 1.0
131.9606559287783 56.55473555714913 4.0 3.0 3.0 1.0 5.0 5.0 0.0 1.0 5.0 None 1.0 None 0.0 2.0 108.00119647339653 81.32473068321053 81.32473068321053 57.25550335450322 134.0791886581697 148.94938954034558 15.064608389958664 54.95477151446403 136.10152706095073 None 49.99996631682836 None 29.999966316828363 69.99996631682836 1.0 1.0 1.0 1.0 1.0 1.0 1.0 1.0 1.0 0.0 1.0 1.0 1.0 1.0
176.53436862282229 42.27505419041211 3.0 3.0 2.0 2.0 3.0 5.0 0.0 2.0 4.0 5.0 2.0 None 1.0 None 111.49948409281791 101.16613515146281 88.8836674945884 74.7061287317091 136.34170957116862 178.08266682387665 13.05641121629236 69.25987898832858 137.42320997541918 185.81689716882426 79.99999429162153 None 29.999994291621533 None 1.0 1.0 1.0 1.0 1.0 1.0 1.0 1.0 1.0 1.0 1.0 1.0 1.0 1.0
177.42201209367448 42.063551821629204 3.0 2.0 2.0 2.0 4.0 4.0 0.0 2.0 4.0 4.0 2.0 None 0.0 None 112.05926620069084 77.76663639178486 88.88701845222676 60.68451685313471 129.8746076230542 140.9956378593281 13.139432942628162 63.53899491510708 154.12945371992686 172.93445214403476 69.99990145852678 None 29.99990145852678 None 1.0 1.0 1.0 1.0 1.0 1.0 1.0 1.0 1.0 1.0 1.0 1.0 1.0 1.0
161.62132711313797 46.1758366504178 3.0 2.0 2.0 2.0 4.0 5.0 0.0 2.0 3.0 None 2.0 None 1.0 None 112.56110697803047 101.52584941509866 88.2826359810212 71.76752843346463 138.95387784179928 180.14593479754734 24.23239170117148 67.08029818163709 135.7392948017055 None 79.99997160229839 None 29.999971602298388 None 1.0 1.0 1.0 1.0 1.0 1.0 1.0 1.0 1.0 0.0 1.0 1.0 1.0 1.0
152.07804441272492 49.07348742430005 3.0 3.0 3.0 2.0 4.0 5.0 1.0 2.0 4.0 5.0 2.0 None 1.0 None 108.44626990283552 89.50885662884008 86.17225180589838 67.4387131058566 132.59011728523922 166.97879699055153 22.128237058484217 70.33384527192311 138.9418125858606 157.55544127583386 79.99998143323069 None 29.999981433230687 None 1.0 1.0 1.0 1.0 1.0 1.0 1.0 1.0 1.0 1.0 1.0 1.0 1.0 1.0
148.16259322119015 50.370338678255834 3.0 3.0 3.0 2.0 4.0 5.0 1.0 2.0 4.0 None 2.0 None 1.0 None 111.07152449388172 92.04951364449994 89.82604220956648 61.100280692955835 129.87609752414437 165.49413511656883 25.463047103875965 75.88442950623028 129.85637995646562 None 59.99992951972109 None 29.999929519721093 None 1.0 1.0 1.0 1.0 1.0 1.0 1.0 1.0 1.0 0.0 1.0 1.0 1.0 1.0
168.45996760624865 44.301326339108094 3.0 2.0 2.0 1.0 4.0 4.0 0.0 2.0 4.0 2.0 1.0 None 1.0 2.0 114.59254482164943 96.98869122018289 91.42943793502525 65.93524184848724 130.28438581264055 156.8702551078165 15.444474906224968 82.93287629163603 149.72987988837247 86.11328991554166 69.99997951390998 None 29.999979513909977 89.99997951390998 1.0 1.0 1.0 1.0 1.0 1.0 1.0 1.0 1.0 1.0 1.0 1.0 1.0 1.0
202.8160219129171 36.79689567722801 2.0 2.0 2.0 1.0 3.0 4.0 0.0 1.0 3.0 1.0 1.0 None 1.0 1.0 106.79231530027135 94.56125682503591 85.66668378846862 69.27970703790845 133.19236751540325 155.79952617244282 12.309820550922097 61.267087141108675 115.25053128109909 78.81179959957439 69.99995160786784 None 29.999951607867843 59.99995160786784 1.0 1.0 1.0 1.0 1.0 1.0 1.0 1.0 1.0 1.0 1.0 1.0 1.0 1.0
187.87933122104175 39.72230447861086 3.0 3.0 3.0 2.0 3.0 4.0 0.0 2.0 4.0 4.0 2.0 None 0.0 None 109.40945587331635 90.7132731719579 85.70011752658388 62.070261470627656 133.56235118157684 174.63746691894488 12.71694694157145 67.61163863581544 137.9070008463234 137.9070008463234 59.99994674843339 None 29.999946748433388 None 1.0 1.0 1.0 1.0 1.0 1.0 1.0 1.0 1.0 1.0 1.0 1.0 1.0 1.0
178.84965101792415 41.72778620212161 2.0 2.0 2.0 1.0 3.0 3.0 0.0 1.0 3.0 2.0 1.0 None 1.0 2.0 109.39663063338031 86.0455702773562 88.26921002621333 55.69501618689992 137.28377899057188 149.30684365415266 24.881137249434232 68.58674888784174 128.95555258445245 110.85838439481836 49.99995036060142 None 29.999950360601417 69.99995036060142 1.0 1.0 1.0 1.0 1.0 1.0 1.0 1.0 1.0 1.0 1.0 1.0 1.0 1.0
170.1591296672874 43.85894553288104 3.0 2.0 2.0 2.0 3.0 4.0 0.0 2.0 3.0 5.0 2.0 None 1.0 None 108.38929064544493 97.00662880526625 85.01500387425807 71.59666591593202 133.8572998345217 169.66734086671158 14.894898890307047 73.6953871601263 134.14160450857764 192.1475201136039 79.99996229924614 None 29.999962299246135 None 1.0 1.0 1.0 1.0 1.0 1.0 1.0 1.0 1.0 1.0 1.0 1.0 1.0 1.0
166.29012581241074 44.87939355111735 3.0 3.0 3.0 2.0 4.0 5.0 0.0 2.0 4.0 4.0 2.0 None 0.0 4.0 111.74443399387593 99.0240927700251 86.87379892524001 70.39915742933022 125.31314463231371 176.0284877950104 12.445456014453441 72.83958636842158 141.34651017166829 118.50090935650121 79.99991325973616 None 29.99991325973616 159.99991325973616 1.0 1.0 1.0 1.0 1.0 1.0 1.0 1.0 1.0 1.0 1.0 1.0 1.0 1.0
129.43082490205074 57.66014398538963 4.0 3.0 3.0 2.0 5.0 5.0 1.0 2.0 None None 2.0 None 1.0 None 116.20641018852751 97.30271167572891 91.70321216122807 75.13673813898936 131.6892135218527 160.29302958538506 20.817344234544635 85.95306832910023 None None 79.99992863811292 None 29.99992863811292 None 1.0 1.0 1.0 1.0 1.0 1.0 1.0 1.0 0.0 0.0 1.0 1.0 1.0 1.0
159.72542672429353 46.72393214439233 3.0 2.0 2.0 1.0 3.0 4.0 0.0 1.0 4.0 4.0 1.0 None 0.0 None 108.10979290928225 95.0504469276409 88.19566636920706 66.94347006469133 130.95728509136143 152.40320036197642 15.605568325236334 72.66910802927134 144.5881341653906 158.30727700577262 79.99994864702904 None 29.999948647029044 None 1.0 1.0 1.0 1.0 1.0 1.0 1.0 1.0 1.0 1.0 1.0 1.0 1.0 1.0
152.5713277301183 48.91482633749649 3.0 2.0 2.0 1.0 4.0 None 0.0 1.0 5.0 None 1.0 None 0.0 None 109.43364781397509 97.28015200655477 86.67493167475567 66.84233668877596 132.70006734487612 None 15.448512905694258 67.68222851979652 155.163570740517 None 59.99997325120535 None 29.999973251205347 None 1.0 1.0 1.0 1.0 1.0 0.0 1.0 1.0 1.0 0.0 1.0 1.0 1.0 1.0
188.4399124989958 39.60413641159895 3.0 2.0 2.0 2.0 3.0 4.0 0.0 2.0 3.0 None 2.0 None 0.0 None 110.94023283326442 99.29197009452753 85.0547058682958 71.79767228279377 139.6375039434131 165.72254746777344 15.120639327094977 67.72765044763429 137.74449714994734 None 79.9999087099132 None 29.9999087099132 None 1.0 1.0 1.0 1.0 1.0 1.0 1.0 1.0 1.0 0.0 1.0 1.0 1.0 1.0
192.88591250227557 38.69126523126439 2.0 2.0 2.0 1.0 3.0 4.0 0.0 1.0 2.0 1.0 1.0 None 0.0 1.0 105.59020799272344 87.81851004307617 84.56226507277728 63.41053889128375 135.6328390932751 163.14632267385315 12.31608110715905 55.767937803163704 110.27881810944751 70.00825914164813 69.99992184266137 None 29.999921842661365 49.999921842661365 1.0 1.0 1.0 1.0 1.0 1.0 1.0 1.0 1.0 1.0 1.0 1.0 1.0 1.0
197.7786485274492 37.734103532233554 3.0 2.0 2.0 1.0 3.0 4.0 0.0 1.0 3.0 3.0 1.0 None 0.0 4.0 111.25968617932477 86.58224312376018 85.66533789228043 56.73298623868038 132.183591110314 161.40471826282732 12.994373375916496 60.07407562998566 153.42525211365427 132.30640653057338 59.99994484155093 None 29.999944841550928 169.99994484155093 1.0 1.0 1.0 1.0 1.0 1.0 1.0 1.0 1.0 1.0 1.0 1.0 1.0 1.0
180.79112148842046 41.27968198083223 3.0 2.0 2.0 1.0 3.0 4.0 0.0 2.0 3.0 3.0 1.0 None 0.0 1.0 111.16000515447593 85.41106542387581 91.1225383851118 61.286258247339674 131.9729367888118 174.84615410087855 13.690685692394254 75.08574343767532 142.60514377986084 142.60514377986084 59.99995886219597 None 29.999958862195967 49.99995886219597 1.0 1.0 1.0 1.0 1.0 1.0 1.0 1.0 1.0 1.0 1.0 1.0 1.0 1.0
141.27276332633528 52.82688484517517 3.0 3.0 2.0 2.0 4.0 None 0.0 2.0 5.0 3.0 2.0 None 1.0 2.0 111.1485290728906 101.4512944606812 87.18544471679087 77.48858951601778 125.51707377175126 None 12.299601157885377 61.35129252595175 143.03892752110505 99.04366469740074 79.99990874436236 None 29.999908744362358 69.99990874436236 1.0 1.0 1.0 1.0 1.0 0.0 1.0 1.0 1.0 1.0 1.0 1.0 1.0 1.0
188.47304431525436 39.597174371083106 3.0 2.0 2.0 1.0 3.0 4.0 0.0 1.0 4.0 2.0 1.0 None 1.0 2.0 109.83383839948607 93.36261615461956 89.69023492364903 65.72432325018616 127.72597085005941 154.2988753474616 15.107216299737843 69.94678357158273 148.68953139605043 76.01865724835653 59.999949070886544 None 29.999949070886544 89.99994907088654 1.0 1.0 1.0 1.0 1.0 1.0 1.0 1.0 1.0 1.0 1.0 1.0 1.0 1.0
184.04873078693885 40.549043549990174 3.0 2.0 2.0 1.0 3.0 4.0 0.0 1.0 3.0 4.0 2.0 None 0.0 4.0 107.77865047059032 85.82774603679866 83.79991204484935 54.39546455944952 134.8520142464397 157.70355756096376 12.365595596453431 61.65097948277133 108.39589262544575 150.22946461501658 69.99998364871686 None 29.999983648716864 179.99998364871686 1.0 1.0 1.0 1.0 1.0 1.0 1.0 1.0 1.0 1.0 1.0 1.0 1.0 1.0
161.7573799090543 46.13699853568327 2.0 2.0 2.0 2.0 3.0 5.0 0.0 1.0 2.0 2.0 2.0 None 1.0 4.0 108.66508886913476 105.32797596440753 87.63924756644292 75.30879950125166 135.16508307570797 181.37424226610352 12.726981203611444 52.868555541287435 110.12857887445227 107.35177763288317 99.99996119945831 None 29.999961199458312 159.9999611994583 1.0 1.0 1.0 1.0 1.0 1.0 1.0 1.0 1.0 1.0 1.0 1.0 1.0 1.0
156.63019501783538 47.647262388648585 4.0 3.0 3.0 2.0 4.0 5.0 0.0 2.0 4.0 5.0 3.0 None 1.0 None 112.5090006799337 95.38407747943648 92.04870875227635 60.668496816858294 130.4716381298668 177.14428831016835 14.904548764535377 78.9105366234408 149.92461771119417 174.9132043214844 79.99990936420431 None 29.999909364204314 None 1.0 1.0 1.0 1.0 1.0 1.0 1.0 1.0 1.0 1.0 1.0 1.0 1.0 1.0
129.51801176566528 57.621329251893386 4.0 3.0 3.0 2.0 5.0 None 1.0 2.0 None None 3.0 None 1.0 None 114.61896754115043 92.84893507578994 88.22135862921402 68.12455675875532 130.29370623346028 None 22.95044888875998 78.18492570577843 None None 79.99995858121508 None 29.999958581215083 None 1.0 1.0 1.0 1.0 1.0 0.0 1.0 1.0 0.0 0.0 1.0 1.0 1.0 1.0
185.99645713736595 40.12442018983335 2.0 2.0 2.0 2.0 3.0 5.0 0.0 1.0 3.0 3.0 2.0 None 0.0 None 109.53571391817599 96.29344814498467 88.61292305086647 74.25407332281225 130.7909229979511 188.19656041821275 15.449821892404714 59.0829518044265 117.10388156883698 148.7602742040815 79.99996993943523 None 29.999969939435232 None 1.0 1.0 1.0 1.0 1.0 1.0 1.0 1.0 1.0 1.0 1.0 1.0 1.0 1.0
164.07987780585904 45.48394416060144 3.0 2.0 2.0 1.0 3.0 4.0 1.0 1.0 3.0 5.0 2.0 None 1.0 None 109.86536822107172 94.64510914029961 86.77686074168781 60.46241648759309 130.7527780973732 155.6301438019642 22.137779981724805 65.44510008218236 132.2570928247514 176.72002304550563 79.99994988355161 None 29.999949883551608 None 1.0 1.0 1.0 1.0 1.0 1.0 1.0 1.0 1.0 1.0 1.0 1.0 1.0 1.0
163.48643057869975 45.64904850869217 3.0 3.0 3.0 2.0 3.0 5.0 0.0 2.0 4.0 4.0 2.0 None 0.0 None 113.61980696014342 107.7865095828542 89.48929333880045 73.39189433543095 133.150826631845 189.38051845380414 12.60914434382346 63.64087294232547 145.18337663812054 145.18337663812054 79.99995608027035 None 29.99995608027035 None 1.0 1.0 1.0 1.0 1.0 1.0 1.0 1.0 1.0 1.0 1.0 1.0 1.0 1.0
164.32898920302932 45.414993642901464 2.0 2.0 2.0 2.0 3.0 4.0 0.0 2.0 3.0 None 2.0 None 0.0 None 110.13824972475209 91.10794278473992 85.11231004976798 64.83709859905377 133.1714425748939 160.79509686150146 12.293847810089687 68.04877581873586 129.95122718999988 None 69.99998815901267 None 29.999988159012673 None 1.0 1.0 1.0 1.0 1.0 1.0 1.0 1.0 1.0 0.0 1.0 1.0 1.0 1.0
175.92690973559388 42.42102593182805 3.0 2.0 2.0 1.0 3.0 5.0 1.0 2.0 3.0 5.0 1.0 None 1.0 None 114.12176622348841 106.89888037078339 88.88299646552173 74.1506131618383 130.37752449268226 193.75347685697824 28.75696858131596 81.33922428576875 151.85548275123364 193.57552631117676 79.99998532961212 None 29.999985329612116 None 1.0 1.0 1.0 1.0 1.0 1.0 1.0 1.0 1.0 1.0 1.0 1.0 1.0 1.0
201.20316970048037 37.09186098365021 2.0 2.0 2.0 1.0 3.0 4.0 0.0 2.0 4.0 4.0 1.0 None 0.0 None 114.66312157378792 88.40071594803834 89.60044933177585 56.48046457078726 135.0812697414791 159.66497746894714 19.701686001552844 74.92528946779515 147.71249010477374 167.61139338029915 49.999918836363804 None 29.999918836363804 None 1.0 1.0 1.0 1.0 1.0 1.0 1.0 1.0 1.0 1.0 1.0 1.0 1.0 1.0
181.47422393020258 41.124297646096394 2.0 2.0 2.0 1.0 3.0 4.0 0.0 1.0 3.0 4.0 2.0 None 0.0 5.0 113.84339423860928 95.06749427664727 88.26551293781631 66.60557946398097 130.74832210239356 165.94024636358182 17.60375308921465 73.28529482908715 134.66555282562933 156.47271504051884 79.99996958782424 None 29.99996958782424 209.99996958782424 1.0 1.0 1.0 1.0 1.0 1.0 1.0 1.0 1.0 1.0 1.0 1.0 1.0 1.0
144.0385267790478 51.81252659885985 3.0 2.0 2.0 2.0 4.0 5.0 1.0 2.0 5.0 None 2.0 None 1.0 None 108.13098834205783 89.20272397950617 87.46801824360676 59.263252932036266 127.26288048167129 156.1819198225382 19.863231444359485 68.54758659142021 148.10594341359774 None 59.999976152754584 None 29.999976152754584 None 1.0 1.0 1.0 1.0 1.0 1.0 1.0 1.0 1.0 0.0 1.0 1.0 1.0 1.0
181.59622874656446 41.09666842484574 3.0 3.0 2.0 2.0 3.0 4.0 0.0 2.0 3.0 2.0 2.0 None 1.0 2.0 114.25938953727706 95.49028879663297 85.97207786188238 74.72398850005663 128.40117378489538 170.18657069624027 12.294384221359508 78.42813656847909 140.05435246997155 81.28357366941742 79.99990179447963 None 29.999901794479626 89.99990179447963 1.0 1.0 1.0 1.0 1.0 1.0 1.0 1.0 1.0 1.0 1.0 1.0 1.0 1.0
151.94796651685192 49.11549770014401 3.0 2.0 3.0 2.0 4.0 5.0 1.0 2.0 4.0 4.0 2.0 None 1.0 None 111.57870217036145 83.73682414940089 87.52260728988699 54.844370185485616 128.0607531539049 154.74850564106254 21.485957611896595 66.83191575509068 135.06184641205158 132.2854906973966 49.99999142553469 None 29.999991425534688 None 1.0 1.0 1.0 1.0 1.0 1.0 1.0 1.0 1.0 1.0 1.0 1.0 1.0 1.0
174.48474829904535 42.77164664965065 2.0 2.0 2.0 1.0 3.0 4.0 0.0 2.0 3.0 5.0 1.0 None 0.0 None 107.96034181670205 80.64559012103268 87.89414435941842 52.16871124955526 131.5347518944455 144.52451426884073 14.535178830479595 65.54241474439903 122.39473774813615 182.47949826970762 49.99997921200651 None 29.999979212006508 None 1.0 1.0 1.0 1.0 1.0 1.0 1.0 1.0 1.0 1.0 1.0 1.0 1.0 1.0
172.79818147570774 43.1891119238958 2.0 2.0 2.0 1.0 3.0 4.0 0.0 1.0 3.0 4.0 1.0 None 0.0 5.0 108.32025992567844 100.53501857655567 84.9673042916798 69.33319237329601 131.1728167965457 164.4725216398116 15.20256654406785 59.02283628415768 123.96352969610149 156.9192009365853 69.99992300700069 None 29.99992300700069 189.9999230070007 1.0 1.0 1.0 1.0 1.0 1.0 1.0 1.0 1.0 1.0 1.0 1.0 1.0 1.0
148.6494424309255 50.205368267478775 3.0 2.0 2.0 1.0 4.0 5.0 0.0 1.0 4.0 5.0 1.0 None 0.0 None 106.21960283552477 82.73925042610034 84.96304091095715 51.89182213166043 127.64660048755957 154.61818075943307 12.296992964254912 55.78329597627709 121.7174993751508 176.6900278700918 59.999919870407155 None 29.999919870407155 None 1.0 1.0 1.0 1.0 1.0 1.0 1.0 1.0 1.0 1.0 1.0 1.0 1.0 1.0
186.69144183830753 39.97505148877507 2.0 2.0 2.0 1.0 3.0 4.0 0.0 2.0 3.0 4.0 1.0 None 0.0 None 107.50139266365176 76.99087834594064 85.87635316951508 53.38583864186006 132.99012725491724 168.94920790265883 12.388284403401883 64.77516810578823 123.78199430524995 163.2199596055596 49.999971749998565 None 29.999971749998565 None 1.0 1.0 1.0 1.0 1.0 1.0 1.0 1.0 1.0 1.0 1.0 1.0 1.0 1.0
175.02924074275762 42.63858980550828 3.0 2.0 2.0 1.0 3.0 5.0 0.0 1.0 3.0 4.0 2.0 None 0.0 None 110.16050785133604 102.54779014746572 88.79235479465478 70.15069638149504 132.5590489433908 179.66314124808764 14.896945793375494 71.41010058117166 132.6533416450169 155.45046932976607 79.99997062316805 None 29.999970623168053 None 1.0 1.0 1.0 1.0 1.0 1.0 1.0 1.0 1.0 1.0 1.0 1.0 1.0 1.0
184.2604133653171 40.50245988108015 3.0 2.0 2.0 1.0 3.0 4.0 0.0 2.0 4.0 4.0 2.0 None 0.0 None 111.64454239373691 88.48266205921482 90.70702551011237 65.04341084305344 130.44441797975418 168.17500934363142 22.72184146834212 81.43495831260634 140.6941969924144 177.48729841526915 79.99991733419853 None 29.99991733419853 None 1.0 1.0 1.0 1.0 1.0 1.0 1.0 1.0 1.0 1.0 1.0 1.0 1.0 1.0
182.43278747131882 40.90821668321708 3.0 2.0 2.0 2.0 4.0 4.0 0.0 2.0 4.0 2.0 2.0 None 1.0 2.0 112.06352190435337 76.44294220511858 89.2056810659655 56.97211448855535 136.93355309896464 154.31298926316356 17.036472129597655 74.82106699971928 147.50042713139254 97.0251837777235 59.99990899676823 None 29.999908996768227 69.99990899676823 1.0 1.0 1.0 1.0 1.0 1.0 1.0 1.0 1.0 1.0 1.0 1.0 1.0 1.0
188.31287622841785 39.630853447045254 2.0 2.0 2.0 2.0 3.0 4.0 0.0 2.0 4.0 5.0 2.0 None 1.0 None 108.82019548283569 97.70193846031322 87.68882916104656 67.82223976153762 134.20536873398225 163.74336065775714 12.47989339536906 71.41432731183164 145.54150390821138 201.91925961701753 69.99995650835268 None 29.999956508352682 None 1.0 1.0 1.0 1.0 1.0 1.0 1.0 1.0 1.0 1.0 1.0 1.0 1.0 1.0
137.6374084302895 54.22217756867934 4.0 4.0 3.0 3.0 4.0 None 0.0 3.0 5.0 None 3.0 None 1.0 None 115.01385963926327 99.54661757017186 91.63656818788894 72.93603586696446 133.90927511493845 None 23.464065839364423 79.2511272406357 166.618977044404 None 79.99994151183097 None 29.99994151183097 None 1.0 1.0 1.0 1.0 1.0 0.0 1.0 1.0 1.0 0.0 1.0 1.0 1.0 1.0
179.09128443127452 41.67148626857882 3.0 2.0 2.0 1.0 4.0 4.0 0.0 1.0 4.0 None 2.0 None 0.0 None 108.88785380731616 99.1579484987513 88.04096100898738 68.00473878683238 136.07572545910148 168.7110143647377 15.408656872564961 68.90739752227063 140.02610478666742 None 79.9999237096826 None 29.999923709682605 None 1.0 1.0 1.0 1.0 1.0 1.0 1.0 1.0 1.0 0.0 1.0 1.0 1.0 1.0
156.52313010479196 47.679854057375 3.0 2.0 3.0 2.0 4.0 5.0 0.0 2.0 4.0 None 2.0 None 0.0 1.0 109.25641572407005 85.31982949460769 87.82166173907581 67.28252400331695 129.49872640469073 165.12561870883604 14.524226792237641 71.36783869956025 142.92369475036423 None 69.99994906553616 None 29.999949065536157 39.99994906553616 1.0 1.0 1.0 1.0 1.0 1.0 1.0 1.0 1.0 0.0 1.0 1.0 1.0 1.0
187.3378822211845 39.83711095435919 2.0 2.0 2.0 1.0 3.0 3.0 0.0 1.0 3.0 3.0 2.0 None 1.0 None 109.81728854382328 84.2426950261019 82.0173110445441 65.42520600661959 134.58762863480297 152.38085871353843 14.652687347112476 57.87486798743055 129.80458264465136 147.05914102997565 79.99999458902693 None 29.999994589026926 None 1.0 1.0 1.0 1.0 1.0 1.0 1.0 1.0 1.0 1.0 1.0 1.0 1.0 1.0
172.18655002193657 43.342525877016605 3.0 2.0 2.0 2.0 3.0 4.0 0.0 2.0 3.0 5.0 2.0 None 1.0 None 106.02745199658801 95.7247745490564 83.86545499210393 67.30224526748742 133.98805796279584 166.05073864061552 14.345612321664987 62.61298018550343 118.55952454397834 184.49820649706118 79.99995775311527 None 29.999957753115268 None 1.0 1.0 1.0 1.0 1.0 1.0 1.0 1.0 1.0 1.0 1.0 1.0 1.0 1.0
186.09861781379686 40.10239349261149 2.0 2.0 2.0 2.0 3.0 4.0 0.0 1.0 3.0 3.0 2.0 None 1.0 4.0 106.30496109704143 97.662321385687 84.31829329013209 70.02368788144258 136.0494592360517 181.06800334907626 13.700895702210573 65.33665793150101 124.97280143807973 124.97280143807973 79.99999782553567 None 29.999997825535672 169.99999782553567 1.0 1.0 1.0 1.0 1.0 1.0 1.0 1.0 1.0 1.0 1.0 1.0 1.0 1.0
178.54807652746888 41.79826601969497 2.0 2.0 2.0 1.0 3.0 4.0 0.0 2.0 4.0 4.0 2.0 None 1.0 None 114.53775049426338 93.69245278158286 91.91051348821372 68.84814481660607 136.48243027969835 157.90498370476547 27.933905065654244 74.11137196055165 161.34612277420962 163.6970724282579 79.9999258202094 None 29.9999258202094 None 1.0 1.0 1.0 1.0 1.0 1.0 1.0 1.0 1.0 1.0 1.0 1.0 1.0 1.0
135.07963495336992 55.248890793762214 4.0 4.0 3.0 2.0 4.0 None 0.0 2.0 5.0 4.0 2.0 None 0.0 4.0 114.91343931989036 102.92656025183413 88.49273389635249 71.51306190889983 132.365056639113 None 16.81941931973472 75.54153095624679 148.98058987572347 112.13496688779622 69.9999951225501 None 29.999995122550104 129.9999951225501 1.0 1.0 1.0 1.0 1.0 0.0 1.0 1.0 1.0 1.0 1.0 1.0 1.0 1.0
185.51376146002565 40.22882152388529 3.0 2.0 2.0 1.0 3.0 4.0 0.0 1.0 3.0 4.0 2.0 None 1.0 None 110.55184237765019 102.95490182009246 89.61186194748973 73.43531716498228 129.14272030460836 180.00852842784474 16.38516823752542 76.28983991508392 134.25367477756828 172.50262926963927 79.99992168506378 None 29.999921685063782 None 1.0 1.0 1.0 1.0 1.0 1.0 1.0 1.0 1.0 1.0 1.0 1.0 1.0 1.0
174.0997155147394 42.866238913343764 3.0 3.0 2.0 2.0 4.0 5.0 1.0 2.0 4.0 3.0 2.0 None 1.0 4.0 114.63475908325375 103.13711956254724 91.12170966009904 75.55196886678794 129.67030016858178 182.20522713741826 20.37371062918453 77.3135736703511 159.37726592095532 117.82322379923028 79.999938244416 None 29.999938244416 149.999938244416 1.0 1.0 1.0 1.0 1.0 1.0 1.0 1.0 1.0 1.0 1.0 1.0 1.0 1.0
184.01974796308065 40.555429961230466 3.0 2.0 2.0 1.0 3.0 4.0 0.0 2.0 4.0 4.0 2.0 None 1.0 None 106.21611831159629 76.0663942383976 83.85013692249282 57.247513100094636 124.01109894243905 155.65812611277698 12.474206998833779 68.83852218652845 135.6237582068482 154.53148778121277 69.99994618313696 None 29.999946183136956 None 1.0 1.0 1.0 1.0 1.0 1.0 1.0 1.0 1.0 1.0 1.0 1.0 1.0 1.0
184.68533224033575 40.409272948044446 3.0 2.0 2.0 1.0 3.0 4.0 0.0 1.0 4.0 3.0 2.0 None 0.0 1.0 114.92870279046514 105.93036289202058 90.98401902932613 69.34705693863435 137.18902282584037 174.70458733764622 15.015055183793436 61.882373950739634 146.92969470453676 118.45089244620215 79.99998755849305 None 29.999987558493046 59.999987558493046 1.0 1.0 1.0 1.0 1.0 1.0 1.0 1.0 1.0 1.0 1.0 1.0 1.0 1.0
158.54851200562246 47.0707665785936 3.0 3.0 2.0 2.0 3.0 5.0 0.0 2.0 5.0 5.0 2.0 None 1.0 2.0 110.35710506632597 91.32897993748128 85.76665079796572 57.845525032327885 130.36829731208752 167.21306667359067 13.13875113817727 60.95457466590108 165.51117402854544 181.34535771481092 69.99995886868948 None 29.999958868689475 69.99995886868948 1.0 1.0 1.0 1.0 1.0 1.0 1.0 1.0 1.0 1.0 1.0 1.0 1.0 1.0
194.36796479317042 38.3962450187791 2.0 2.0 2.0 1.0 3.0 4.0 0.0 1.0 3.0 3.0 2.0 None 0.0 4.0 108.40031770900924 95.94182451195633 87.04744618218507 62.460094276481016 129.70261038384155 171.6658000421226 13.785672655578765 57.12759186465547 135.50484030122624 137.85568087212846 79.9999458525188 None 29.999945852518806 179.9999458525188 1.0 1.0 1.0 1.0 1.0 1.0 1.0 1.0 1.0 1.0 1.0 1.0 1.0 1.0
180.56167928473218 41.33213663920023 3.0 2.0 2.0 1.0 3.0 4.0 0.0 1.0 3.0 4.0 2.0 None 0.0 5.0 109.31250484200592 90.38672968345242 88.89971437364073 66.56858914886203 131.55184845727098 156.30480052300146 12.86072487895592 66.56858914886203 125.20178339366049 161.5976264461694 79.99995002920036 None 29.999950029200363 189.99995002920036 1.0 1.0 1.0 1.0 1.0 1.0 1.0 1.0 1.0 1.0 1.0 1.0 1.0 1.0
179.3063048549763 41.621514681461456 3.0 2.0 2.0 2.0 4.0 4.0 0.0 2.0 4.0 5.0 1.0 None 0.0 None 110.33071398146922 79.89355734072223 86.56487959225353 57.84099329143265 132.2815342553294 157.81652833689589 14.442641764480129 73.72129549850479 134.4472738522539 184.84618353656992 49.999940136277985 None 29.999940136277985 None 1.0 1.0 1.0 1.0 1.0 1.0 1.0 1.0 1.0 1.0 1.0 1.0 1.0 1.0
159.3014444834311 46.84828831402231 3.0 2.0 2.0 2.0 4.0 5.0 0.0 1.0 4.0 5.0 2.0 None 1.0 None 109.01978894301129 92.72747348301931 87.06860616882233 68.09639267917214 137.53461349102076 159.4654013917684 16.055390094829704 65.9103308909381 144.11895587558888 180.0078722233905 79.9999975759693 None 29.999997575969303 None 1.0 1.0 1.0 1.0 1.0 1.0 1.0 1.0 1.0 1.0 1.0 1.0 1.0 1.0
209.3453683613784 35.649224334006476 3.0 2.0 2.0 1.0 3.0 4.0 0.0 1.0 3.0 4.0 1.0 None 0.0 None 111.25386040940106 97.80597856458093 88.98968284236491 71.64489931963334 129.9466694564316 159.99509272118195 14.980383405323153 71.64489931963334 144.52077320526394 200.80468487350907 69.99999095071144 None 29.999990950711435 None 1.0 1.0 1.0 1.0 1.0 1.0 1.0 1.0 1.0 1.0 1.0 1.0 1.0 1.0
177.07224903444012 42.14663811351075 3.0 2.0 2.0 1.0 4.0 5.0 0.0 1.0 4.0 5.0 1.0 None 0.0 None 109.14534966236607 93.55171792780465 86.88200982537035 61.69583756078487 132.30775144007998 182.5360781367405 12.54773508082377 67.00448250452149 150.16503247519955 191.6273653067501 49.99993783246612 None 29.999937832466117 None 1.0 1.0 1.0 1.0 1.0 1.0 1.0 1.0 1.0 1.0 1.0 1.0 1.0 1.0
147.86040906610918 50.47328116523236 3.0 3.0 3.0 2.0 4.0 4.0 1.0 3.0 4.0 4.0 2.0 None 1.0 None 112.25319372141729 76.29248833776825 89.08093237723455 56.80212068806247 136.48075902401968 138.70418084823655 26.28991774234271 72.69381112877193 132.22955872715096 144.84625366433767 59.99997588636177 None 29.999975886361767 None 1.0 1.0 1.0 1.0 1.0 1.0 1.0 1.0 1.0 1.0 1.0 1.0 1.0 1.0
154.57946309909494 48.27937586518694 3.0 3.0 2.0 2.0 3.0 5.0 0.0 2.0 4.0 None 2.0 None 0.0 None 112.3128216481278 98.3172550030834 87.38359775330599 71.32333093356107 129.54859010991748 180.41506148737693 13.5295758826922 75.17008869635049 143.10635995335144 None 79.99997508874924 None 29.99997508874924 None 1.0 1.0 1.0 1.0 1.0 1.0 1.0 1.0 1.0 0.0 1.0 1.0 1.0 1.0
145.42807677003907 51.317463352011536 3.0 3.0 3.0 2.0 4.0 5.0 0.0 2.0 4.0 None 1.0 None 1.0 None 108.82874106111933 90.7306819291901 86.87726749597766 64.94569232931218 129.07186470887575 161.0109674065722 23.449639023396344 70.2930767079672 134.19179596646615 None 49.99991119633631 None 29.999911196336313 None 1.0 1.0 1.0 1.0 1.0 1.0 1.0 1.0 1.0 0.0 1.0 1.0 1.0 1.0
198.21925529237797 37.65022721426283 2.0 2.0 2.0 2.0 3.0 4.0 0.0 2.0 3.0 4.0 2.0 None 1.0 None 109.90917643766937 98.05051472745515 85.96032473851142 75.95335443656148 131.96360443868866 174.1371743228177 14.97181017004516 67.72572176844562 127.12507657653379 192.31825950770474 79.9999863912588 None 29.9999863912588 None 1.0 1.0 1.0 1.0 1.0 1.0 1.0 1.0 1.0 1.0 1.0 1.0 1.0 1.0
163.79757620018023 45.56233476177524 3.0 2.0 2.0 1.0 3.0 4.0 0.0 2.0 4.0 4.0 1.0 None 1.0 None 116.53996185455708 86.95873795031139 91.76214078247114 64.44195230435787 135.38697772162794 155.21263808748336 26.499949648829897 78.70124471368382 152.42745178427975 148.61512721266166 49.99993921720744 None 29.99993921720744 None 1.0 1.0 1.0 1.0 1.0 1.0 1.0 1.0 1.0 1.0 1.0 1.0 1.0 1.0
160.16504233773253 46.595685869224326 3.0 2.0 2.0 1.0 4.0 5.0 0.0 1.0 4.0 None 1.0 None 0.0 None 114.38451911495031 86.30411684592013 89.7806475072664 57.844275537638225 135.20868191054433 165.51464397292727 18.447896309727298 67.27059653528539 151.0155337626773 None 49.99999019538615 None 29.999990195386147 None 1.0 1.0 1.0 1.0 1.0 1.0 1.0 1.0 1.0 0.0 1.0 1.0 1.0 1.0
161.2507697986518 46.28194959514791 3.0 2.0 2.0 1.0 4.0 4.0 1.0 1.0 4.0 2.0 1.0 None 1.0 2.0 109.5562950001601 81.3429596545073 84.96267842784107 46.84946036607806 128.36563465017434 148.0914462789397 21.206659460815786 64.47138261628032 133.60928131764138 80.31114554783323 49.99992643481903 None 29.99992643481903 69.99992643481903 1.0 1.0 1.0 1.0 1.0 1.0 1.0 1.0 1.0 1.0 1.0 1.0 1.0 1.0
130.93701642610426 56.996869210104734 4.0 4.0 3.0 3.0 5.0 5.0 1.0 3.0 5.0 5.0 2.0 None 2.0 5.0 109.93901136481225 91.6551143550372 87.74519435451458 62.72300634676395 133.90505902559033 149.05763937468964 22.634192383490074 73.76620788121681 160.16421148336804 139.06545605395394 59.99994523527937 None 29.99994523527937 169.99994523527937 1.0 1.0 1.0 1.0 1.0 1.0 1.0 1.0 1.0 1.0 1.0 1.0 1.0 1.0
155.2660831375096 48.06587407367313 3.0 3.0 3.0 2.0 4.0 5.0 1.0 3.0 4.0 None 3.0 None 1.0 None 111.06771920478775 88.43877531263428 82.1853793368648 72.74692251620604 133.32926922889015 166.1777921187251 24.08206519327092 77.14417502528374 140.61369555689043 None 79.9999519250577 None 29.9999519250577 None 1.0 1.0 1.0 1.0 1.0 1.0 1.0 1.0 1.0 0.0 1.0 1.0 1.0 1.0
150.46116509211072 49.600838830612744 3.0 3.0 3.0 2.0 4.0 5.0 0.0 2.0 4.0 None 2.0 None 0.0 None 110.46554716475055 98.23510201255408 88.10033392568164 65.42499467698735 126.25669962369801 169.03344525848206 15.394091594123893 68.28070832878115 145.2400933270199 None 79.99999134656571 None 29.999991346565707 None 1.0 1.0 1.0 1.0 1.0 1.0 1.0 1.0 1.0 0.0 1.0 1.0 1.0 1.0
146.7424420755284 50.85781519268154 3.0 3.0 2.0 2.0 4.0 5.0 0.0 2.0 5.0 None 2.0 None 0.0 None 110.15341042469566 90.117281214598 87.78990241430199 65.07424724074326 133.91272093176678 153.9259021136766 15.237643575219693 65.07424724074326 165.00781333672126 None 69.99998735464919 None 29.999987354649193 None 1.0 1.0 1.0 1.0 1.0 1.0 1.0 1.0 1.0 0.0 1.0 1.0 1.0 1.0
158.86794149338897 46.97612324957682 3.0 3.0 2.0 2.0 4.0 5.0 1.0 2.0 4.0 4.0 2.0 None 1.0 None 111.95664914329183 92.8956397177987 85.24490582231306 65.85283019769844 127.6464348009369 164.12233119600398 22.637117965010304 68.89470367326999 155.23630059361636 142.72583521506374 69.99991691333963 None 29.999916913339632 None 1.0 1.0 1.0 1.0 1.0 1.0 1.0 1.0 1.0 1.0 1.0 1.0 1.0 1.0
175.73066129655916 42.46839990777481 2.0 2.0 2.0 1.0 4.0 4.0 0.0 2.0 3.0 2.0 2.0 None 1.0 4.0 109.78752549872547 91.54687277982185 89.11556354328275 54.265098562080595 137.62860875036858 168.24891986528496 23.09814172498966 65.7662366884312 137.09800048971806 101.13435965360509 59.999924076174295 None 29.999924076174295 149.9999240761743 1.0 1.0 1.0 1.0 1.0 1.0 1.0 1.0 1.0 1.0 1.0 1.0 1.0 1.0
176.3371254373934 42.32234126244537 2.0 2.0 2.0 2.0 3.0 4.0 0.0 2.0 3.0 2.0 2.0 None 1.0 3.0 111.2101277804216 96.99247140167546 88.48639901238658 71.56598498510857 138.68846392940998 170.31781683131055 23.49052224254183 73.71644046649084 127.90285336958613 111.89219768138543 79.99994799162607 None 29.999947991626073 139.99994799162607 1.0 1.0 1.0 1.0 1.0 1.0 1.0 1.0 1.0 1.0 1.0 1.0 1.0 1.0
181.62125602800842 41.091005332818014 2.0 2.0 2.0 1.0 3.0 4.0 0.0 1.0 2.0 4.0 1.0 None 1.0 None 107.69870837304165 77.16254897900302 86.56620424880964 64.12048171338728 133.19385748475815 165.26279832446806 12.90854040707353 68.5904260087496 111.30604627545233 177.79598872431313 59.9999609135221 None 29.999960913522102 None 1.0 1.0 1.0 1.0 1.0 1.0 1.0 1.0 1.0 1.0 1.0 1.0 1.0 1.0
145.47064824088056 51.30244547781376 4.0 3.0 3.0 2.0 4.0 None 0.0 2.0 5.0 5.0 2.0 None 1.0 None 116.10268096646934 101.81678497183572 89.0613347159088 66.54514374064581 132.678844581695 None 15.26864902545276 74.42693716411702 173.49395268470153 154.201903780316 79.99998087634901 None 29.999980876349014 None 1.0 1.0 1.0 1.0 1.0 0.0 1.0 1.0 1.0 1.0 1.0 1.0 1.0 1.0
164.98704945550742 45.23385335169941 3.0 2.0 2.0 1.0 4.0 4.0 0.0 1.0 4.0 4.0 2.0 None 0.0 None 107.51600893162629 82.12802334409838 84.7981107649465 55.51510904938482 132.91231254568686 156.91627456329223 12.345341213288577 53.9489033006879 129.2850174457539 129.2850174457539 69.99997285013126 None 29.999972850131257 None 1.0 1.0 1.0 1.0 1.0 1.0 1.0 1.0 1.0 1.0 1.0 1.0 1.0 1.0
193.32892484679144 38.60260437445793 2.0 2.0 2.0 1.0 3.0 4.0 0.0 2.0 4.0 4.0 1.0 None 1.0 None 114.76616745746111 89.80297259522342 93.13979529001261 68.8652246989858 133.99020060289092 147.62900587279518 18.438721739134394 77.27961623674304 151.93614725200536 186.45704278661202 69.99998981994156 None 29.99998981994156 None 1.0 1.0 1.0 1.0 1.0 1.0 1.0 1.0 1.0 1.0 1.0 1.0 1.0 1.0
177.61022527709912 42.01897716393625 3.0 2.0 2.0 2.0 3.0 4.0 0.0 2.0 3.0 3.0 2.0 None 0.0 4.0 109.40795054373774 97.27053923531741 88.45382269399619 75.57016701293509 133.77757127922013 175.31765849792015 15.418237237048174 69.09705442250896 130.0762234044907 120.26372129952455 79.99998318088262 None 29.999983180882623 159.99998318088262 1.0 1.0 1.0 1.0 1.0 1.0 1.0 1.0 1.0 1.0 1.0 1.0 1.0 1.0
191.75883732481276 38.91867568720558 3.0 2.0 2.0 1.0 3.0 4.0 1.0 2.0 3.0 4.0 1.0 None 1.0 5.0 112.36947382086805 81.45748303795233 90.10960021737378 56.38724644383683 129.63783778043972 151.48789250782596 25.47639779736943 71.3543803766998 132.559125959474 160.33810878983678 59.99998459567803 None 29.99998459567803 209.99998459567803 1.0 1.0 1.0 1.0 1.0 1.0 1.0 1.0 1.0 1.0 1.0 1.0 1.0 1.0
151.43225075457184 49.28276481933415 3.0 2.0 2.0 1.0 3.0 5.0 0.0 2.0 3.0 5.0 2.0 None 0.0 5.0 112.0429342514575 92.54833225998198 87.99498321909869 67.13136091814806 131.17226978936384 168.0425027692081 15.437450227664556 74.80061147823812 131.05329526709744 156.91953757975716 79.99993354589049 None 29.999933545890485 189.99993354589049 1.0 1.0 1.0 1.0 1.0 1.0 1.0 1.0 1.0 1.0 1.0 1.0 1.0 1.0
196.36703173804113 38.005361357989266 3.0 3.0 2.0 2.0 4.0 4.0 0.0 2.0 4.0 4.0 2.0 None 1.0 None 114.77493264368064 104.46934876343789 93.83967517029987 71.10931546880306 128.34438670205117 174.50781908367014 13.888745385327184 75.63399049502135 138.9796128406989 182.74997949199684 79.99998092932645 None 29.999980929326455 None 1.0 1.0 1.0 1.0 1.0 1.0 1.0 1.0 1.0 1.0 1.0 1.0 1.0 1.0
101.53352535138362 73.50281568745214 5.0 5.0 4.0 4.0 5.0 None 0.0 3.0 None None 5.0 None 0.0 None 113.4451039745673 119.0066040178815 90.40732163813459 84.82689240818371 130.22793318238837 None 15.436864154352861 80.27434373598436 None None 139.9999374526713 None 29.999937452671304 None 1.0 1.0 1.0 1.0 1.0 0.0 1.0 1.0 0.0 0.0 1.0 1.0 1.0 1.0
161.03868344097464 46.34290246625996 3.0 3.0 2.0 2.0 4.0 5.0 0.0 2.0 4.0 4.0 2.0 None 1.0 4.0 111.13508632425908 93.36503091248773 89.39245402652836 66.6966367665097 135.09630434573882 162.68792320454634 12.372452433676813 73.30667589557447 152.27829597139134 131.79139748791573 79.99990534127437 None 29.99990534127437 159.99990534127437 1.0 1.0 1.0 1.0 1.0 1.0 1.0 1.0 1.0 1.0 1.0 1.0 1.0 1.0
167.5129038471349 44.551791704419465 3.0 2.0 2.0 2.0 4.0 4.0 0.0 2.0 4.0 5.0 2.0 None 1.0 1.0 111.9687126348698 94.84700079088617 88.17391564124404 68.08205883617438 133.39425414760518 165.76134629267347 13.036324617766354 67.14810778066658 146.30065410052953 181.10525562800422 79.99992562185525 None 29.999925621855255 49.999925621855255 1.0 1.0 1.0 1.0 1.0 1.0 1.0 1.0 1.0 1.0 1.0 1.0 1.0 1.0
