189.80698250056855 35.93123872552777 4.0 4.0 4.0 4.0 None None 3.0 3.0 4.0 4.0 2.0 None 0.0 None 142.54576726273757 119.63106312677684 155.69882480463713 130.33494293647027 None None 95.33433291526006 95.33433291526006 118.87001481428399 165.8496485911008 59.99995292593087 None 29.99995292593087 None 1.0 1.0 1.0 1.0 0.0 0.0 1.0 1.0 1.0 1.0 1.0 1.0 1.0 1.0
132.11306562716987 51.62244905622283 5.0 4.0 None 4.0 None None 3.0 3.0 None None 2.0 None 1.0 None 153.54449079701044 117.76348208800033 None 130.58466677797406 None None 99.88675809819756 99.88675809819756 None None 59.999970973060556 None 29.999970973060556 None 1.0 1.0 0.0 1.0 0.0 0.0 1.0 1.0 0.0 0.0 1.0 1.0 1.0 1.0
234.91847448215418 29.031348066744272 3.0 2.0 3.0 3.0 None None 2.0 2.0 2.0 3.0 2.0 None 0.0 None 142.42758241856836 116.33511657465118 154.66994421071576 136.0177793804799 None None 76.95825153386545 76.95825153386545 123.04279947040271 200.88156109042188 59.99994150284857 None 29.99994150284857 None 1.0 1.0 1.0 1.0 0.0 0.0 1.0 1.0 1.0 1.0 1.0 1.0 1.0 1.0
135.51978716208936 50.32475436109483 5.0 3.0 5.0 4.0 None None 2.0 2.0 3.0 4.0 2.0 None 1.0 3.0 138.57117167000268 107.84644943002877 150.2965902363402 120.38682336299485 None None 78.54965034463191 78.54965034463191 104.72208038146488 133.52654072272924 59.99993475220509 None 29.999934752205093 79.99993475220509 1.0 1.0 1.0 1.0 0.0 0.0 1.0 1.0 1.0 1.0 1.0 1.0 1.0 1.0
141.94299874917095 48.047456092228245 5.0 4.0 5.0 4.0 None None 2.0 2.0 3.0 None 2.0 None 0.0 None 143.03496375212018 128.29426075219266 159.7263321635154 137.74459157027252 None None 72.1378616964517 72.1378616964517 113.165090521992 None 69.99994241851118 None 29.999942418511182 None 1.0 1.0 1.0 1.0 0.0 0.0 1.0 1.0 1.0 0.0 1.0 1.0 1.0 1.0
175.60875624026568 38.83633223088809 4.0 2.0 4.0 3.0 None None 2.0 2.0 4.0 4.0 2.0 None 1.0 None 157.29473184006252 118.24591531751975 171.29411088590427 132.0067848849091 None None 110.16769352268443 110.16769352268443 160.42336565766516 172.05500800556626 49.999932065420865 None 29.999932065420865 None 1.0 1.0 1.0 1.0 0.0 0.0 1.0 1.0 1.0 1.0 1.0 1.0 1.0 1.0
216.47251585310408 31.50515423689157 3.0 3.0 3.0 3.0 None None 2.0 2.0 3.0 3.0 2.0 None 1.0 None 152.72012148430235 124.01508434999027 166.31890292849414 138.7282933659132 None None 110.81310205190692 110.81310205190692 140.0547545377861 179.25946599819895 69.99999953774358 None 29.999999537743577 None 1.0 1.0 1.0 1.0 0.0 0.0 1.0 1.0 1.0 1.0 1.0 1.0 1.0 1.0
132.11186858002554 51.62291680000611 5.0 4.0 None 4.0 None None 3.0 3.0 4.0 None 2.0 None 0.0 None 149.26699375009747 117.39391639816495 None 130.2257926771465 None None 101.49109326253551 101.49109326253551 130.2257926771465 None 59.9999850624406 None 29.9999850624406 None 1.0 1.0 0.0 1.0 0.0 0.0 1.0 1.0 1.0 0.0 1.0 1.0 1.0 1.0
146.46604595389726 46.56369300873128 4.0 3.0 5.0 4.0 None None 2.0 2.0 3.0 4.0 1.0 None 0.0 5.0 139.03448046596355 116.28631464725464 152.65232247498625 128.49284592549827 None None 81.50546778494936 81.50546778494936 114.1662951338356 141.59283846603688 59.999966694168336 None 29.999966694168336 149.99996669416834 1.0 1.0 1.0 1.0 0.0 0.0 1.0 1.0 1.0 1.0 1.0 1.0 1.0 1.0
132.33795818634786 51.53472286761909 5.0 4.0 None 5.0 None None 2.0 2.0 5.0 None 2.0 None 0.0 None 148.32572157791122 121.71996768037138 None 137.18110455756164 None None 84.58338558125678 84.58338558125678 133.7613971987999 None 59.99998532391061 None 29.999985323910607 None 1.0 1.0 0.0 1.0 0.0 0.0 1.0 1.0 1.0 0.0 1.0 1.0 1.0 1.0
170.74388096008772 39.942866248859666 4.0 2.0 4.0 3.0 None None 1.0 1.0 3.0 4.0 1.0 None 0.0 4.0 147.7358022603853 115.25651350807902 160.87878830743603 129.49504635130847 None None 90.02539471096742 90.02539471096742 128.73359291603572 150.52183085285077 59.9999876497198 None 29.9999876497198 149.9999876497198 1.0 1.0 1.0 1.0 0.0 0.0 1.0 1.0 1.0 1.0 1.0 1.0 1.0 1.0
121.19857869122694 56.27128695440445 5.0 5.0 None 5.0 None None 4.0 4.0 5.0 None 2.0 None 1.0 None 149.93700277061362 122.62762430664571 None 137.8189447648066 None None 100.61564049404103 100.61564049404103 137.8189447648066 None 59.99991546257979 None 29.999915462579793 None 1.0 1.0 0.0 1.0 0.0 0.0 1.0 1.0 1.0 0.0 1.0 1.0 1.0 1.0
150.4483758187971 45.33116401478563 4.0 3.0 5.0 4.0 None None 2.0 2.0 3.0 5.0 1.0 None 1.0 None 136.91974317731274 111.00176555441129 152.80763900098026 126.20380796958625 None None 74.0555521174964 74.0555521174964 99.14282969131165 160.3929034798058 49.99993939272258 None 29.99993939272258 None 1.0 1.0 1.0 1.0 0.0 0.0 1.0 1.0 1.0 1.0 1.0 1.0 1.0 1.0
134.80996353631997 50.58973254719843 5.0 4.0 5.0 4.0 None None 2.0 2.0 5.0 None 2.0 None 0.0 None 147.68467190432847 120.60044403436348 160.02850611298703 133.74472582712963 None None 87.19544842635844 87.19544842635844 145.17611221985572 None 59.99995437613097 None 29.999954376130972 None 1.0 1.0 1.0 1.0 0.0 0.0 1.0 1.0 1.0 0.0 1.0 1.0 1.0 1.0
244.44100100093675 27.900393027656865 2.0 2.0 2.0 2.0 None None 1.0 1.0 2.0 1.0 1.0 None 0.0 2.0 141.0283469168425 120.97342386446161 153.98891035206606 134.43868827987632 None None 77.59404334456349 77.59404334456349 107.45047324165904 96.23403660759186 59.99995376406565 None 29.99995376406565 119.99995376406565 1.0 1.0 1.0 1.0 0.0 0.0 1.0 1.0 1.0 1.0 1.0 1.0 1.0 1.0
276.89594285242305 24.63019114597446 2.0 2.0 3.0 2.0 None None 1.0 1.0 2.0 3.0 1.0 None 0.0 None 150.30926418339453 108.47253342602863 162.499840644787 123.86346320891016 None None 90.8772816350779 90.8772816350779 133.10410454640947 164.02242657362808 59.99994970353606 None 29.99994970353606 None 1.0 1.0 1.0 1.0 0.0 0.0 1.0 1.0 1.0 1.0 1.0 1.0 1.0 1.0
142.0687362524883 48.00493183721517 5.0 3.0 5.0 4.0 None None 2.0 2.0 3.0 4.0 1.0 None 0.0 5.0 144.00896340562667 110.70108874619399 155.23074284111232 125.25721401166732 None None 83.08122360968372 83.08122360968372 115.07520197212523 134.35093614131654 49.99990092499286 None 29.999900924992858 149.99990092499286 1.0 1.0 1.0 1.0 0.0 0.0 1.0 1.0 1.0 1.0 1.0 1.0 1.0 1.0
202.5183648060846 33.67595825954 3.0 3.0 3.0 3.0 None None 2.0 2.0 3.0 4.0 1.0 None 0.0 None 143.2310521672477 115.02524150085145 155.57129728640354 126.24422923838722 None None 83.84010169057478 83.84010169057478 115.7607847805561 185.46829955581376 59.99994313755957 None 29.99994313755957 None 1.0 1.0 1.0 1.0 0.0 0.0 1.0 1.0 1.0 1.0 1.0 1.0 1.0 1.0
134.64108056100628 50.65318825118785 5.0 4.0 None 4.0 None None 4.0 4.0 5.0 5.0 2.0 None 1.0 None 148.3909059283032 118.79723642542604 None 123.34678547824251 None None 107.69643085059914 107.69643085059914 146.86883296427277 147.62997330258867 59.99995096940745 None 29.99995096940745 None 1.0 1.0 0.0 1.0 0.0 0.0 1.0 1.0 1.0 1.0 1.0 1.0 1.0 1.0
166.37210093745205 40.99244982525041 3.0 2.0 4.0 3.0 None None 2.0 2.0 2.0 4.0 1.0 None 1.0 5.0 134.89435516444024 110.39841733887323 152.87090041777105 122.55508172229196 None None 77.11253448903227 77.11253448903227 102.34528388689745 165.7234543680966 49.99997688625791 None 29.99997688625791 179.9999768862579 1.0 1.0 1.0 1.0 0.0 0.0 1.0 1.0 1.0 1.0 1.0 1.0 1.0 1.0
137.87120215147286 49.46645777779739 5.0 4.0 5.0 4.0 None None 3.0 3.0 4.0 None 2.0 None 1.0 None 149.93995828461277 110.99513198055342 163.5748601719195 126.3846997172729 None None 90.46995865241928 90.46995865241928 133.20309803774967 None 59.99996187268732 None 29.999961872687322 None 1.0 1.0 1.0 1.0 0.0 0.0 1.0 1.0 1.0 0.0 1.0 1.0 1.0 1.0
135.77495472403183 50.23017694140963 5.0 5.0 None 5.0 None None 3.0 3.0 5.0 None 2.0 None 1.0 None 152.64466325753426 140.69025072063857 None 161.299230478506 None None 99.95092315225554 99.95092315225554 161.35168111361924 None 59.99992730289006 None 29.999927302890057 None 1.0 1.0 0.0 1.0 0.0 0.0 1.0 1.0 1.0 0.0 1.0 1.0 1.0 1.0
225.99256352995081 30.177984149005614 2.0 2.0 2.0 2.0 None None 1.0 1.0 1.0 2.0 1.0 None 0.0 2.0 134.49843998919567 119.22110568590159 152.33956785222023 138.98844739120665 None None 71.52800141355198 71.52800141355198 100.00666642375444 133.53680592967623 59.999927902553566 None 29.999927902553566 129.99992790255357 1.0 1.0 1.0 1.0 0.0 0.0 1.0 1.0 1.0 1.0 1.0 1.0 1.0 1.0
184.28628240871598 37.00763784943248 4.0 4.0 4.0 4.0 None None 3.0 3.0 4.0 5.0 1.0 None 1.0 None 146.25111202581223 117.10058441845706 158.73700206112392 125.29461295230084 None None 86.25515501135305 86.25515501135305 127.5258351010034 185.65968713447967 49.99994126305518 None 29.999941263055177 None 1.0 1.0 1.0 1.0 0.0 0.0 1.0 1.0 1.0 1.0 1.0 1.0 1.0 1.0
160.75650827642926 42.42440989246079 4.0 3.0 4.0 3.0 None None 2.0 2.0 3.0 None 2.0 None 1.0 None 140.81739288861195 113.74665177475134 156.74841493056022 129.18530794534837 None None 96.04866186275797 96.04866186275797 129.18530794534837 None 59.999929817784505 None 29.999929817784505 None 1.0 1.0 1.0 1.0 0.0 0.0 1.0 1.0 1.0 0.0 1.0 1.0 1.0 1.0
145.196265545401 46.970905032453985 4.0 3.0 5.0 4.0 None None 2.0 2.0 3.0 3.0 1.0 None 0.0 3.0 136.46074744109984 109.75006650535363 152.8412621066002 122.5777381899988 None None 81.7156459370072 81.7156459370072 109.75006650535363 113.44455550578601 59.99996817637202 None 29.999968176372022 99.99996817637202 1.0 1.0 1.0 1.0 0.0 0.0 1.0 1.0 1.0 1.0 1.0 1.0 1.0 1.0
128.33608404406544 53.14171809744706 5.0 5.0 None 5.0 None None 3.0 3.0 5.0 5.0 2.0 None 1.0 5.0 145.94345650818764 135.84525924979545 None 143.40862540821712 None None 81.53270220142025 81.53270220142025 138.58097615781065 151.06552664726746 59.999948271043706 None 29.999948271043706 159.9999482710437 1.0 1.0 0.0 1.0 0.0 0.0 1.0 1.0 1.0 1.0 1.0 1.0 1.0 1.0
137.65586055380356 49.54384050604489 4.0 4.0 5.0 5.0 None None 2.0 2.0 4.0 4.0 2.0 None 0.0 5.0 135.6915704008901 131.5003448591155 149.13471084244708 144.64472104274483 None None 83.3633735622301 83.3633735622301 120.9292188437546 123.65836769685126 69.99997331855388 None 29.999973318553884 149.99997331855388 1.0 1.0 1.0 1.0 0.0 0.0 1.0 1.0 1.0 1.0 1.0 1.0 1.0 1.0
156.15911938961085 43.67340201877271 4.0 3.0 4.0 3.0 None None 2.0 2.0 3.0 5.0 1.0 None 0.0 None 141.26782629356217 109.56109668644598 154.7312445351605 122.39289869827468 None None 78.76927645578422 78.76927645578422 111.03563794621232 160.05810858081884 59.99992125521226 None 29.999921255212257 None 1.0 1.0 1.0 1.0 0.0 0.0 1.0 1.0 1.0 1.0 1.0 1.0 1.0 1.0
187.8213983216636 36.311091605867205 3.0 3.0 3.0 3.0 None None 3.0 3.0 3.0 5.0 2.0 None 1.0 None 142.629628454772 113.09298103412414 156.7307541541511 128.54240000478228 None None 86.91461193983935 86.91461193983935 119.7266211717515 195.66229375780767 59.99997518603766 None 29.99997518603766 None 1.0 1.0 1.0 1.0 0.0 0.0 1.0 1.0 1.0 1.0 1.0 1.0 1.0 1.0
129.6644411915322 52.59730375829039 5.0 4.0 5.0 5.0 None None 3.0 3.0 4.0 5.0 2.0 None 0.0 5.0 142.7105878624244 125.8587325725851 153.28689068378077 137.8732807902362 None None 99.05824912998077 99.05824912998077 123.47720322263467 151.9365944559528 59.999992595293406 None 29.999992595293406 179.9999925952934 1.0 1.0 1.0 1.0 0.0 0.0 1.0 1.0 1.0 1.0 1.0 1.0 1.0 1.0
141.42774936262146 48.222502519738796 5.0 4.0 5.0 4.0 None None 3.0 3.0 4.0 5.0 1.0 None 0.0 None 142.55153814349762 114.18394064966975 156.9749846453011 127.79371026986865 None None 86.75629475691443 86.75629475691443 121.74276673700649 158.58105094446773 49.99992261207103 None 29.999922612071032 None 1.0 1.0 1.0 1.0 0.0 0.0 1.0 1.0 1.0 1.0 1.0 1.0 1.0 1.0
190.5119407493392 35.79828105878794 3.0 3.0 3.0 3.0 None None 2.0 2.0 3.0 3.0 1.0 None 0.0 3.0 137.2690242635071 108.24648259096875 151.01135153255711 123.39357175375108 None None 84.70583738524704 84.70583738524704 111.11211036446383 149.48966865697793 59.99991521415251 None 29.99991521415251 159.9999152141525 1.0 1.0 1.0 1.0 0.0 0.0 1.0 1.0 1.0 1.0 1.0 1.0 1.0 1.0
167.21511776762878 40.78578594476991 4.0 4.0 4.0 4.0 None None 2.0 2.0 4.0 4.0 1.0 None 1.0 4.0 147.6842667194714 113.77982856742227 162.7471388447351 125.40957945325886 None None 80.24316529034428 80.24316529034428 125.1245463067516 138.85976591446854 59.999956370083055 None 29.999956370083055 149.99995637008305 1.0 1.0 1.0 1.0 0.0 0.0 1.0 1.0 1.0 1.0 1.0 1.0 1.0 1.0
229.89776619516283 29.66536001141666 2.0 2.0 3.0 2.0 None None 1.0 1.0 1.0 3.0 1.0 None 1.0 4.0 139.1836093294092 116.80946150111345 156.04907276454395 137.15903520018617 None None 83.95591307596567 83.95591307596567 106.23735864769031 157.12264391630134 49.99992136246965 None 29.99992136246965 199.99992136246965 1.0 1.0 1.0 1.0 0.0 0.0 1.0 1.0 1.0 1.0 1.0 1.0 1.0 1.0
222.46417703881838 30.656621172810038 3.0 2.0 4.0 3.0 None None 1.0 1.0 2.0 4.0 1.0 None 1.0 None 146.91468570075062 127.71105210703735 163.41946638968994 141.62665983935466 None None 88.95128331879437 88.95128331879437 135.60756584170474 179.96687868480456 59.99993261413334 None 29.999932614133343 None 1.0 1.0 1.0 1.0 0.0 0.0 1.0 1.0 1.0 1.0 1.0 1.0 1.0 1.0
185.47932985497903 36.76959586457619 3.0 2.0 4.0 2.0 None None 1.0 1.0 3.0 5.0 1.0 None 1.0 None 148.18471995613845 111.76033077697332 164.02907639807933 124.01180242008547 None None 90.47536480041896 90.47536480041896 142.54697661570037 206.27062488813795 59.9999487012056 None 29.999948701205597 None 1.0 1.0 1.0 1.0 0.0 0.0 1.0 1.0 1.0 1.0 1.0 1.0 1.0 1.0
228.88609122909742 29.796480700846534 2.0 2.0 2.0 2.0 None None 1.0 1.0 2.0 2.0 1.0 None 0.0 2.0 141.63060138116464 121.78673142250045 154.2259823708622 131.47497171507814 None None 92.66776798773532 92.66776798773532 119.70458069244336 140.8690158913364 59.99998984030714 None 29.999989840307137 149.99998984030714 1.0 1.0 1.0 1.0 0.0 0.0 1.0 1.0 1.0 1.0 1.0 1.0 1.0 1.0
199.98974612529327 34.101748375275605 3.0 3.0 4.0 3.0 None None 3.0 3.0 4.0 4.0 2.0 None 1.0 None 151.27698439162566 122.57643231309419 170.83411925644123 131.72825647876414 None None 103.31106433910156 103.31106433910156 153.40383955735615 187.80003813639684 69.99990944750698 None 29.99990944750698 None 1.0 1.0 1.0 1.0 0.0 0.0 1.0 1.0 1.0 1.0 1.0 1.0 1.0 1.0
202.8842570701932 33.61522524461048 3.0 3.0 3.0 3.0 None None 2.0 2.0 3.0 3.0 2.0 None 0.0 3.0 146.1121964152843 129.33277360597987 161.17863881291822 144.9893742808501 None None 93.51727552464519 93.51727552464519 137.397364956179 138.20782164337533 59.9999826400238 None 29.999982640023802 159.9999826400238 1.0 1.0 1.0 1.0 0.0 0.0 1.0 1.0 1.0 1.0 1.0 1.0 1.0 1.0
173.44779867519628 39.32018769965102 3.0 3.0 4.0 3.0 None None 2.0 2.0 2.0 5.0 1.0 None 1.0 None 145.7746590353987 132.97633569443565 158.25244243918684 139.04285627191973 None None 68.08039890828428 68.08039890828428 115.10644532006609 182.7979169338348 59.99997907112703 None 29.99997907112703 None 1.0 1.0 1.0 1.0 0.0 0.0 1.0 1.0 1.0 1.0 1.0 1.0 1.0 1.0
154.52381242782963 44.13559239088333 4.0 4.0 4.0 4.0 None None 2.0 2.0 3.0 5.0 2.0 None 0.0 None 135.19802569052746 130.42913571867837 152.50514424323364 143.94387715595894 None None 76.91862328885503 76.91862328885503 106.13247137585921 178.57774200464854 69.99994763054275 None 29.99994763054275 None 1.0 1.0 1.0 1.0 0.0 0.0 1.0 1.0 1.0 1.0 1.0 1.0 1.0 1.0
185.57270101349525 36.75109519208881 3.0 3.0 4.0 4.0 None None 3.0 3.0 3.0 4.0 2.0 None 0.0 None 142.2678266241054 145.31038770742788 157.8973645822444 157.44290891198784 None None 86.77050971630808 86.77050971630808 108.65030226499971 170.07288182087746 59.9999608564666 None 29.9999608564666 None 1.0 1.0 1.0 1.0 0.0 0.0 1.0 1.0 1.0 1.0 1.0 1.0 1.0 1.0
153.9115146092522 44.311174620784506 4.0 4.0 5.0 4.0 None None 2.0 2.0 3.0 5.0 2.0 None 0.0 None 137.66884742806616 125.82295248103122 154.09711135375267 141.27870692247387 None None 66.99785809775801 66.99785809775801 101.80953295037426 178.72458712540788 59.999953174720304 None 29.999953174720304 None 1.0 1.0 1.0 1.0 0.0 0.0 1.0 1.0 1.0 1.0 1.0 1.0 1.0 1.0
172.35645660284115 39.569158791162906 4.0 4.0 4.0 4.0 None None 2.0 2.0 4.0 5.0 2.0 None 0.0 None 140.64024725591048 116.30304343319057 159.82690243751006 132.7847821616748 None None 82.65119334318416 82.65119334318416 123.14493537787655 187.15652790458404 59.99998245655837 None 29.99998245655837 None 1.0 1.0 1.0 1.0 0.0 0.0 1.0 1.0 1.0 1.0 1.0 1.0 1.0 1.0
195.57178126229837 34.87210657887859 3.0 2.0 3.0 2.0 None None 2.0 2.0 3.0 4.0 1.0 None 0.0 None 150.26708531929665 120.26497924081764 163.73149912948435 130.04628963811564 None None 104.90853452934556 104.90853452934556 141.82519062056804 192.65329263471887 59.99996623940126 None 29.99996623940126 None 1.0 1.0 1.0 1.0 0.0 0.0 1.0 1.0 1.0 1.0 1.0 1.0 1.0 1.0
189.11187369930673 36.06330933426208 3.0 3.0 3.0 3.0 None None 2.0 2.0 3.0 3.0 1.0 None 1.0 3.0 138.25982558225576 135.2254461366049 150.04839781725747 141.93664004495162 None None 71.86015853483468 71.86015853483468 108.24238654879656 105.39092467352452 59.999953794201474 None 29.999953794201474 119.99995379420147 1.0 1.0 1.0 1.0 0.0 0.0 1.0 1.0 1.0 1.0 1.0 1.0 1.0 1.0
135.99084193724144 50.150435888523795 5.0 4.0 5.0 5.0 None None 3.0 3.0 4.0 5.0 2.0 None 1.0 None 143.3683970326448 132.28277659491653 157.63338870817324 142.15899266926527 None None 84.47282458691552 84.47282458691552 118.6834248364816 165.84164741436285 59.999957409813646 None 29.999957409813646 None 1.0 1.0 1.0 1.0 0.0 0.0 1.0 1.0 1.0 1.0 1.0 1.0 1.0 1.0
128.70603377013998 52.988968739259306 5.0 4.0 None 5.0 None None 3.0 3.0 5.0 5.0 2.0 None 0.0 5.0 150.88398844059532 116.26481570480945 None 130.20899192883354 None None 92.08362044210514 92.08362044210514 131.62264442026554 153.87796760511725 59.99999466498667 None 29.999994664986673 179.99999466498667 1.0 1.0 0.0 1.0 0.0 0.0 1.0 1.0 1.0 1.0 1.0 1.0 1.0 1.0
163.37859096440548 41.74353542739171 4.0 3.0 4.0 3.0 None None 2.0 2.0 3.0 4.0 2.0 None 0.0 4.0 139.5183075783513 115.02354783868032 151.53689002292555 131.53117230489693 None None 78.75714894663236 78.75714894663236 108.6812717377461 147.81143602006148 59.99998673015034 None 29.99998673015034 159.99998673015034 1.0 1.0 1.0 1.0 0.0 0.0 1.0 1.0 1.0 1.0 1.0 1.0 1.0 1.0
224.74920959290472 30.344934304121825 3.0 3.0 3.0 3.0 None None 2.0 2.0 3.0 3.0 1.0 None 1.0 None 144.66854324587638 119.09998424513685 157.80736431123904 135.21218787431462 None None 98.31707659777874 98.31707659777874 130.83772109430896 183.62323017313827 59.99996125997194 None 29.99996125997194 None 1.0 1.0 1.0 1.0 0.0 0.0 1.0 1.0 1.0 1.0 1.0 1.0 1.0 1.0
204.93768295007771 33.27840884031725 3.0 3.0 4.0 3.0 None None 3.0 3.0 3.0 3.0 1.0 None 0.0 None 149.6989902655189 107.9648827550227 162.72099353400273 119.65673317702874 None None 90.97348370144147 90.97348370144147 125.74280273990178 160.62114831465385 49.99997367985833 None 29.99997367985833 None 1.0 1.0 1.0 1.0 0.0 0.0 1.0 1.0 1.0 1.0 1.0 1.0 1.0 1.0
245.2497109808524 27.808391588818075 2.0 1.0 3.0 1.0 None None 1.0 1.0 2.0 2.0 1.0 None 0.0 3.0 146.77271181346873 108.33727256254161 163.09848362850886 121.16021613886898 None None 71.9664642577078 71.9664642577078 129.84663789211146 149.4243112123628 49.99996950602775 None 29.999969506027753 169.99996950602775 1.0 1.0 1.0 1.0 0.0 0.0 1.0 1.0 1.0 1.0 1.0 1.0 1.0 1.0
169.43035737070954 40.252526795289725 3.0 3.0 4.0 3.0 None None 1.0 1.0 2.0 3.0 1.0 None 0.0 4.0 135.85869150333036 133.1253278244385 149.56866805784875 136.4913954682405 None None 86.53399767767831 86.53399767767831 112.86643550479153 128.48383045860328 59.99999594071943 None 29.99999594071943 149.99999594071943 1.0 1.0 1.0 1.0 0.0 0.0 1.0 1.0 1.0 1.0 1.0 1.0 1.0 1.0
217.554289978515 31.348496969071594 2.0 2.0 3.0 2.0 None None 2.0 2.0 2.0 3.0 2.0 None 0.0 4.0 136.6436390414084 113.60808260395652 148.3540893830952 121.9312262738652 None None 74.50265076045838 74.50265076045838 97.9381999279538 144.94249810485917 59.99999221524405 None 29.99999221524405 169.99999221524405 1.0 1.0 1.0 1.0 0.0 0.0 1.0 1.0 1.0 1.0 1.0 1.0 1.0 1.0
221.11170938926074 30.8441376480591 3.0 2.0 3.0 2.0 None None 1.0 1.0 2.0 4.0 1.0 None 1.0 None 138.58327573767815 113.60467754051433 151.01210729602167 129.7934475862292 None None 69.54414251721153 69.54414251721153 114.68327042289457 166.26172360380104 59.999998913729144 None 29.999998913729144 None 1.0 1.0 1.0 1.0 0.0 0.0 1.0 1.0 1.0 1.0 1.0 1.0 1.0 1.0
130.40047142839302 52.30042441790616 5.0 4.0 5.0 4.0 None None 3.0 3.0 5.0 None 2.0 None 1.0 None 145.4487275499677 110.67050914600952 160.83832503256195 119.40254921772629 None None 94.23390343068473 94.23390343068473 139.15036493832537 None 59.99998175060125 None 29.99998175060125 None 1.0 1.0 1.0 1.0 0.0 0.0 1.0 1.0 1.0 0.0 1.0 1.0 1.0 1.0
181.62284079188106 37.55034317415472 3.0 2.0 4.0 2.0 None None 1.0 1.0 2.0 4.0 1.0 None 0.0 None 146.4538858724526 117.93817421591791 160.67222466306515 122.0793528378718 None None 97.62595824934152 97.62595824934152 130.7588032882856 175.6258968393032 59.99997804848164 None 29.999978048481637 None 1.0 1.0 1.0 1.0 0.0 0.0 1.0 1.0 1.0 1.0 1.0 1.0 1.0 1.0
168.59065005145806 40.45301443418343 4.0 3.0 5.0 4.0 None None 2.0 2.0 4.0 5.0 2.0 None 1.0 None 153.7033734117539 136.64261362778757 168.9939174731959 152.48567168002313 None None 101.99255487300002 101.99255487300002 162.10571773513504 176.2299182446252 59.99994229498111 None 29.99994229498111 None 1.0 1.0 1.0 1.0 0.0 0.0 1.0 1.0 1.0 1.0 1.0 1.0 1.0 1.0
181.43383665710707 37.58946029945429 4.0 4.0 4.0 4.0 None None 2.0 2.0 4.0 4.0 2.0 None 0.0 4.0 143.36218886185014 124.60441869145995 157.46248511026255 137.0899066739712 None None 77.37446978397367 77.37446978397367 118.44734903333057 132.16880778279062 59.99997898813484 None 29.999978988134842 159.99997898813484 1.0 1.0 1.0 1.0 0.0 0.0 1.0 1.0 1.0 1.0 1.0 1.0 1.0 1.0
167.6665184507421 40.67598029122083 4.0 3.0 4.0 4.0 None None 3.0 3.0 4.0 5.0 2.0 None 1.0 None 143.03550131759658 127.37351204275484 158.42030326991966 137.42540842929412 None None 96.1898083336855 96.1898083336855 135.29276351016978 186.64631939871998 69.99991283648149 None 29.999912836481485 None 1.0 1.0 1.0 1.0 0.0 0.0 1.0 1.0 1.0 1.0 1.0 1.0 1.0 1.0
163.53047490586368 41.7047648392505 4.0 4.0 4.0 4.0 None None 3.0 3.0 4.0 5.0 2.0 None 1.0 None 144.0027845792722 113.71923048474008 154.1038216419464 123.80644910257621 None None 81.41564390964243 81.41564390964243 119.28002276898275 171.89304385512247 59.99998583231559 None 29.999985832315588 None 1.0 1.0 1.0 1.0 0.0 0.0 1.0 1.0 1.0 1.0 1.0 1.0 1.0 1.0
162.8192106255088 41.88694917386803 4.0 3.0 4.0 4.0 None None 2.0 2.0 3.0 5.0 1.0 None 1.0 None 150.41049601053993 133.76308168415687 162.75533177884193 147.04929093185223 None None 90.01199194103759 90.01199194103759 134.52364080428083 177.9437300654414 59.99997667547194 None 29.99997667547194 None 1.0 1.0 1.0 1.0 0.0 0.0 1.0 1.0 1.0 1.0 1.0 1.0 1.0 1.0
177.94641795138438 38.32614378258094 3.0 3.0 4.0 3.0 None None 2.0 2.0 3.0 5.0 1.0 None 0.0 5.0 139.86732942654436 134.57396640523484 156.82862717975183 152.20826319230713 None None 78.56682449428212 78.56682449428212 109.05230656557444 179.20403511960563 49.99997569563277 None 29.99997569563277 219.99997569563277 1.0 1.0 1.0 1.0 0.0 0.0 1.0 1.0 1.0 1.0 1.0 1.0 1.0 1.0
134.55429463702706 50.6858589567698 5.0 4.0 None 4.0 None None 3.0 3.0 4.0 5.0 2.0 None 1.0 4.0 149.10860613646406 118.74563919968568 None 128.2416835807029 None None 95.66027979747366 95.66027979747366 126.7199069545241 139.96807126270465 59.99998967386398 None 29.99998967386398 129.99998967386398 1.0 1.0 0.0 1.0 0.0 0.0 1.0 1.0 1.0 1.0 1.0 1.0 1.0 1.0
234.84107279887485 29.040916559944602 3.0 3.0 4.0 3.0 None None 1.0 1.0 2.0 1.0 1.0 None 1.0 1.0 143.8564274069284 137.30945936491014 161.42678133099565 149.46631416351698 None None 72.0399170565866 72.0399170565866 113.03309201640849 84.9967234033171 69.99991599571126 None 29.999915995711262 89.99991599571126 1.0 1.0 1.0 1.0 0.0 0.0 1.0 1.0 1.0 1.0 1.0 1.0 1.0 1.0
136.36938960244203 50.011223338920566 5.0 4.0 5.0 4.0 None None 2.0 2.0 4.0 None 2.0 None 0.0 None 139.3675537492096 122.25161096402002 158.34410614939787 131.62713225719887 None None 76.99094264173328 76.99094264173328 122.16100688360075 None 59.99991156346721 None 29.999911563467208 None 1.0 1.0 1.0 1.0 0.0 0.0 1.0 1.0 1.0 0.0 1.0 1.0 1.0 1.0
155.08469076624579 43.97597187900106 4.0 3.0 5.0 4.0 None None 3.0 3.0 3.0 5.0 2.0 None 1.0 None 143.66916537050093 125.9033281077526 157.92983177298385 139.5247738471246 None None 93.63015861563343 93.63015861563343 119.65433287053332 165.25116889830895 59.99998731081723 None 29.999987310817232 None 1.0 1.0 1.0 1.0 0.0 0.0 1.0 1.0 1.0 1.0 1.0 1.0 1.0 1.0
168.39805148331737 40.49928095917211 4.0 2.0 4.0 3.0 None None 2.0 2.0 3.0 None 2.0 None 0.0 None 148.83802949761736 113.36704655212856 163.86826819325785 128.6758166309096 None None 92.0367413959085 92.0367413959085 142.77370104887063 None 59.999972083989235 None 29.999972083989235 None 1.0 1.0 1.0 1.0 0.0 0.0 1.0 1.0 1.0 0.0 1.0 1.0 1.0 1.0
139.0666985390934 49.041215989483 5.0 4.0 5.0 4.0 None None 3.0 3.0 4.0 None 2.0 None 0.0 None 144.8165145216526 104.54460973740379 161.1848666813704 116.13471500514055 None None 93.46266596879411 93.46266596879411 130.24486302443717 None 59.99993840306678 None 29.99993840306678 None 1.0 1.0 1.0 1.0 0.0 0.0 1.0 1.0 1.0 0.0 1.0 1.0 1.0 1.0
128.5727071697478 53.043916941065206 5.0 5.0 None 5.0 None None 3.0 3.0 5.0 4.0 2.0 None 1.0 5.0 146.23916604434436 133.42598579572245 None 144.9481068120602 None None 93.55898873118082 93.55898873118082 133.42598579572245 119.64337384144278 59.999929227543475 None 29.999929227543475 129.99992922754348 1.0 1.0 0.0 1.0 0.0 0.0 1.0 1.0 1.0 1.0 1.0 1.0 1.0 1.0
179.45257632164777 38.004469703326784 4.0 4.0 4.0 4.0 None None 2.0 2.0 4.0 5.0 2.0 None 0.0 None 144.00580944090495 129.7433425806792 156.02695537981066 142.3253094903863 None None 74.45563764734402 74.45563764734402 120.44868418131915 185.0448564767301 59.99992713545754 None 29.99992713545754 None 1.0 1.0 1.0 1.0 0.0 0.0 1.0 1.0 1.0 1.0 1.0 1.0 1.0 1.0
197.88834080701105 34.46387984348784 3.0 2.0 3.0 2.0 None None 2.0 2.0 2.0 2.0 1.0 None 0.0 2.0 140.99759529872097 104.46298597922595 151.23299966758134 111.34781024456277 None None 81.85308708419717 81.85308708419717 94.77047548593328 117.47021179372723 59.99994336163951 None 29.99994336163951 129.9999433616395 1.0 1.0 1.0 1.0 0.0 0.0 1.0 1.0 1.0 1.0 1.0 1.0 1.0 1.0
165.19836205501326 41.28370230286453 4.0 3.0 4.0 3.0 None None 2.0 2.0 3.0 None 1.0 None 1.0 None 143.04359042037123 118.0686370264284 158.10982055630672 131.7986324829037 None None 90.61990818342633 90.61990818342633 122.04721752609521 None 59.99992237620461 None 29.99992237620461 None 1.0 1.0 1.0 1.0 0.0 0.0 1.0 1.0 1.0 0.0 1.0 1.0 1.0 1.0
163.2414534250832 41.778603760900225 4.0 3.0 5.0 3.0 None None 2.0 2.0 4.0 5.0 1.0 None 1.0 None 152.10254271981677 117.43746235172841 167.1008668756254 128.65874027325356 None None 98.84856940893053 98.84856940893053 152.10254271981677 174.2465948514029 69.99996239217228 None 29.99996239217228 None 1.0 1.0 1.0 1.0 0.0 0.0 1.0 1.0 1.0 1.0 1.0 1.0 1.0 1.0
206.35548890647226 33.04976298978444 2.0 2.0 3.0 2.0 None None 2.0 2.0 2.0 2.0 1.0 None 1.0 4.0 147.7319819977754 118.91724811908301 165.75491203170617 132.02682822851807 None None 83.13125194007847 83.13125194007847 119.12378383889381 154.22476813776785 69.99998916862353 None 29.99998916862353 199.99998916862353 1.0 1.0 1.0 1.0 0.0 0.0 1.0 1.0 1.0 1.0 1.0 1.0 1.0 1.0
202.68212220584377 33.64874970607232 2.0 2.0 3.0 2.0 None None 1.0 1.0 2.0 2.0 1.0 None 0.0 2.0 144.37109538548572 127.38656526524773 156.5058900352853 142.12729382693277 None None 86.33301782712738 86.33301782712738 122.52339534226354 139.20181779484557 69.99992062951492 None 29.999920629514918 139.99992062951492 1.0 1.0 1.0 1.0 0.0 0.0 1.0 1.0 1.0 1.0 1.0 1.0 1.0 1.0
129.63812227165704 52.6079819770042 5.0 4.0 5.0 4.0 None None 2.0 2.0 4.0 None 2.0 None 1.0 None 142.9562134746742 110.49049697679345 155.2020139949708 123.29470651252649 None None 77.99500094284633 77.99500094284633 110.29735901033496 None 59.99997735414951 None 29.999977354149507 None 1.0 1.0 1.0 1.0 0.0 0.0 1.0 1.0 1.0 0.0 1.0 1.0 1.0 1.0
224.30722032816146 30.404727899629535 3.0 2.0 3.0 2.0 None None 1.0 1.0 2.0 3.0 1.0 None 0.0 4.0 142.997601373282 120.4968506825656 160.37705208134594 132.9507352076992 None None 82.97149353517352 82.97149353517352 115.1116471818849 160.66347337622193 59.99994017100977 None 29.99994017100977 179.99994017100977 1.0 1.0 1.0 1.0 0.0 0.0 1.0 1.0 1.0 1.0 1.0 1.0 1.0 1.0
140.30817430847128 48.60728915911946 5.0 4.0 5.0 4.0 None None 3.0 3.0 4.0 None 2.0 None 1.0 None 145.5983514196148 112.10801807859514 159.86073914831638 125.24801648498942 None None 85.66345289260181 85.66345289260181 121.50262353544889 None 59.9999401468549 None 29.999940146854897 None 1.0 1.0 1.0 1.0 0.0 0.0 1.0 1.0 1.0 0.0 1.0 1.0 1.0 1.0
138.16940553475894 49.359697058871035 5.0 3.0 5.0 4.0 None None 2.0 2.0 4.0 None 1.0 None 1.0 None 143.2766916671173 109.2608284389272 155.55342754783499 124.78419283298314 None None 81.3734033862595 81.3734033862595 119.79839112227961 None 49.9999684526565 None 29.999968452656503 None 1.0 1.0 1.0 1.0 0.0 0.0 1.0 1.0 1.0 0.0 1.0 1.0 1.0 1.0
154.12338990581583 44.25025951069253 4.0 3.0 5.0 4.0 None None 3.0 3.0 4.0 5.0 2.0 None 1.0 2.0 147.51417142982484 113.56581201416424 158.7310981728633 132.42913766601998 None None 88.97544927255558 88.97544927255558 134.77079651647728 157.9354147919401 59.99991011403796 None 29.99991011403796 59.99991011403796 1.0 1.0 1.0 1.0 0.0 0.0 1.0 1.0 1.0 1.0 1.0 1.0 1.0 1.0
120.35630855947966 56.665081221144135 5.0 4.0 None 5.0 None None 3.0 3.0 5.0 5.0 1.0 None 1.0 2.0 143.77349342405398 113.87274237359367 None 123.97379718671323 None None 84.44209801378497 84.44209801378497 131.32382912145192 146.05643390283598 49.999958244574486 None 29.999958244574486 69.99995824457449 1.0 1.0 0.0 1.0 0.0 0.0 1.0 1.0 1.0 1.0 1.0 1.0 1.0 1.0
126.84033409881988 53.768385651575265 5.0 5.0 None 5.0 None None 3.0 3.0 5.0 None 2.0 None 1.0 None 146.7900646379785 128.0342779853787 None 142.30103930546414 None None 89.98314369609562 89.98314369609562 140.76043739932635 None 69.99995144500343 None 29.999951445003433 None 1.0 1.0 0.0 1.0 0.0 0.0 1.0 1.0 1.0 0.0 1.0 1.0 1.0 1.0
223.7299515038905 30.483178287737683 3.0 3.0 4.0 3.0 None None 1.0 1.0 3.0 4.0 1.0 None 0.0 None 143.55822847915215 124.51192980500718 156.69384058534956 142.03499909602283 None None 85.70702716159741 85.70702716159741 132.1443411838144 193.70320882445674 59.99999745297299 None 29.99999745297299 None 1.0 1.0 1.0 1.0 0.0 0.0 1.0 1.0 1.0 1.0 1.0 1.0 1.0 1.0
130.8760370346725 52.11037982601202 5.0 4.0 None 5.0 None None 3.0 3.0 5.0 None 2.0 None 1.0 None 147.2222431575679 126.5504459924947 None 141.745947324655 None None 91.7245018757095 91.7245018757095 143.23699985442255 None 59.99998474138914 None 29.99998474138914 None 1.0 1.0 0.0 1.0 0.0 0.0 1.0 1.0 1.0 0.0 1.0 1.0 1.0 1.0
148.96374796043972 45.7829511768943 4.0 3.0 5.0 4.0 None None 2.0 2.0 4.0 5.0 1.0 None 0.0 None 142.32547241613247 108.60669510071773 157.93143605885138 113.58542404809657 None None 89.88362259309537 89.88362259309537 114.75046761010822 176.94010846364074 59.99996957968074 None 29.999969579680737 None 1.0 1.0 1.0 1.0 0.0 0.0 1.0 1.0 1.0 1.0 1.0 1.0 1.0 1.0
186.04332360157332 36.65812816054381 3.0 3.0 3.0 3.0 None None 3.0 3.0 3.0 3.0 1.0 None 0.0 3.0 137.22512780615767 122.20318440208098 151.4025104549906 132.55905225786728 None None 86.38147259246921 86.38147259246921 111.39602515781877 136.46439953335909 49.99991777499167 None 29.999917774991673 159.99991777499167 1.0 1.0 1.0 1.0 0.0 0.0 1.0 1.0 1.0 1.0 1.0 1.0 1.0 1.0
155.1367486848767 43.96121523632807 4.0 4.0 4.0 4.0 None None 2.0 2.0 4.0 4.0 1.0 None 0.0 5.0 137.91420553342942 117.58568011599925 152.17816885710295 123.33021489641789 None None 87.95494304538181 87.95494304538181 121.20234491825846 153.24504420734917 49.999995164587574 None 29.999995164587574 169.99999516458757 1.0 1.0 1.0 1.0 0.0 0.0 1.0 1.0 1.0 1.0 1.0 1.0 1.0 1.0
233.57727656986577 29.198045718116145 3.0 2.0 3.0 2.0 None None 1.0 1.0 2.0 2.0 1.0 None 0.0 2.0 135.69409628138595 112.32280488006916 145.79424759262395 122.42108535323018 None None 82.16520451630714 82.16520451630714 107.7578525267412 120.63812946080952 59.999979488691395 None 29.999979488691395 119.9999794886914 1.0 1.0 1.0 1.0 0.0 0.0 1.0 1.0 1.0 1.0 1.0 1.0 1.0 1.0
224.18742282009146 30.42097506724538 2.0 2.0 2.0 2.0 None None 1.0 1.0 2.0 3.0 1.0 None 1.0 None 141.80662360997582 117.00875039848734 158.18981610672074 132.56021378899055 None None 90.20849653508901 90.20849653508901 106.17998486195023 192.75274529383188 59.99998325642002 None 29.999983256420023 None 1.0 1.0 1.0 1.0 0.0 0.0 1.0 1.0 1.0 1.0 1.0 1.0 1.0 1.0
187.54287060876283 36.36501871738621 3.0 2.0 3.0 2.0 None None 2.0 2.0 2.0 3.0 1.0 None 0.0 4.0 145.62799443924712 108.28979245606911 159.7467449469088 112.65035826044209 None None 77.2961544045665 77.2961544045665 118.22040139099778 150.78770433250475 59.99993901152379 None 29.999939011523793 179.9999390115238 1.0 1.0 1.0 1.0 0.0 0.0 1.0 1.0 1.0 1.0 1.0 1.0 1.0 1.0
187.12278151085627 36.44665788384685 3.0 3.0 4.0 3.0 None None 2.0 2.0 3.0 3.0 1.0 None 1.0 3.0 149.632190249612 123.64961310114256 163.1854546974905 139.3266981995913 None None 95.6497737199852 95.6497737199852 138.56608421337984 125.48667760793262 49.9999226635577 None 29.999922663557697 149.9999226635577 1.0 1.0 1.0 1.0 0.0 0.0 1.0 1.0 1.0 1.0 1.0 1.0 1.0 1.0
152.73671874869189 44.652000225442904 4.0 4.0 4.0 4.0 None None 1.0 1.0 3.0 4.0 1.0 None 1.0 4.0 134.8890367298302 125.50534498891028 151.13357933136712 139.15425923613242 None None 60.55393793301761 60.55393793301761 100.14138956955651 139.15425923613242 59.99994026275175 None 29.99994026275175 149.99994026275175 1.0 1.0 1.0 1.0 0.0 0.0 1.0 1.0 1.0 1.0 1.0 1.0 1.0 1.0
159.56996983062396 42.73987146352857 4.0 3.0 4.0 4.0 None None 2.0 2.0 4.0 3.0 1.0 None 1.0 3.0 145.28035472048487 125.2715049925294 157.5465621623191 136.30619507299366 None None 106.00716466889531 106.00716466889531 143.27676297200736 119.80152116594138 59.99992883585821 None 29.999928835858213 119.99992883585821 1.0 1.0 1.0 1.0 0.0 0.0 1.0 1.0 1.0 1.0 1.0 1.0 1.0 1.0
138.2221502705675 49.340861697274754 5.0 4.0 5.0 5.0 None None 2.0 2.0 4.0 None 2.0 None 1.0 None 144.51097228103686 124.04557260456568 162.418835264452 139.02659016484972 None None 88.1755985971891 88.1755985971891 120.97954815559126 None 59.99997448973892 None 29.999974489738918 None 1.0 1.0 1.0 1.0 0.0 0.0 1.0 1.0 1.0 0.0 1.0 1.0 1.0 1.0
137.42971788712111 49.62536564036067 5.0 4.0 5.0 4.0 None None 3.0 3.0 4.0 None 2.0 None 1.0 None 142.3803000599575 111.78742193100248 160.347058218477 128.29510913440959 None None 82.53200765039838 82.53200765039838 119.34355608803838 None 59.999962482272 None 29.999962482271997 None 1.0 1.0 1.0 1.0 0.0 0.0 1.0 1.0 1.0 0.0 1.0 1.0 1.0 1.0
144.2065309564 47.293281065487854 4.0 3.0 5.0 4.0 None None 2.0 2.0 3.0 4.0 1.0 None 0.0 5.0 135.17966320160605 113.2480982764688 146.3994603274893 122.0376951384967 None None 70.08560670333463 70.08560670333463 102.11865506355281 143.48989008132378 59.99990282114686 None 29.99990282114686 169.99990282114686 1.0 1.0 1.0 1.0 0.0 0.0 1.0 1.0 1.0 1.0 1.0 1.0 1.0 1.0
132.92819758762096 51.30589388684465 5.0 4.0 5.0 4.0 None None 1.0 1.0 2.0 5.0 1.0 None 0.0 None 134.31907239726155 113.39431535750532 153.62006696395952 127.6576305172494 None None 66.35655170795314 66.35655170795314 89.88386846486748 157.97867264897616 59.999983285412384 None 29.999983285412384 None 1.0 1.0 1.0 1.0 0.0 0.0 1.0 1.0 1.0 1.0 1.0 1.0 1.0 1.0
204.96751983541242 33.27356454074487 2.0 2.0 2.0 2.0 None None 1.0 1.0 2.0 2.0 1.0 None 0.0 2.0 143.98582257967882 124.42768874828204 156.47799046591518 140.10492064354332 None None 83.8004259488132 83.8004259488132 118.24495789671738 119.76672440597912 59.99990618278332 None 29.99990618278332 109.99990618278332 1.0 1.0 1.0 1.0 0.0 0.0 1.0 1.0 1.0 1.0 1.0 1.0 1.0 1.0
140.26004310567578 48.623969086203864 5.0 4.0 5.0 4.0 None None 4.0 4.0 4.0 5.0 2.0 None 1.0 5.0 141.9869070604231 115.80482225470968 156.03453013340095 133.1113127908738 None None 93.71795697411147 93.71795697411147 126.96838380316007 155.7112830177213 59.99991974319397 None 29.99991974319397 179.99991974319397 1.0 1.0 1.0 1.0 0.0 0.0 1.0 1.0 1.0 1.0 1.0 1.0 1.0 1.0
185.7383969477134 36.718309795253994 3.0 3.0 3.0 3.0 None None 2.0 2.0 3.0 3.0 1.0 None 0.0 1.0 135.22041974596686 108.78374257265233 146.43990907820614 121.87247403077737 None None 76.61510559937716 76.61510559937716 100.99483841342038 111.70401965972599 59.9999849729399 None 29.9999849729399 59.9999849729399 1.0 1.0 1.0 1.0 0.0 0.0 1.0 1.0 1.0 1.0 1.0 1.0 1.0 1.0
131.4825063381566 51.870018224780495 5.0 4.0 5.0 4.0 None None 3.0 3.0 4.0 None 2.0 None 1.0 None 147.0491429176115 113.89329252437437 161.52022731427053 128.6196090766319 None None 85.60426294878357 85.60426294878357 114.65511057990278 None 59.99996663442289 None 29.99996663442289 None 1.0 1.0 1.0 1.0 0.0 0.0 1.0 1.0 1.0 0.0 1.0 1.0 1.0 1.0
189.81301397944162 35.9300969781696 2.0 2.0 3.0 2.0 None None 2.0 2.0 2.0 2.0 1.0 None 1.0 1.0 140.19266753013204 125.68251879209106 160.33556850030317 141.31560214329136 None None 84.37300558315377 84.37300558315377 113.45952904485335 101.5279547332907 59.99992226042224 None 29.999922260422238 69.99992226042224 1.0 1.0 1.0 1.0 0.0 0.0 1.0 1.0 1.0 1.0 1.0 1.0 1.0 1.0
167.83373670502908 40.63545347849984 4.0 4.0 4.0 4.0 None None 3.0 3.0 4.0 4.0 2.0 None 1.0 None 146.92144259140775 128.74523565026448 162.30511816174385 132.1402250639767 None None 90.33207719505549 90.33207719505549 139.06694775443782 163.06008930078383 59.99996367986478 None 29.999963679864777 None 1.0 1.0 1.0 1.0 0.0 0.0 1.0 1.0 1.0 1.0 1.0 1.0 1.0 1.0
157.47386346534347 43.30877423034034 4.0 3.0 5.0 3.0 None None 2.0 2.0 3.0 3.0 2.0 None 1.0 3.0 149.3521451384551 118.37734690612888 160.74490385508784 131.19822022839634 None None 86.0344871755687 86.0344871755687 131.7806699057512 122.60745716654054 59.999958238627926 None 29.999958238627926 129.99995823862793 1.0 1.0 1.0 1.0 0.0 0.0 1.0 1.0 1.0 1.0 1.0 1.0 1.0 1.0
133.3501692502905 51.14354213678767 5.0 5.0 None 5.0 None None 3.0 3.0 5.0 2.0 2.0 None 0.0 2.0 151.52192174877018 134.53579544449696 None 150.662990960508 None None 97.41738059050653 97.41738059050653 150.662990960508 80.92170880502789 59.999979345024656 None 29.999979345024656 69.99997934502466 1.0 1.0 0.0 1.0 0.0 0.0 1.0 1.0 1.0 1.0 1.0 1.0 1.0 1.0
194.1450950534183 35.12836622590699 3.0 3.0 3.0 3.0 None None 1.0 1.0 3.0 3.0 1.0 None 0.0 None 143.8857689655909 128.17497584516144 157.24147106015397 135.52247206139077 None None 82.17329598677122 82.17329598677122 118.95678233052047 155.71941347769905 59.9999061550854 None 29.999906155085398 None 1.0 1.0 1.0 1.0 0.0 0.0 1.0 1.0 1.0 1.0 1.0 1.0 1.0 1.0
183.9508067471084 37.075129599056275 3.0 2.0 4.0 3.0 None None 1.0 1.0 2.0 4.0 1.0 None 0.0 None 143.70368545991727 134.05292527698003 162.5881236878201 151.2353653715403 None None 75.80701921663518 75.80701921663518 120.32030080205527 169.08961453083242 59.99991446243371 None 29.999914462433708 None 1.0 1.0 1.0 1.0 0.0 0.0 1.0 1.0 1.0 1.0 1.0 1.0 1.0 1.0
127.58762999908828 53.453457831678 5.0 3.0 None 4.0 None None 3.0 3.0 5.0 None 1.0 None 0.0 None 144.48136202959273 102.22249294818704 None 105.87534900272709 None None 89.95737410246352 89.95737410246352 140.74948251333723 None 49.999946535731624 None 29.999946535731624 None 1.0 1.0 0.0 1.0 0.0 0.0 1.0 1.0 1.0 0.0 1.0 1.0 1.0 1.0
224.74910110796077 30.344948951426222 2.0 2.0 2.0 2.0 None None 1.0 1.0 2.0 3.0 1.0 None 0.0 4.0 147.29973642100396 135.06924687763552 163.60015148254251 145.77892368144813 None None 96.76453184092736 96.76453184092736 134.00076011112503 179.97155757923417 69.99995551742575 None 29.999955517425747 209.99995551742575 1.0 1.0 1.0 1.0 0.0 0.0 1.0 1.0 1.0 1.0 1.0 1.0 1.0 1.0
219.28529383029496 31.10103683139829 4.0 3.0 4.0 3.0 None None 3.0 3.0 3.0 3.0 2.0 None 1.0 4.0 145.29950439212934 129.44539025811275 157.37245677521042 140.02113588750575 None None 94.6114067369445 94.6114067369445 131.59712354106205 131.36973363013408 59.99993164269057 None 29.99993164269057 159.99993164269057 1.0 1.0 1.0 1.0 0.0 0.0 1.0 1.0 1.0 1.0 1.0 1.0 1.0 1.0
165.5957410838629 41.18463406946038 4.0 4.0 5.0 4.0 None None 4.0 4.0 4.0 4.0 2.0 None 0.0 3.0 155.86614133390827 119.80615483035729 174.89271680496876 130.48200742499648 None None 111.76294350845967 111.76294350845967 162.29807959134837 150.0325436695906 59.99996780582336 None 29.99996780582336 99.99996780582336 1.0 1.0 1.0 1.0 0.0 0.0 1.0 1.0 1.0 1.0 1.0 1.0 1.0 1.0
138.3443580058982 49.29727600246073 5.0 3.0 5.0 4.0 None None 3.0 3.0 4.0 None 1.0 None 0.0 None 148.33388062248468 109.27217824789943 162.12830540148997 123.9695770128352 None None 87.78651487741598 87.78651487741598 126.07925733329324 None 49.99998688815225 None 29.99998688815225 None 1.0 1.0 1.0 1.0 0.0 0.0 1.0 1.0 1.0 0.0 1.0 1.0 1.0 1.0
156.99604007153158 43.440586124927904 4.0 3.0 5.0 3.0 None None 2.0 2.0 4.0 None 2.0 None 1.0 None 146.9498310584945 119.51296377786167 164.1952825177308 128.64744969314523 None None 76.33490060638866 76.33490060638866 146.18844329258854 None 59.99992629127394 None 29.999926291273937 None 1.0 1.0 1.0 1.0 0.0 0.0 1.0 1.0 1.0 0.0 1.0 1.0 1.0 1.0
133.71121385767543 51.00544526698657 5.0 3.0 5.0 4.0 None None 2.0 2.0 3.0 3.0 1.0 None 1.0 2.0 141.4341259407521 93.54395732486438 154.67631475815512 111.76666877696852 None None 80.22294484503368 80.22294484503368 103.19388805057645 106.83878806613586 49.999953138028616 None 29.999953138028616 69.99995313802862 1.0 1.0 1.0 1.0 0.0 0.0 1.0 1.0 1.0 1.0 1.0 1.0 1.0 1.0
137.2144262793151 49.70322862493436 5.0 4.0 5.0 4.0 None None 2.0 2.0 4.0 5.0 2.0 None 1.0 None 140.51687098147812 112.26893377623111 154.29570612472065 125.19225011549815 None None 83.72227373160467 83.72227373160467 117.98661058443031 153.53443539467133 59.99998735340813 None 29.99998735340813 None 1.0 1.0 1.0 1.0 0.0 0.0 1.0 1.0 1.0 1.0 1.0 1.0 1.0 1.0
142.8462514304839 47.743639974472494 4.0 3.0 5.0 4.0 None None 2.0 2.0 3.0 4.0 1.0 None 0.0 4.0 141.28540814118708 115.18950712796993 154.10520971806937 130.06898768852778 None None 69.44083422049118 69.44083422049118 101.13239896637566 129.44107603499583 49.9999413082395 None 29.9999413082395 129.9999413082395 1.0 1.0 1.0 1.0 0.0 0.0 1.0 1.0 1.0 1.0 1.0 1.0 1.0 1.0
259.70261361407256 26.260806177849123 2.0 2.0 2.0 2.0 None None 1.0 1.0 2.0 3.0 1.0 None 1.0 None 142.18801680928834 122.63509126233839 158.45352039661253 143.3096497022965 None None 80.31830558170554 80.31830558170554 107.215298370666 179.1015676414391 59.99992536131083 None 29.99992536131083 None 1.0 1.0 1.0 1.0 0.0 0.0 1.0 1.0 1.0 1.0 1.0 1.0 1.0 1.0
183.27909983000774 37.21100772715265 4.0 4.0 4.0 4.0 None None 3.0 3.0 4.0 5.0 2.0 None 1.0 None 146.39672313382385 117.1360539149805 159.6255236266012 127.91714250339214 None None 94.27476700433249 94.27476700433249 124.8185485575732 198.17192912288743 59.99998127241889 None 29.999981272418893 None 1.0 1.0 1.0 1.0 0.0 0.0 1.0 1.0 1.0 1.0 1.0 1.0 1.0 1.0
148.96936002321684 45.78122641419084 4.0 4.0 5.0 5.0 None None 3.0 3.0 4.0 5.0 2.0 None 0.0 None 145.36705239814296 141.45686288718468 161.87632876786017 155.4667667500177 None None 92.46224819120624 92.46224819120624 128.27403318342033 178.80621340364138 69.999945892835 None 29.999945892835 None 1.0 1.0 1.0 1.0 0.0 0.0 1.0 1.0 1.0 1.0 1.0 1.0 1.0 1.0
251.42937461832565 27.1249133493367 2.0 2.0 3.0 2.0 None None 1.0 1.0 2.0 2.0 1.0 None 0.0 2.0 147.10007671191158 128.99047401862532 168.04335725767982 139.56666005754687 None None 80.74403306889047 80.74403306889047 112.67784021350838 132.06023220812068 69.9999684062389 None 29.999968406238906 139.9999684062389 1.0 1.0 1.0 1.0 0.0 0.0 1.0 1.0 1.0 1.0 1.0 1.0 1.0 1.0
127.077176292638 53.668173931522155 5.0 4.0 None 4.0 None None 4.0 4.0 None None 2.0 None 0.0 None 152.90657382834496 109.2178373478717 None 125.36152584042418 None None 102.24053000308356 102.24053000308356 None None 59.999913583239675 None 29.999913583239675 None 1.0 1.0 0.0 1.0 0.0 0.0 1.0 1.0 0.0 0.0 1.0 1.0 1.0 1.0
216.65620142935842 31.478443520222463 3.0 3.0 3.0 3.0 None None 1.0 1.0 3.0 3.0 1.0 None 0.0 4.0 147.39401588866195 120.82124547201391 165.58181178741324 129.31473133525492 None None 91.38430968698196 91.38430968698196 131.3606993077587 167.1044415840667 59.99992874926289 None 29.999928749262892 209.9999287492629 1.0 1.0 1.0 1.0 0.0 0.0 1.0 1.0 1.0 1.0 1.0 1.0 1.0 1.0
283.61449514751286 24.046725808047288 2.0 2.0 2.0 2.0 None None 1.0 1.0 1.0 2.0 1.0 None 0.0 2.0 133.52925701624116 111.24171837128216 145.86983316262052 124.49402259311756 None None 75.07176130301951 75.07176130301951 102.80579341950141 139.96964050969905 59.99997577372454 None 29.999975773724543 159.99997577372454 1.0 1.0 1.0 1.0 0.0 0.0 1.0 1.0 1.0 1.0 1.0 1.0 1.0 1.0
175.18873576428143 38.929443552674485 3.0 2.0 4.0 3.0 None None 1.0 1.0 2.0 5.0 1.0 None 0.0 None 146.74541771904427 115.8450938536518 162.2670890679314 131.1887981769529 None None 95.81593872435826 95.81593872435826 121.31157012382437 194.07883812136532 59.99990881745566 None 29.999908817455662 None 1.0 1.0 1.0 1.0 0.0 0.0 1.0 1.0 1.0 1.0 1.0 1.0 1.0 1.0
117.93796951357575 57.827008792235944 None 5.0 None None None None 3.0 3.0 None None 2.0 None 1.0 None None 133.6461839102284 None None None None 97.01073595937902 97.01073595937902 None None 59.999966160551025 None 29.999966160551025 None 0.0 1.0 0.0 0.0 0.0 0.0 1.0 1.0 0.0 0.0 1.0 1.0 1.0 1.0
128.75908353492844 52.96713686339606 5.0 5.0 None 5.0 None None 4.0 4.0 5.0 None 2.0 None 1.0 None 153.29964721892435 135.695878563032 None 143.52099580054374 None None 112.07789790816827 112.07789790816827 155.02885860818947 None 69.99992098341443 None 29.999920983414427 None 1.0 1.0 0.0 1.0 0.0 0.0 1.0 1.0 1.0 0.0 1.0 1.0 1.0 1.0
210.00052148886937 32.476109828905734 3.0 3.0 3.0 3.0 None None 2.0 2.0 3.0 3.0 2.0 None 0.0 2.0 145.61403341000658 124.1409775493018 157.95640939011378 135.51546570179312 None None 88.08710860864574 88.08710860864574 118.42112213212431 141.65836507574812 59.9999980187618 None 29.9999980187618 79.9999980187618 1.0 1.0 1.0 1.0 0.0 0.0 1.0 1.0 1.0 1.0 1.0 1.0 1.0 1.0
202.0885867955452 33.74757628890667 4.0 3.0 4.0 4.0 None None 2.0 2.0 3.0 4.0 2.0 None 0.0 None 138.72325052593192 114.88701431840917 150.85208860236452 124.15066366986679 None None 67.69887500328286 67.69887500328286 101.98506522066708 164.23457622869068 59.99993817882688 None 29.99993817882688 None 1.0 1.0 1.0 1.0 0.0 0.0 1.0 1.0 1.0 1.0 1.0 1.0 1.0 1.0
217.51695927160063 31.353877062451335 3.0 2.0 4.0 3.0 None None 1.0 1.0 1.0 4.0 1.0 None 1.0 None 144.81149419968057 122.74569678267898 163.69337366492994 138.5766540335311 None None 72.20228847343185 72.20228847343185 99.71142794377892 186.36182378705757 69.99990118449114 None 29.999901184491137 None 1.0 1.0 1.0 1.0 0.0 0.0 1.0 1.0 1.0 1.0 1.0 1.0 1.0 1.0
131.99187042574061 51.66984889298141 5.0 4.0 5.0 4.0 None None 2.0 2.0 4.0 None 1.0 None 0.0 None 142.6416894323695 112.55939483525009 156.34226528280607 127.1664296144312 None None 87.69088940859012 87.69088940859012 112.38634124974544 None 59.99993662117822 None 29.99993662117822 None 1.0 1.0 1.0 1.0 0.0 0.0 1.0 1.0 1.0 0.0 1.0 1.0 1.0 1.0
159.61402494928512 42.728074817779635 4.0 3.0 4.0 4.0 None None 2.0 2.0 4.0 5.0 2.0 None 1.0 None 145.3829615089998 121.7498006724851 159.1722806092829 135.34964134136874 None None 100.67408866416679 100.67408866416679 131.38883302560936 169.95425708508213 59.99999553827041 None 29.99999553827041 None 1.0 1.0 1.0 1.0 0.0 0.0 1.0 1.0 1.0 1.0 1.0 1.0 1.0 1.0
148.72569984840982 45.856230678029114 4.0 3.0 5.0 3.0 None None 2.0 2.0 3.0 None 1.0 None 1.0 None 145.75431586909173 109.56503322818998 159.05431708741747 124.3120480333099 None None 87.33579805531775 87.33579805531775 123.55052906486003 None 59.99991235309 None 29.999912353089996 None 1.0 1.0 1.0 1.0 0.0 0.0 1.0 1.0 1.0 0.0 1.0 1.0 1.0 1.0
164.83418981085742 41.37491140536898 4.0 4.0 5.0 4.0 None None 3.0 3.0 4.0 None 2.0 None 1.0 None 147.6835465314117 112.80842292766744 165.72955089923715 129.64029545204488 None None 102.1103171524208 102.1103171524208 137.43646769814023 None 59.99995705064566 None 29.999957050645662 None 1.0 1.0 1.0 1.0 0.0 0.0 1.0 1.0 1.0 0.0 1.0 1.0 1.0 1.0
247.4287347098669 27.56349220310681 2.0 2.0 2.0 2.0 None None 1.0 1.0 2.0 2.0 1.0 None 0.0 1.0 142.28448964863213 135.26293582763725 158.78654201033498 144.93190325738635 None None 80.06752732286304 80.06752732286304 104.7618675146233 116.60537239111989 59.99998985852295 None 29.99998985852295 49.99998985852295 1.0 1.0 1.0 1.0 0.0 0.0 1.0 1.0 1.0 1.0 1.0 1.0 1.0 1.0
198.6731907538853 34.327731759483136 3.0 2.0 4.0 2.0 None None 2.0 2.0 2.0 3.0 1.0 None 1.0 4.0 143.55826771393168 107.04074356786356 161.4762927365772 122.42480044827101 None None 91.62652070205269 91.62652070205269 124.45242954881849 138.54624865441542 49.99992463988758 None 29.99992463988758 159.99992463988758 1.0 1.0 1.0 1.0 0.0 0.0 1.0 1.0 1.0 1.0 1.0 1.0 1.0 1.0
158.66976188040036 42.982354792595416 4.0 3.0 5.0 3.0 None None 3.0 3.0 4.0 None 2.0 None 0.0 None 154.74330935022329 117.10687939243189 171.73098390808832 129.44859999439245 None None 115.01783881226442 115.01783881226442 149.00106653139056 None 59.999964089860725 None 29.999964089860725 None 1.0 1.0 1.0 1.0 0.0 0.0 1.0 1.0 1.0 0.0 1.0 1.0 1.0 1.0
129.2550500333386 52.76389586512037 5.0 3.0 5.0 4.0 None None 3.0 3.0 4.0 None 2.0 None 1.0 None 136.9802877417901 98.35396472572359 154.09539228041353 108.58588202125225 None None 83.79289328179345 83.79289328179345 110.74087274950574 None 59.999903918149414 None 29.999903918149414 None 1.0 1.0 1.0 1.0 0.0 0.0 1.0 1.0 1.0 0.0 1.0 1.0 1.0 1.0
239.2904141169226 28.500932748052318 3.0 3.0 4.0 3.0 None None 2.0 2.0 3.0 3.0 2.0 None 0.0 3.0 141.29492073788117 125.9124948995115 159.86043614043615 139.0514977366583 None None 84.29601031847761 84.29601031847761 119.01469053805141 136.69984435464607 69.99994319494175 None 29.99994319494175 149.99994319494175 1.0 1.0 1.0 1.0 0.0 0.0 1.0 1.0 1.0 1.0 1.0 1.0 1.0 1.0
188.40234382298752 36.19912503003517 4.0 3.0 4.0 3.0 None None 2.0 2.0 4.0 5.0 1.0 None 1.0 None 150.74469678166236 105.55110875965488 166.19574240126883 118.7371021324638 None None 90.28677881226275 90.28677881226275 156.0513854390215 190.4431506288144 59.999961283762275 None 29.999961283762275 None 1.0 1.0 1.0 1.0 0.0 0.0 1.0 1.0 1.0 1.0 1.0 1.0 1.0 1.0
240.93170011176983 28.30677738477816 2.0 2.0 2.0 2.0 None None 1.0 1.0 1.0 2.0 1.0 None 1.0 2.0 136.8325540666355 121.44156703951626 156.06339494933815 135.63601202511535 None None 68.59756088749185 68.59756088749185 100.03498957936694 145.12031786360535 59.99995840614508 None 29.999958406145083 159.99995840614508 1.0 1.0 1.0 1.0 0.0 0.0 1.0 1.0 1.0 1.0 1.0 1.0 1.0 1.0
195.48904504772275 34.88686539102538 3.0 3.0 4.0 3.0 None None 1.0 1.0 2.0 2.0 1.0 None 0.0 3.0 137.6750570841682 122.09192421118297 155.5436690525491 132.17421066166258 None None 73.4580527195622 73.4580527195622 96.18087332816765 112.26159987901343 59.99995322343176 None 29.99995322343176 129.99995322343176 1.0 1.0 1.0 1.0 0.0 0.0 1.0 1.0 1.0 1.0 1.0 1.0 1.0 1.0
251.0585755731812 27.164975282877897 2.0 1.0 2.0 2.0 None 5.0 1.0 1.0 1.0 2.0 1.0 None 1.0 3.0 136.69135622027727 113.63401611199077 149.83509243230236 120.14837060606817 None 272.4982015763926 70.93336988165606 70.93336988165606 107.91528062165088 169.29482550064603 59.99994755870728 None 29.999947558707277 209.99994755870728 1.0 1.0 1.0 1.0 0.0 1.0 1.0 1.0 1.0 1.0 1.0 1.0 1.0 1.0
178.30467032754785 38.249138328634785 3.0 2.0 4.0 2.0 None None 2.0 2.0 3.0 5.0 1.0 None 0.0 None 146.43593018447825 103.18447314398315 156.66559115028747 120.81351881389435 None None 77.11945719191243 77.11945719191243 134.2885663135056 204.87709257034885 49.999930547574536 None 29.999930547574536 None 1.0 1.0 1.0 1.0 0.0 0.0 1.0 1.0 1.0 1.0 1.0 1.0 1.0 1.0
129.9021838601571 52.5010419173699 5.0 4.0 5.0 4.0 None None 2.0 2.0 4.0 None 2.0 None 0.0 None 143.67297482577214 126.36620789567104 156.49255692732197 128.8838254598587 None None 80.43334105677872 80.43334105677872 122.96173247911656 None 59.99998231228278 None 29.999982312282782 None 1.0 1.0 1.0 1.0 0.0 0.0 1.0 1.0 1.0 0.0 1.0 1.0 1.0 1.0
137.33966654925797 49.65790416823207 5.0 4.0 5.0 4.0 None None 2.0 2.0 4.0 None 2.0 None 1.0 None 140.31787562388286 107.29978445700982 153.78467005348477 122.68602019410866 None None 83.05271924718733 83.05271924718733 118.82561130560765 None 59.99995795519328 None 29.99995795519328 None 1.0 1.0 1.0 1.0 0.0 0.0 1.0 1.0 1.0 0.0 1.0 1.0 1.0 1.0
322.94920951201647 21.117871786418593 2.0 2.0 2.0 2.0 None 5.0 1.0 1.0 2.0 2.0 1.0 None 0.0 1.0 138.6058443987518 102.54954934320591 153.99233864443516 119.40909910097844 None 340.6606572872906 66.96505944145122 66.96505944145122 93.30036043956636 103.97153635897104 59.999913699893284 None 29.999913699893284 69.99991369989328 1.0 1.0 1.0 1.0 0.0 1.0 1.0 1.0 1.0 1.0 1.0 1.0 1.0 1.0
133.81598285575984 50.965511401962154 5.0 4.0 5.0 4.0 None None 2.0 2.0 4.0 None 1.0 None 0.0 None 143.32587111940114 113.19141390605267 154.81757395424756 125.08982321120658 None None 77.08551136550204 77.08551136550204 124.32849612055816 None 49.99998028193272 None 29.99998028193272 None 1.0 1.0 1.0 1.0 0.0 0.0 1.0 1.0 1.0 0.0 1.0 1.0 1.0 1.0
121.4424339614007 56.15829473714 5.0 5.0 None 5.0 None None 3.0 3.0 5.0 None 2.0 None 1.0 None 148.87754110571854 123.21300452628645 None 126.52873255458343 None None 91.81126065330369 91.81126065330369 132.83063890966946 None 59.99997848362477 None 29.999978483624773 None 1.0 1.0 0.0 1.0 0.0 0.0 1.0 1.0 1.0 0.0 1.0 1.0 1.0 1.0
167.49665295555758 40.717231536618065 4.0 3.0 4.0 3.0 None None 3.0 3.0 3.0 4.0 1.0 None 0.0 4.0 143.1843647648334 117.34886542792083 157.2146246836067 131.19422725056262 None None 84.32477267240307 84.32477267240307 116.58854404504416 142.67327227196597 49.999929808754075 None 29.999929808754075 149.99992980875408 1.0 1.0 1.0 1.0 0.0 0.0 1.0 1.0 1.0 1.0 1.0 1.0 1.0 1.0
148.89748758288067 45.80332489629007 5.0 4.0 5.0 5.0 None None 2.0 2.0 5.0 None 1.0 None 1.0 None 154.31325747751146 134.6525250112831 169.37819293546886 150.4278642367458 None None 96.05271691485228 96.05271691485228 166.42175855992065 None 69.99998283714382 None 29.99998283714382 None 1.0 1.0 1.0 1.0 0.0 0.0 1.0 1.0 1.0 0.0 1.0 1.0 1.0 1.0
164.90265702723696 41.35773263419001 4.0 2.0 5.0 3.0 None None 2.0 2.0 5.0 None 1.0 None 0.0 None 151.70124738094108 110.30176470339751 170.59696984712548 114.83179706679795 None None 103.92241191447152 103.92241191447152 166.27980632838637 None 59.99992243818133 None 29.99992243818133 None 1.0 1.0 1.0 1.0 0.0 0.0 1.0 1.0 1.0 0.0 1.0 1.0 1.0 1.0
187.98032585956997 36.28039247625763 4.0 4.0 4.0 4.0 None None 2.0 2.0 4.0 4.0 1.0 None 0.0 None 150.73137250345502 122.8451343676619 162.75263440741105 142.43402672705474 None None 79.20658241645737 79.20658241645737 140.91240505674813 181.83560506012827 49.9999509568255 None 29.9999509568255 None 1.0 1.0 1.0 1.0 0.0 0.0 1.0 1.0 1.0 1.0 1.0 1.0 1.0 1.0
159.6450448112862 42.7197725307529 4.0 3.0 4.0 4.0 None None 2.0 2.0 3.0 4.0 1.0 None 0.0 1.0 138.5908753318859 119.83638868775239 155.4465305179994 138.5908753318859 None None 86.80769959027583 86.80769959027583 115.49395076765325 147.22001027095462 59.99992878915123 None 29.999928789151227 69.99992878915123 1.0 1.0 1.0 1.0 0.0 0.0 1.0 1.0 1.0 1.0 1.0 1.0 1.0 1.0
200.83568771332108 33.958108131335074 4.0 4.0 4.0 4.0 None None 3.0 3.0 4.0 4.0 2.0 None 1.0 None 141.1086190261375 125.85496526444183 157.61635250226118 133.57706502386458 None None 103.11728835167463 103.11728835167463 127.51306161983786 180.34177635550003 59.999931268970954 None 29.999931268970954 None 1.0 1.0 1.0 1.0 0.0 0.0 1.0 1.0 1.0 1.0 1.0 1.0 1.0 1.0
163.66207347030593 41.67123057522174 4.0 3.0 4.0 3.0 None None 2.0 2.0 3.0 4.0 1.0 None 1.0 5.0 140.94966617135861 114.67343668714017 156.01409261117556 124.14760899585667 None None 94.12457844150873 94.12457844150873 124.10356384311285 151.2243645305552 59.99996323944356 None 29.99996323944356 199.99996323944356 1.0 1.0 1.0 1.0 0.0 0.0 1.0 1.0 1.0 1.0 1.0 1.0 1.0 1.0
192.1297060043753 35.49685335928579 3.0 2.0 3.0 2.0 None None 1.0 1.0 1.0 3.0 1.0 None 0.0 5.0 138.91839409001358 123.77548672878464 154.32207600293106 136.55765468194318 None None 78.56721594064032 78.56721594064032 105.94795676783343 149.0578313850013 59.99995609918682 None 29.999956099186818 199.99995609918682 1.0 1.0 1.0 1.0 0.0 0.0 1.0 1.0 1.0 1.0 1.0 1.0 1.0 1.0
140.16030974617092 48.65856826623 5.0 4.0 5.0 4.0 None None 3.0 3.0 4.0 None 2.0 None 1.0 None 148.15981597715148 120.75486579737338 163.8936426685264 135.9509686641183 None None 91.35167629733945 91.35167629733945 121.38723325875111 None 59.99991836019791 None 29.99991836019791 None 1.0 1.0 1.0 1.0 0.0 0.0 1.0 1.0 1.0 0.0 1.0 1.0 1.0 1.0
168.07500812113318 40.577121347421055 3.0 3.0 4.0 3.0 None None 2.0 2.0 3.0 3.0 1.0 None 1.0 2.0 139.35166327031607 113.579044126952 151.28495158584013 124.47526714352085 None None 79.09016025535209 79.09016025535209 117.91728940372008 127.84089729591727 59.99992223328189 None 29.999922233281893 79.9999222332819 1.0 1.0 1.0 1.0 0.0 0.0 1.0 1.0 1.0 1.0 1.0 1.0 1.0 1.0
139.37970199451536 48.93108467306358 5.0 3.0 5.0 4.0 None None 2.0 2.0 4.0 5.0 2.0 None 1.0 5.0 146.08052672340875 117.89457443939051 157.66620438266392 126.1505351993672 None None 87.84973651010137 87.84973651010137 128.34268256993533 156.14320825501596 59.99997706028455 None 29.99997706028455 179.99997706028455 1.0 1.0 1.0 1.0 0.0 0.0 1.0 1.0 1.0 1.0 1.0 1.0 1.0 1.0
158.91865419820715 42.91503747252939 4.0 3.0 4.0 3.0 None None 1.0 1.0 3.0 None 1.0 None 0.0 None 143.35773415009993 116.00942090571408 158.42260323638754 127.36219838898847 None None 84.83961042809244 84.83961042809244 118.91911204649222 None 59.9999741853199 None 29.9999741853199 None 1.0 1.0 1.0 1.0 0.0 0.0 1.0 1.0 1.0 0.0 1.0 1.0 1.0 1.0
129.06444630558644 52.841818139848186 5.0 4.0 None 5.0 None None 4.0 4.0 5.0 None 2.0 None 1.0 None 152.18253426793893 126.69768433699687 None 135.67633165494937 None None 115.77089560513213 115.77089560513213 155.1080919391049 None 59.99992501154833 None 29.999925011548328 None 1.0 1.0 0.0 1.0 0.0 0.0 1.0 1.0 1.0 0.0 1.0 1.0 1.0 1.0
144.34494054338944 47.24793244796785 5.0 4.0 5.0 4.0 None None 3.0 3.0 4.0 None 1.0 None 0.0 None 146.7311087205382 127.97810003259468 162.91713592103736 138.8787075429995 None None 96.03710324447934 96.03710324447934 124.41108128510734 None 49.99997212982299 None 29.999972129822993 None 1.0 1.0 1.0 1.0 0.0 0.0 1.0 1.0 1.0 0.0 1.0 1.0 1.0 1.0
138.77492148745785 49.14432612823619 5.0 4.0 None 5.0 None None 4.0 4.0 None None 2.0 None 1.0 None 158.2584198086704 130.37448072772128 None 147.68125374246773 None None 113.86496883941851 113.86496883941851 None None 59.9999926089958 None 29.999992608995797 None 1.0 1.0 0.0 1.0 0.0 0.0 1.0 1.0 0.0 0.0 1.0 1.0 1.0 1.0
168.99113387994242 40.35714681247823 3.0 3.0 4.0 3.0 None None 2.0 2.0 3.0 5.0 1.0 None 0.0 None 148.00974650977895 131.84862031187964 161.31481487900072 146.43671235374802 None None 95.39999412410617 95.39999412410617 137.07934807505103 186.12774121783588 59.99991143792346 None 29.99991143792346 None 1.0 1.0 1.0 1.0 0.0 0.0 1.0 1.0 1.0 1.0 1.0 1.0 1.0 1.0
200.6147860385422 33.99550020550199 3.0 3.0 4.0 3.0 None None 2.0 2.0 3.0 4.0 2.0 None 1.0 None 138.90111866382887 127.50000036737822 150.57069962946497 140.02401547513978 None None 86.43606509441707 86.43606509441707 125.20346692871897 176.9920575918618 59.99994018275157 None 29.999940182751573 None 1.0 1.0 1.0 1.0 0.0 0.0 1.0 1.0 1.0 1.0 1.0 1.0 1.0 1.0
137.33777228158317 49.65858908805494 5.0 3.0 5.0 4.0 None None 2.0 2.0 4.0 None 2.0 None 1.0 None 140.6395841205392 108.93217591182906 159.95587992715514 123.01058843649378 None None 81.00501842831608 81.00501842831608 119.53262524435132 None 59.99992384013433 None 29.99992384013433 None 1.0 1.0 1.0 1.0 0.0 0.0 1.0 1.0 1.0 0.0 1.0 1.0 1.0 1.0
131.5667953356068 51.83678740979608 5.0 3.0 None 4.0 None None 2.0 2.0 5.0 None 2.0 None 1.0 None 148.6426815148933 109.69739001550278 None 123.00305368041529 None None 81.08100796799408 81.08100796799408 136.8186774633258 None 59.999999729057606 None 29.999999729057606 None 1.0 1.0 0.0 1.0 0.0 0.0 1.0 1.0 1.0 0.0 1.0 1.0 1.0 1.0
203.85176929279368 33.455682154047864 4.0 3.0 4.0 3.0 None None 1.0 1.0 4.0 5.0 1.0 None 1.0 None 153.17429752733864 121.69409979760286 169.74416364244752 134.24439433540203 None None 88.09927594721023 88.09927594721023 159.54750845511876 219.86542035931728 59.9999595441173 None 29.999959544117303 None 1.0 1.0 1.0 1.0 0.0 0.0 1.0 1.0 1.0 1.0 1.0 1.0 1.0 1.0
149.35480781889237 45.66307639905327 4.0 3.0 5.0 4.0 None None 2.0 2.0 4.0 5.0 1.0 None 0.0 None 145.92175411399535 114.61266726517653 160.37800722407758 131.82965342331408 None None 86.65163911550565 86.65163911550565 131.82965342331408 171.21346045368506 59.99998934049711 None 29.99998934049711 None 1.0 1.0 1.0 1.0 0.0 0.0 1.0 1.0 1.0 1.0 1.0 1.0 1.0 1.0
176.02983434247255 38.74343247254007 3.0 2.0 3.0 3.0 None None 1.0 1.0 2.0 3.0 1.0 None 0.0 3.0 139.38521253354975 120.81885852224389 152.22775093389475 136.15484585175267 None None 82.47801633316641 82.47801633316641 114.02456213046679 139.0122351029259 59.9999288548824 None 29.9999288548824 149.9999288548824 1.0 1.0 1.0 1.0 0.0 0.0 1.0 1.0 1.0 1.0 1.0 1.0 1.0 1.0
135.9491030594113 50.16583299574682 5.0 3.0 None 4.0 None None 2.0 2.0 4.0 None 1.0 None 0.0 None 148.20463835345123 100.4554626145092 None 114.8348562649278 None None 86.93286082487799 86.93286082487799 125.30176102624506 None 59.999926275961684 None 29.999926275961684 None 1.0 1.0 0.0 1.0 0.0 0.0 1.0 1.0 1.0 0.0 1.0 1.0 1.0 1.0
162.30073371422924 42.020758895694854 4.0 2.0 5.0 3.0 None None 2.0 2.0 3.0 3.0 2.0 None 1.0 4.0 149.7704392055732 107.83229752894488 163.7166660627733 121.43010423971941 None None 104.32994128954567 104.32994128954567 129.36901179852424 137.06692236290752 59.999951403425314 None 29.999951403425314 159.9999514034253 1.0 1.0 1.0 1.0 0.0 0.0 1.0 1.0 1.0 1.0 1.0 1.0 1.0 1.0
132.1469246956264 51.609222202548295 5.0 4.0 5.0 5.0 None None 2.0 2.0 4.0 None 1.0 None 1.0 None 138.1211259619734 122.050586621067 152.38426496306067 132.51552110537227 None None 70.22197298042778 70.22197298042778 115.83441391353074 None 49.99996069292263 None 29.999960692922627 None 1.0 1.0 1.0 1.0 0.0 0.0 1.0 1.0 1.0 0.0 1.0 1.0 1.0 1.0
143.24424931781283 47.61098635707614 4.0 4.0 5.0 4.0 None None 2.0 2.0 3.0 5.0 1.0 None 0.0 5.0 135.51027764747988 125.17130929996819 149.45427448457417 130.22253156323774 None None 73.51532094886818 73.51532094886818 104.277778563053 150.5811931703061 59.999971687661684 None 29.999971687661684 179.99997168766168 1.0 1.0 1.0 1.0 0.0 0.0 1.0 1.0 1.0 1.0 1.0 1.0 1.0 1.0
206.53638951127988 33.02081544147226 4.0 3.0 4.0 3.0 None None 3.0 3.0 4.0 5.0 2.0 None 0.0 None 159.38756290439346 117.74045023013332 175.89496291264942 138.20500096368187 None None 107.6766903147535 107.6766903147535 172.14904256372847 219.90615389300672 59.99998340137165 None 29.99998340137165 None 1.0 1.0 1.0 1.0 0.0 0.0 1.0 1.0 1.0 1.0 1.0 1.0 1.0 1.0
222.29949488711378 30.679331968177767 4.0 2.0 4.0 3.0 None None 1.0 1.0 3.0 4.0 1.0 None 0.0 None 148.9704299691261 116.81067799761848 163.5537877524655 127.8424565483001 None None 96.85913848103638 96.85913848103638 138.3846491043472 204.4289884218411 59.99998268511041 None 29.99998268511041 None 1.0 1.0 1.0 1.0 0.0 0.0 1.0 1.0 1.0 1.0 1.0 1.0 1.0 1.0
135.98487518568828 50.15263639200494 5.0 4.0 5.0 5.0 None None 2.0 2.0 4.0 4.0 2.0 None 1.0 5.0 140.1262262597926 132.82740748581614 150.70491328958076 144.55963350745287 None None 81.92745083946977 81.92745083946977 118.19155779094439 131.54811945192893 59.99999726228117 None 29.99999726228117 159.99999726228117 1.0 1.0 1.0 1.0 0.0 0.0 1.0 1.0 1.0 1.0 1.0 1.0 1.0 1.0
135.3245912166941 50.39734418321052 5.0 4.0 5.0 5.0 None None 2.0 2.0 3.0 None 1.0 None 1.0 None 141.11028462206633 123.89529075210714 154.57452754108567 140.069237802224 None None 68.17788286201306 68.17788286201306 104.13369304156322 None 49.99996361187215 None 29.999963611872147 None 1.0 1.0 1.0 1.0 0.0 0.0 1.0 1.0 1.0 0.0 1.0 1.0 1.0 1.0
153.2482687705034 44.50294972149588 4.0 4.0 4.0 4.0 None None 2.0 2.0 4.0 4.0 2.0 None 1.0 3.0 138.31784491639155 117.08192442720656 152.02001103735904 126.81531733710688 None None 85.50644609121758 85.50644609121758 113.56232616204625 125.28279959386731 59.99998683109658 None 29.999986831096578 89.99998683109658 1.0 1.0 1.0 1.0 0.0 0.0 1.0 1.0 1.0 1.0 1.0 1.0 1.0 1.0
142.12329754296536 47.986502691004915 5.0 4.0 5.0 5.0 None None 2.0 2.0 4.0 None 1.0 None 1.0 None 146.27871627308082 135.21719785246285 160.54787038105485 151.56589364288357 None None 72.63511364763139 72.63511364763139 123.39051259017532 None 59.99994634854687 None 29.99994634854687 None 1.0 1.0 1.0 1.0 0.0 0.0 1.0 1.0 1.0 0.0 1.0 1.0 1.0 1.0
124.76312283973016 54.66358844480772 5.0 4.0 None 4.0 None None 2.0 2.0 5.0 None 1.0 None 0.0 None 148.17442944050805 106.50615025353454 None 115.7566457255408 None None 81.63249758238027 81.63249758238027 145.14549288766688 None 49.9999147257538 None 29.999914725753797 None 1.0 1.0 0.0 1.0 0.0 0.0 1.0 1.0 1.0 0.0 1.0 1.0 1.0 1.0
128.09565048320235 53.2414642829292 5.0 4.0 None 5.0 None None 3.0 3.0 5.0 None 2.0 None 1.0 None 152.97768121502594 120.278175331277 None 135.67737481903993 None None 96.9333323415836 96.9333323415836 144.90870435058474 None 59.99999541441542 None 29.999995414415423 None 1.0 1.0 0.0 1.0 0.0 0.0 1.0 1.0 1.0 0.0 1.0 1.0 1.0 1.0
218.32329531664516 31.238077412255134 3.0 3.0 4.0 3.0 None None 2.0 2.0 3.0 4.0 2.0 None 1.0 None 140.6068980523675 115.82125959780745 155.86391787504766 133.1304955908297 None None 83.774100396552 83.774100396552 118.23113786744602 171.46909511682014 59.99992810287881 None 29.999928102878812 None 1.0 1.0 1.0 1.0 0.0 0.0 1.0 1.0 1.0 1.0 1.0 1.0 1.0 1.0
209.00849438219757 32.63025275675541 4.0 4.0 4.0 4.0 None None 3.0 3.0 4.0 4.0 2.0 None 1.0 None 152.00107613929708 126.81968901090431 164.02403328772124 141.10489090079966 None None 118.38250635500458 118.38250635500458 147.05184582194505 180.84086962334993 59.999937703491696 None 29.999937703491696 None 1.0 1.0 1.0 1.0 0.0 0.0 1.0 1.0 1.0 1.0 1.0 1.0 1.0 1.0
153.29974203106065 44.488007022335196 4.0 3.0 5.0 3.0 None None 2.0 2.0 3.0 5.0 1.0 None 1.0 1.0 150.75158727245446 111.48243505381151 164.2930682140552 128.01710955812138 None None 88.8255863793446 88.8255863793446 127.25667597434983 164.2930682140552 69.99999032274246 None 29.999990322742462 69.99999032274246 1.0 1.0 1.0 1.0 0.0 0.0 1.0 1.0 1.0 1.0 1.0 1.0 1.0 1.0
130.16543808945522 52.3948607257251 5.0 4.0 5.0 5.0 None None 3.0 3.0 4.0 5.0 2.0 None 1.0 None 142.4313382904354 129.30562209994315 156.49834234971456 135.12891075027653 None None 99.7040934604833 99.7040934604833 128.54488948223587 155.99894478597844 59.99993022079241 None 29.999930220792407 None 1.0 1.0 1.0 1.0 0.0 0.0 1.0 1.0 1.0 1.0 1.0 1.0 1.0 1.0
144.31199442879227 47.258719048229814 4.0 4.0 5.0 4.0 None None 2.0 2.0 3.0 4.0 2.0 None 0.0 5.0 140.32020284568898 116.59689287467495 151.8782653121005 126.31527660886997 None None 70.88378594489507 70.88378594489507 96.89163846036593 140.1319417837757 59.999993998863886 None 29.999993998863886 149.99999399886389 1.0 1.0 1.0 1.0 0.0 0.0 1.0 1.0 1.0 1.0 1.0 1.0 1.0 1.0
175.324042116263 38.89939974962156 3.0 2.0 4.0 3.0 None None 2.0 2.0 3.0 5.0 1.0 None 0.0 None 143.19745912245082 110.50857501086313 157.84709478593402 122.71775991094842 None None 93.89751240134638 93.89751240134638 130.6018476975127 193.73889935467548 59.99994591523932 None 29.999945915239323 None 1.0 1.0 1.0 1.0 0.0 0.0 1.0 1.0 1.0 1.0 1.0 1.0 1.0 1.0
182.98616825200406 37.27057659684782 3.0 2.0 3.0 3.0 None None 2.0 2.0 2.0 4.0 2.0 None 1.0 None 137.13628661741046 114.88618250272071 156.13079862571686 128.34803948387645 None None 90.06558586179011 90.06558586179011 104.02051751951916 173.2828511071969 59.99994822477379 None 29.99994822477379 None 1.0 1.0 1.0 1.0 0.0 0.0 1.0 1.0 1.0 1.0 1.0 1.0 1.0 1.0
166.20037125266356 41.03480605125725 3.0 2.0 4.0 2.0 None None 1.0 1.0 2.0 1.0 1.0 None 0.0 2.0 140.101183196229 105.58299940712078 155.36512085828508 116.48464819365341 None None 80.66149183046764 80.66149183046764 105.89057204265293 94.98518982655025 59.99993288050871 None 29.99993288050871 99.99993288050871 1.0 1.0 1.0 1.0 0.0 0.0 1.0 1.0 1.0 1.0 1.0 1.0 1.0 1.0
236.85646856177488 28.793809353875705 2.0 2.0 3.0 2.0 None None 2.0 2.0 2.0 2.0 1.0 None 0.0 3.0 141.89889727509706 117.19976538157283 153.53969599016398 129.79863496943375 None None 83.94935377375526 83.94935377375526 111.61713759492324 143.41989995485835 59.99991256089362 None 29.99991256089362 159.99991256089362 1.0 1.0 1.0 1.0 0.0 0.0 1.0 1.0 1.0 1.0 1.0 1.0 1.0 1.0
124.18729908163328 54.917049089834386 5.0 4.0 None 5.0 None None 3.0 3.0 5.0 5.0 2.0 None 1.0 None 143.9866268540619 119.44997579326747 None 130.1633773961952 None None 90.81134595877597 90.81134595877597 128.8971658684115 154.95959892448673 49.99996957901732 None 29.999969579017318 None 1.0 1.0 0.0 1.0 0.0 0.0 1.0 1.0 1.0 1.0 1.0 1.0 1.0 1.0
219.17259687014996 31.117028759031164 2.0 2.0 3.0 2.0 None None 2.0 2.0 3.0 4.0 1.0 None 1.0 None 154.96128508322033 127.61062057214974 173.89206483969338 139.46049425001735 None None 106.29531326627603 106.29531326627603 171.6084966320924 210.43147304216222 59.99993492588203 None 29.99993492588203 None 1.0 1.0 1.0 1.0 0.0 0.0 1.0 1.0 1.0 1.0 1.0 1.0 1.0 1.0
200.07272025707658 34.08760570275086 4.0 3.0 4.0 4.0 None None 2.0 2.0 3.0 4.0 1.0 None 0.0 2.0 135.02315896267868 113.73698906704038 145.9252080802243 129.41345200275492 None None 71.40610570265864 71.40610570265864 93.67939370148281 128.17763719708773 59.99998824277105 None 29.999988242771053 79.99998824277105 1.0 1.0 1.0 1.0 0.0 0.0 1.0 1.0 1.0 1.0 1.0 1.0 1.0 1.0
187.7068521548478 36.33325007429071 3.0 2.0 3.0 2.0 None None 1.0 1.0 2.0 3.0 1.0 None 1.0 3.0 138.00484404120715 109.28976437471084 151.01906846472122 115.36748302897792 None None 86.94084220610455 86.94084220610455 113.43105739163894 126.05857978435631 59.999909562692096 None 29.999909562692096 149.9999095626921 1.0 1.0 1.0 1.0 0.0 0.0 1.0 1.0 1.0 1.0 1.0 1.0 1.0 1.0
178.97264707919993 38.106381680670886 4.0 4.0 4.0 4.0 None None 2.0 2.0 3.0 4.0 2.0 None 0.0 5.0 131.49978557216065 117.84888697460235 148.8091389198633 130.3774583734816 None None 80.16605779498087 80.16605779498087 102.25335843347466 164.4935777170744 59.99992127853312 None 29.999921278533122 209.99992127853312 1.0 1.0 1.0 1.0 0.0 0.0 1.0 1.0 1.0 1.0 1.0 1.0 1.0 1.0
131.9509003617917 51.68589211062959 5.0 4.0 5.0 5.0 None None 2.0 2.0 4.0 5.0 2.0 None 1.0 5.0 136.36581451938116 130.06518433080868 146.46288680652532 144.2183333175998 None None 76.25844853350304 76.25844853350304 107.32348760833378 142.20643196638122 59.99990550605969 None 29.99990550605969 169.9999055060597 1.0 1.0 1.0 1.0 0.0 0.0 1.0 1.0 1.0 1.0 1.0 1.0 1.0 1.0
149.10779896616094 45.73872089378608 4.0 3.0 4.0 4.0 None None 2.0 2.0 3.0 4.0 1.0 None 0.0 5.0 133.9048963716496 116.08893118384327 146.39013873051306 128.61641149908348 None None 85.69360647876005 85.69360647876005 108.56353224870259 145.62848469053074 59.999959947063076 None 29.999959947063076 169.99995994706308 1.0 1.0 1.0 1.0 0.0 0.0 1.0 1.0 1.0 1.0 1.0 1.0 1.0 1.0
