261.98067547988734 104.91613532048528 3.0 3.0 3.0 5.0 None 3.0 3.0 4.0 2.0 None 0.0 None 0.0 None 190.89766593889382 199.9804833237063 192.9074091270267 291.8732687571413 None 189.21376515497695 200.234615737716 230.79029678459176 133.94940092465487 None 29.999981021021608 None 29.999981021021608 None 1.0 1.0 1.0 1.0 0.0 1.0 1.0 1.0 1.0 0.0 1.0 1.0 1.0 1.0
265.08810296029236 103.68628276055503 3.0 3.0 3.0 5.0 None 3.0 3.0 4.0 2.0 None 0.0 None 0.0 None 191.87180662608966 196.99179283205407 196.5198629929514 289.25583794071173 None 185.17918273434373 206.08055010561515 229.95271484064165 131.74619633667842 None 29.999903875394004 None 29.999903875394004 None 1.0 1.0 1.0 1.0 0.0 1.0 1.0 1.0 1.0 0.0 1.0 1.0 1.0 1.0
279.4824111998498 98.34608153693634 3.0 3.0 3.0 5.0 None 3.0 3.0 3.0 2.0 None 0.0 None 0.0 None 197.12819732790217 200.26007133246736 199.55068475845397 294.4655585216738 None 187.63306336349876 204.25705907786218 228.01776941230324 159.39572600036948 None 39.99998801494954 None 29.999988014949533 None 1.0 1.0 1.0 1.0 0.0 1.0 1.0 1.0 1.0 0.0 1.0 1.0 1.0 1.0
298.3260136946073 92.13410409504912 2.0 3.0 3.0 4.0 None 2.0 3.0 3.0 2.0 None 0.0 None 0.0 None 193.89513408390556 199.00888030689714 195.1155569035007 291.2889688097747 None 187.8883148492595 199.0311975557305 224.56047417187304 140.8011279341369 None 29.99999503054421 None 29.99999503054421 None 1.0 1.0 1.0 1.0 0.0 1.0 1.0 1.0 1.0 0.0 1.0 1.0 1.0 1.0
285.19752914344707 96.37530900969077 3.0 3.0 3.0 5.0 None 2.0 3.0 3.0 2.0 None 0.0 None 0.0 None 199.12850573926352 195.42209367742237 201.55215243466108 289.11807029888206 None 183.18215504578274 205.5961860341451 233.86114181875513 142.0620884937423 None 29.999983330935308 None 29.999983330935308 None 1.0 1.0 1.0 1.0 0.0 1.0 1.0 1.0 1.0 0.0 1.0 1.0 1.0 1.0
307.92365187465623 89.262386415151 3.0 3.0 3.0 4.0 None 3.0 4.0 4.0 2.0 5.0 0.0 None 0.0 0.0 197.0200568250084 197.80333275979598 200.13938958857796 292.6989868465453 None 185.35683786869862 213.70754340593544 238.32895885239736 152.41613139310914 319.2108970733041 29.99991496034069 None 29.99991496034069 19.99991496034069 1.0 1.0 1.0 1.0 0.0 1.0 1.0 1.0 1.0 1.0 1.0 1.0 1.0 1.0
253.29785520148155 108.51256509115215 3.0 3.0 3.0 None None 3.0 4.0 4.0 3.0 None 1.0 None 0.0 None 192.4914407806222 197.16563646823752 195.76433148295422 None None 185.74442229338987 207.71765614260087 231.80530456752135 161.40573560101362 None 39.99996188494989 None 29.99996188494989 None 1.0 1.0 1.0 0.0 0.0 1.0 1.0 1.0 1.0 0.0 1.0 1.0 1.0 1.0
292.8555565004066 93.85514254349427 3.0 3.0 3.0 5.0 None 2.0 3.0 3.0 2.0 None 0.0 None 0.0 None 191.0624161489299 199.488990281962 196.94034141017625 294.12776627458936 None 189.19894349766003 205.0472845741894 230.23924481850037 150.58936950661905 None 29.999980522774976 None 29.999980522774976 None 1.0 1.0 1.0 1.0 0.0 1.0 1.0 1.0 1.0 0.0 1.0 1.0 1.0 1.0
283.18044935759 97.06178538226582 3.0 3.0 3.0 5.0 None 3.0 3.0 4.0 2.0 None 0.0 None 0.0 None 199.10853423380217 197.8126592798261 201.53239001663678 289.6906624061759 None 186.6088313189356 208.56542651306202 236.27230841251983 144.89656669045615 None 29.999937229816826 None 29.999937229816826 None 1.0 1.0 1.0 1.0 0.0 1.0 1.0 1.0 1.0 0.0 1.0 1.0 1.0 1.0
314.553341784582 87.38104591120018 3.0 3.0 3.0 4.0 None 3.0 3.0 3.0 2.0 None 0.0 None 0.0 None 197.13059123066034 201.29140325987356 200.92457192145426 294.23826616465476 None 189.74594837825245 210.72895392225598 235.25357831039932 161.4814801644879 None 29.999958682176587 None 29.999958682176587 None 1.0 1.0 1.0 1.0 0.0 1.0 1.0 1.0 1.0 0.0 1.0 1.0 1.0 1.0
240.37249722488528 114.34752443531393 4.0 4.0 4.0 None None 4.0 4.0 4.0 3.0 None 0.0 None 0.0 None 195.71691577063754 198.54042011288982 196.7486444146941 None None 187.01406046308114 209.56324462787148 233.76114623987203 169.4653852443422 None 29.999979923554324 None 29.999979923554324 None 1.0 1.0 1.0 0.0 0.0 1.0 1.0 1.0 1.0 0.0 1.0 1.0 1.0 1.0
331.645060879057 82.87776072149461 3.0 3.0 3.0 4.0 None 2.0 3.0 3.0 2.0 5.0 0.0 None 0.0 0.0 197.52735759305295 197.63336060888392 200.63803433420077 291.16796915628623 None 185.40924847924913 209.79674564605935 233.99644726673742 151.51925977935306 349.8041624757791 29.999919430845278 None 29.999919430845278 19.999919430845278 1.0 1.0 1.0 1.0 0.0 1.0 1.0 1.0 1.0 1.0 1.0 1.0 1.0 1.0
377.07141075924204 72.8933544568025 3.0 3.0 3.0 4.0 None 2.0 3.0 3.0 2.0 None 0.0 None 0.0 None 197.28942312301052 199.18318221000158 198.50109365639693 291.6969214868749 None 187.25405698940799 208.22322217416828 232.63328323754908 151.06810248749832 None 29.99997905743995 None 29.99997905743995 None 1.0 1.0 1.0 1.0 0.0 1.0 1.0 1.0 1.0 0.0 1.0 1.0 1.0 1.0
321.72252191948354 85.43386964646147 2.0 2.0 2.0 4.0 None 2.0 2.0 3.0 2.0 None 0.0 None 0.0 0.0 194.31943509344458 201.70331446108392 198.77089171139335 292.4273916830676 None 190.91257955731766 208.16580816550032 235.44748374282838 150.4663195949592 None 29.999978991225454 None 29.999978991225454 19.999978991225454 1.0 1.0 1.0 1.0 0.0 1.0 1.0 1.0 1.0 0.0 1.0 1.0 1.0 1.0
249.3936742430509 110.21129578937534 4.0 4.0 4.0 None None 3.0 4.0 4.0 2.0 None 1.0 None 0.0 0.0 195.52758401275466 197.49114223058118 197.37860503891383 None None 184.98635397503642 207.86063790503127 228.49452925033586 133.92489754817382 None 39.999968571331394 None 29.999968571331397 19.999968571331397 1.0 1.0 1.0 0.0 0.0 1.0 1.0 1.0 1.0 0.0 1.0 1.0 1.0 1.0
283.3154150272113 97.01554713272513 4.0 4.0 4.0 5.0 None 3.0 4.0 4.0 3.0 None 0.0 None 0.0 None 193.96614050626562 197.40605705373616 198.19235390438934 291.2129946393794 None 186.5018740806472 215.75466612075627 241.23554762557 182.6779858780103 None 29.999914086543 None 29.999914086543 None 1.0 1.0 1.0 1.0 0.0 1.0 1.0 1.0 1.0 0.0 1.0 1.0 1.0 1.0
321.3283082368168 85.53868207510371 2.0 3.0 3.0 4.0 None 2.0 3.0 3.0 2.0 None 0.0 None 0.0 0.0 194.6788769519533 199.72188660691123 198.5377261991541 295.1080506622046 None 187.35289453369518 206.1616595758309 230.0514884307057 151.4112461119598 None 29.999995365176325 None 29.999995365176325 29.999995365176325 1.0 1.0 1.0 1.0 0.0 1.0 1.0 1.0 1.0 0.0 1.0 1.0 1.0 1.0
308.0618873349902 89.22233203782002 3.0 3.0 3.0 4.0 None 3.0 4.0 4.0 3.0 None 0.0 None 0.0 None 196.31800747319528 200.4793778461287 201.68508830903463 294.49278153807506 None 188.52832361226686 211.4897101631504 237.01479596294186 162.615957121588 None 29.99991690978955 None 29.99991690978955 None 1.0 1.0 1.0 1.0 0.0 1.0 1.0 1.0 1.0 0.0 1.0 1.0 1.0 1.0
256.2844117138391 107.24803672683063 4.0 4.0 4.0 None None 4.0 4.0 4.0 3.0 None 0.0 None 0.0 0.0 198.41597345622057 200.51005481670063 202.18725037690348 None None 188.68766188733602 214.5462775959111 244.58075094995874 181.58131294733172 None 29.999995818494565 None 29.999995818494565 19.999995818494565 1.0 1.0 1.0 0.0 0.0 1.0 1.0 1.0 1.0 0.0 1.0 1.0 1.0 1.0
327.78008606769384 83.85500269324943 3.0 3.0 3.0 4.0 None 2.0 3.0 4.0 2.0 None 0.0 None 0.0 0.0 200.11724517100913 201.3972290059847 207.19954162350385 293.3577891408914 None 189.5594784249835 212.16440902784868 242.34716044173064 169.32119925521062 None 29.99994157209431 None 29.99994157209431 19.99994157209431 1.0 1.0 1.0 1.0 0.0 1.0 1.0 1.0 1.0 0.0 1.0 1.0 1.0 1.0
366.75711268490517 74.94333183829555 2.0 2.0 2.0 4.0 None 2.0 2.0 3.0 1.0 None 0.0 None 0.0 None 194.28193307607148 195.49413890373404 197.91600245509244 289.14728013418346 None 183.53229390827505 199.3875167929046 225.15160773089428 141.34295345279838 None 29.9999410130237 None 29.9999410130237 None 1.0 1.0 1.0 1.0 0.0 1.0 1.0 1.0 1.0 0.0 1.0 1.0 1.0 1.0
309.69802896894583 88.75096845629614 3.0 3.0 3.0 4.0 None 3.0 3.0 4.0 2.0 None 1.0 None 0.0 None 198.1085644712922 199.47386932707997 201.42802778488806 290.0315404804017 None 188.42982793498015 210.58258732345 234.96416690159083 161.904147611853 None 59.999918242635765 None 29.999918242635765 None 1.0 1.0 1.0 1.0 0.0 1.0 1.0 1.0 1.0 0.0 1.0 1.0 1.0 1.0
233.8826684322866 117.52046521547923 4.0 4.0 4.0 None None 4.0 4.0 5.0 2.0 None 0.0 None 0.0 None 197.8813808247279 196.64812451362877 199.89429964139634 None None 186.50449014900278 207.70216014750167 237.14607479172906 143.38977563590743 None 29.99993100168011 None 29.99993100168011 None 1.0 1.0 1.0 0.0 0.0 1.0 1.0 1.0 1.0 0.0 1.0 1.0 1.0 1.0
309.288326782209 88.86853340363784 3.0 3.0 3.0 4.0 None 3.0 3.0 3.0 2.0 None 0.0 None 0.0 None 194.89216895518356 202.4088194806972 197.66453116017146 295.0838857884367 None 190.1631871789093 206.41889243343252 235.15809351900361 152.1228408000357 None 29.99990701080009 None 29.99990701080009 None 1.0 1.0 1.0 1.0 0.0 1.0 1.0 1.0 1.0 0.0 1.0 1.0 1.0 1.0
342.38311348496677 80.27849189240709 2.0 2.0 2.0 4.0 None 2.0 2.0 3.0 2.0 4.0 0.0 None 0.0 0.0 200.51261425879323 196.60031348121913 208.17512913219383 288.39358822890625 None 185.18544404904725 213.77787813749052 238.40428796939852 170.139491404112 270.52309394396053 29.99990815089417 None 29.99990815089417 19.99990815089417 1.0 1.0 1.0 1.0 0.0 1.0 1.0 1.0 1.0 1.0 1.0 1.0 1.0 1.0
250.83106944494244 109.57972654991687 4.0 4.0 4.0 None None 3.0 4.0 4.0 4.0 None 1.0 None 0.0 0.0 196.9725318219084 200.43035238633993 202.21546612334416 None None 189.48669074632747 222.75129223938694 245.69117936229065 196.9725318219084 None 39.999997474820304 None 29.999997474820308 19.999997474820308 1.0 1.0 1.0 0.0 0.0 1.0 1.0 1.0 1.0 0.0 1.0 1.0 1.0 1.0
360.9754245853294 76.1436877083102 2.0 2.0 2.0 3.0 None 2.0 3.0 3.0 2.0 None 0.0 None 0.0 0.0 192.30028080416704 198.04298919644097 196.7363095564929 290.5684719521199 None 186.97207488986305 210.6437216023841 236.50835995498505 152.10163826580052 None 29.999934123019454 None 29.999934123019454 19.999934123019454 1.0 1.0 1.0 1.0 0.0 1.0 1.0 1.0 1.0 0.0 1.0 1.0 1.0 1.0
266.62770027540967 103.08756356375834 3.0 3.0 3.0 5.0 None 3.0 3.0 4.0 3.0 None 0.0 None 0.0 None 200.52124679816825 200.5941373799156 204.15547868832465 292.9151576323264 None 189.08675483740188 213.08261771642708 237.8777096588769 179.50964838445012 None 29.999900271575687 None 29.999900271575687 None 1.0 1.0 1.0 1.0 0.0 1.0 1.0 1.0 1.0 0.0 1.0 1.0 1.0 1.0
330.00352651267946 83.29001902027834 3.0 3.0 3.0 4.0 None 3.0 3.0 3.0 2.0 4.0 0.0 None 0.0 None 191.30115463752372 201.37561017665854 193.7262819865752 294.0106832750365 None 190.3050159015224 208.32017229219645 232.55834438437446 159.30528060970417 289.5019234239268 39.99993222445468 None 29.999932224454685 None 1.0 1.0 1.0 1.0 0.0 1.0 1.0 1.0 1.0 1.0 1.0 1.0 1.0 1.0
326.16004111992817 84.27151255445627 3.0 3.0 3.0 4.0 None 2.0 3.0 4.0 2.0 None 0.0 None 0.0 None 203.1004388474248 199.28242595771084 206.55980086309467 292.5587935158904 None 186.57539393749133 216.24514576917673 246.3935466454941 182.7928768202461 None 29.999919216773776 None 29.999919216773776 None 1.0 1.0 1.0 1.0 0.0 1.0 1.0 1.0 1.0 0.0 1.0 1.0 1.0 1.0
263.5551351947836 104.28937375735875 3.0 3.0 3.0 5.0 None 3.0 4.0 4.0 3.0 None 0.0 None 0.0 None 196.5056657562894 197.7428949895002 201.53373740331193 292.9324749038187 None 186.29728973185226 208.06528148888128 232.26827401315356 159.62049551646564 None 29.999958192786064 None 29.999958192786064 None 1.0 1.0 1.0 1.0 0.0 1.0 1.0 1.0 1.0 0.0 1.0 1.0 1.0 1.0
289.19897743725403 95.0418298279201 3.0 3.0 3.0 5.0 None 3.0 3.0 3.0 2.0 None 1.0 None 0.0 None 196.52608821798535 201.15883668028607 199.47522332150393 296.0272733247394 None 187.68899241291996 204.89664224486168 234.69471860965322 149.8369979649349 None 39.99992661205996 None 29.99992661205996 None 1.0 1.0 1.0 1.0 0.0 1.0 1.0 1.0 1.0 0.0 1.0 1.0 1.0 1.0
255.544197136215 107.55869359596099 4.0 4.0 4.0 None None 3.0 4.0 4.0 3.0 None 0.0 None 0.0 None 198.16855087403857 197.19527242483514 199.94688612013593 None None 184.99996037777564 216.01886048047817 246.13548322639176 183.1125960110924 None 29.99991961721438 None 29.99991961721438 None 1.0 1.0 1.0 0.0 0.0 1.0 1.0 1.0 1.0 0.0 1.0 1.0 1.0 1.0
298.12307093074014 92.19682299054789 3.0 3.0 3.0 4.0 None 3.0 3.0 3.0 2.0 None 1.0 None 0.0 None 195.5438394816123 200.44907010592487 199.18032600502715 294.33580429982703 None 189.51107173122477 211.71339969019093 236.36337659054522 162.2770623992802 None 59.99999398570846 None 29.999993985708453 None 1.0 1.0 1.0 1.0 0.0 1.0 1.0 1.0 1.0 0.0 1.0 1.0 1.0 1.0
300.60737039164167 91.43488386259556 2.0 2.0 2.0 4.0 None 2.0 2.0 3.0 2.0 None 0.0 None 0.0 None 197.48494917029916 201.7560960500704 199.90885090165017 294.95519631356973 None 190.28650876860075 207.572305760912 232.18076351598384 158.36484553525648 None 49.99992358808324 None 29.99992358808324 None 1.0 1.0 1.0 1.0 0.0 1.0 1.0 1.0 1.0 0.0 1.0 1.0 1.0 1.0
316.59108863661953 86.818615515575 3.0 3.0 3.0 4.0 None 3.0 4.0 4.0 3.0 None 0.0 None 0.0 None 195.89514197107604 199.67163272321272 197.73269724192633 291.6301838166439 None 189.59951148718807 220.9852028186924 244.96838635004144 171.94842017346642 None 29.999900975755626 None 29.999900975755626 None 1.0 1.0 1.0 1.0 0.0 1.0 1.0 1.0 1.0 0.0 1.0 1.0 1.0 1.0
390.26855955322077 70.42842506059407 2.0 3.0 3.0 4.0 None 2.0 3.0 3.0 2.0 None 0.0 None 0.0 None 198.29208177006885 203.2855885300595 204.14349761643084 297.16947348101326 None 190.2106993465436 211.96290483428962 242.84707929358694 168.1804907090095 None 29.99994819997563 None 29.99994819997563 None 1.0 1.0 1.0 1.0 0.0 1.0 1.0 1.0 1.0 0.0 1.0 1.0 1.0 1.0
280.96016641647407 97.82881449200467 3.0 3.0 3.0 5.0 None 3.0 3.0 3.0 2.0 None 0.0 None 0.0 None 195.688634388934 201.37568461298275 199.32513297544645 293.3119781572468 None 190.64155088614544 206.94635284644784 231.18209403855866 152.53074697728192 None 29.99997633958133 None 29.99997633958133 None 1.0 1.0 1.0 1.0 0.0 1.0 1.0 1.0 1.0 0.0 1.0 1.0 1.0 1.0
289.1060518382096 95.07237854495621 3.0 3.0 3.0 5.0 None 2.0 3.0 3.0 2.0 None 0.0 None 0.0 None 196.47837804902727 200.56578094836172 200.78519811822702 293.72024873735734 None 188.35326153239927 212.54995218451975 238.55751408253843 170.70478798559662 None 39.999930510792296 None 29.9999305107923 None 1.0 1.0 1.0 1.0 0.0 1.0 1.0 1.0 1.0 0.0 1.0 1.0 1.0 1.0
304.6434687512003 90.22349999056628 2.0 2.0 2.0 4.0 None 2.0 3.0 3.0 2.0 None 0.0 None 0.0 None 195.13617325030066 199.72472192212484 200.13961592902126 291.03540276205814 None 187.29609840855613 207.08946179974555 230.91074097457567 161.12780488385118 None 39.99992991168925 None 29.99992991168925 None 1.0 1.0 1.0 1.0 0.0 1.0 1.0 1.0 1.0 0.0 1.0 1.0 1.0 1.0
310.2222823905862 88.60098568095015 3.0 3.0 3.0 4.0 None 3.0 4.0 4.0 3.0 None 0.0 None 0.0 0.0 198.95034805717899 200.03509389854366 202.58795378192616 292.1230832542679 None 188.49639508678587 218.80885654408706 243.12278955796836 179.64606302758273 None 29.9999679201497 None 29.9999679201497 19.9999679201497 1.0 1.0 1.0 1.0 0.0 1.0 1.0 1.0 1.0 0.0 1.0 1.0 1.0 1.0
255.29757866053788 107.66259572147126 3.0 3.0 3.0 None None 3.0 4.0 4.0 3.0 None 0.0 None 0.0 None 199.364247919171 198.65231185233495 203.40635120808005 None None 187.69874489061914 216.6801003266455 238.65406393921782 172.79452782476935 None 29.999929798211973 None 29.999929798211973 None 1.0 1.0 1.0 0.0 0.0 1.0 1.0 1.0 1.0 0.0 1.0 1.0 1.0 1.0
271.2869909446287 101.31705875129876 3.0 3.0 3.0 5.0 None 3.0 3.0 4.0 3.0 None 0.0 None 0.0 None 192.3178388345756 204.983695860368 194.88155513815846 297.7454234032872 None 194.56036051536606 210.49726685863592 235.26616015163887 161.32039293568388 None 29.999997462259792 None 29.999997462259792 None 1.0 1.0 1.0 1.0 0.0 1.0 1.0 1.0 1.0 0.0 1.0 1.0 1.0 1.0
309.02690209330206 88.94371271178639 2.0 3.0 3.0 4.0 None 2.0 3.0 3.0 2.0 None 0.0 None 0.0 0.0 193.70515328673054 203.44138041620906 200.76977076922051 295.23161897807427 None 191.36615784366322 206.38353214624044 234.3131061850303 151.83211796434264 None 29.999982571222215 None 29.999982571222215 19.999982571222215 1.0 1.0 1.0 1.0 0.0 1.0 1.0 1.0 1.0 0.0 1.0 1.0 1.0 1.0
289.9016628214555 94.81146031552107 3.0 3.0 3.0 5.0 None 3.0 3.0 4.0 2.0 None 1.0 None 0.0 0.0 196.90013576028338 200.7726215342691 200.12429051849065 294.7509505298695 None 188.87148147745606 205.3866875447747 233.1252751593692 160.23218372803524 None 39.99997985002494 None 29.99997985002494 29.99997985002494 1.0 1.0 1.0 1.0 0.0 1.0 1.0 1.0 1.0 0.0 1.0 1.0 1.0 1.0
293.1226882689818 93.7696094502848 3.0 3.0 3.0 5.0 None 3.0 3.0 3.0 2.0 None 0.0 None 0.0 0.0 199.53716649364858 199.8335753685314 205.5953615541484 294.22309017391257 None 188.8570367190146 215.23132419882026 240.24908434603864 162.69041396659892 None 29.999930759438524 None 29.999930759438524 19.999930759438524 1.0 1.0 1.0 1.0 0.0 1.0 1.0 1.0 1.0 0.0 1.0 1.0 1.0 1.0
331.0193366760687 83.03442413969142 2.0 3.0 3.0 4.0 None 2.0 3.0 3.0 2.0 None 0.0 None 0.0 0.0 195.68799036647576 201.89741533073533 200.74169651812906 295.59748845376424 None 189.07444140563902 204.23079466943432 228.40926276422587 149.47183233158526 None 29.999902883661584 None 29.999902883661584 19.999902883661584 1.0 1.0 1.0 1.0 0.0 1.0 1.0 1.0 1.0 0.0 1.0 1.0 1.0 1.0
389.6197798131907 70.54569974136989 2.0 2.0 2.0 4.0 None 2.0 2.0 3.0 2.0 None 0.0 None 0.0 0.0 192.68540161807195 200.0571768608912 193.96717375856085 296.6658450388028 None 187.9835841825282 205.92122306340463 230.29280223867002 151.92670883557437 None 39.999940011447876 None 29.999940011447876 19.999940011447876 1.0 1.0 1.0 1.0 0.0 1.0 1.0 1.0 1.0 0.0 1.0 1.0 1.0 1.0
327.0175435999475 84.0505365474356 3.0 3.0 3.0 4.0 None 3.0 3.0 3.0 2.0 None 0.0 None 0.0 0.0 193.49840178273584 202.05248376424436 197.54947686119866 293.93489116088233 None 191.7418192515663 205.4512050760324 229.88814925807125 151.14233383959814 None 29.999962642245716 None 29.999962642245716 19.999962642245716 1.0 1.0 1.0 1.0 0.0 1.0 1.0 1.0 1.0 0.0 1.0 1.0 1.0 1.0
241.98919605829363 113.58358326616698 4.0 4.0 4.0 None None 3.0 4.0 4.0 3.0 None 0.0 None 0.0 None 191.49615289494182 197.75920243057627 194.7483351462871 None None 185.92929534990236 204.9946053027929 229.12654524390334 151.20158402582325 None 29.999951315563823 None 29.999951315563823 None 1.0 1.0 1.0 0.0 0.0 1.0 1.0 1.0 1.0 0.0 1.0 1.0 1.0 1.0
286.90521934839734 95.80167297905777 3.0 3.0 3.0 5.0 None 2.0 3.0 3.0 2.0 None 0.0 None 0.0 None 195.13446760412802 198.5546203242772 200.47762326168518 293.3124900465104 None 187.94067226008067 212.50708805453493 237.15339275357493 150.89519520425156 None 29.999915460393158 None 29.999915460393158 None 1.0 1.0 1.0 1.0 0.0 1.0 1.0 1.0 1.0 0.0 1.0 1.0 1.0 1.0
233.5401092199755 117.6928455322013 4.0 4.0 4.0 None None 4.0 4.0 5.0 3.0 None 0.0 None 0.0 None 197.58953642491653 198.693737326543 200.39995090680756 None None 187.17653999063342 211.4365113379093 235.64347183935124 162.23590988996907 None 29.999966896435666 None 29.999966896435666 None 1.0 1.0 1.0 0.0 0.0 1.0 1.0 1.0 1.0 0.0 1.0 1.0 1.0 1.0
285.9301988013476 96.12835620450196 3.0 3.0 3.0 5.0 None 3.0 3.0 4.0 2.0 None 0.0 None 0.0 None 196.4500223504713 199.60669901278675 199.88320920727728 291.6681505430346 None 188.23601378040075 210.70622708956046 231.1335579627559 152.3542545621994 None 29.99998328622752 None 29.99998328622752 None 1.0 1.0 1.0 1.0 0.0 1.0 1.0 1.0 1.0 0.0 1.0 1.0 1.0 1.0
324.99076803427874 84.57471012561466 3.0 3.0 3.0 4.0 None 3.0 3.0 3.0 2.0 None 0.0 None 0.0 None 194.4669910324861 199.04890721432255 198.10217103773454 291.16247525228624 None 187.47529036512879 208.49078927540452 234.55890036002728 160.29818609920258 None 29.99997245392529 None 29.99997245392529 None 1.0 1.0 1.0 1.0 0.0 1.0 1.0 1.0 1.0 0.0 1.0 1.0 1.0 1.0
297.03758398300766 92.53374482594892 3.0 3.0 3.0 4.0 None 3.0 3.0 4.0 3.0 None 0.0 None 0.0 None 201.13848963169028 198.09644919524732 204.53541939712392 290.5333748964066 None 186.07068138986762 213.52553275870872 243.8402177934219 171.03957862891934 None 29.999946819478694 None 29.999946819478694 None 1.0 1.0 1.0 1.0 0.0 1.0 1.0 1.0 1.0 0.0 1.0 1.0 1.0 1.0
283.0028696483088 97.12269007786811 3.0 4.0 4.0 5.0 None 3.0 4.0 4.0 3.0 None 0.0 None 0.0 None 195.3535739669371 198.389109924198 196.50695634629542 293.2928104767809 None 186.20751471515706 207.30618276332842 236.20385970260168 150.72779891539602 None 29.999923376250827 None 29.999923376250827 None 1.0 1.0 1.0 1.0 0.0 1.0 1.0 1.0 1.0 0.0 1.0 1.0 1.0 1.0
292.5271323232501 93.96051498439213 3.0 3.0 3.0 4.0 None 3.0 3.0 3.0 2.0 None 0.0 None 0.0 0.0 198.3071820399933 198.71937533670786 201.58183939584413 290.1640110649836 None 186.23870374855736 207.00271025094622 231.33462202481448 150.79461538116348 None 29.99998241360127 None 29.99998241360127 19.99998241360127 1.0 1.0 1.0 1.0 0.0 1.0 1.0 1.0 1.0 0.0 1.0 1.0 1.0 1.0
326.1535431704716 84.27319149384134 3.0 3.0 3.0 4.0 None 3.0 3.0 3.0 2.0 None 0.0 None 0.0 None 195.8367854803871 198.69562630696868 200.1238956337515 288.2183442996004 None 186.72792444564308 207.7894164057921 232.21162749919287 152.9167843239417 None 29.999993104304536 None 29.999993104304536 None 1.0 1.0 1.0 1.0 0.0 1.0 1.0 1.0 1.0 0.0 1.0 1.0 1.0 1.0
304.8643253263565 90.15813828192691 3.0 3.0 3.0 4.0 None 3.0 3.0 3.0 2.0 None 0.0 None 0.0 None 197.1355167941143 199.25305184392525 201.91912956000493 291.4782768855773 None 189.21835017708128 211.72357693802874 239.87682006643163 162.0564855614268 None 29.99990588072913 None 29.99990588072913 None 1.0 1.0 1.0 1.0 0.0 1.0 1.0 1.0 1.0 0.0 1.0 1.0 1.0 1.0
337.7084084917957 81.38974129413111 3.0 3.0 3.0 4.0 None 3.0 3.0 3.0 2.0 None 0.0 None 0.0 0.0 196.89594971437137 198.9831925774526 199.31957335887458 291.2832677108197 None 187.49730661414856 198.9539872588511 226.0661762721248 140.76213472353783 None 29.999921966566866 None 29.999921966566866 19.999921966566866 1.0 1.0 1.0 1.0 0.0 1.0 1.0 1.0 1.0 0.0 1.0 1.0 1.0 1.0
240.84803104206827 114.1217550381348 4.0 4.0 4.0 None None 4.0 4.0 4.0 3.0 None 1.0 None 0.0 None 191.51411275804494 203.74125654163612 191.7157097083452 None None 193.37329893941444 212.85612384799566 237.6475698064583 161.81799639050664 None 49.99999781424172 None 29.999997814241727 None 1.0 1.0 1.0 0.0 0.0 1.0 1.0 1.0 1.0 0.0 1.0 1.0 1.0 1.0
360.8951902170024 76.16061600453297 3.0 3.0 3.0 4.0 None 3.0 3.0 3.0 2.0 None 0.0 None 0.0 None 193.09869512135614 200.24417903624544 193.29804409252765 292.7502760103102 None 188.05655826392982 202.63489498732278 228.7925569325283 152.28549126575672 None 29.99991468609632 None 29.99991468609632 None 1.0 1.0 1.0 1.0 0.0 1.0 1.0 1.0 1.0 0.0 1.0 1.0 1.0 1.0
330.64272702334256 83.12900225402375 2.0 2.0 2.0 4.0 None 2.0 3.0 3.0 2.0 None 0.0 None 0.0 None 202.50494517702404 200.09453380060177 205.93889698903908 291.4797838180867 None 188.44388584059138 209.22855389008183 236.43444852265864 159.84599729271528 None 29.999976765756706 None 29.999976765756706 None 1.0 1.0 1.0 1.0 0.0 1.0 1.0 1.0 1.0 0.0 1.0 1.0 1.0 1.0
244.11457701747992 112.59466901082214 4.0 4.0 4.0 None None 3.0 4.0 4.0 3.0 None 0.0 None 0.0 None 200.12188130132338 199.67263344682917 201.94185060508656 None None 188.52988337937904 212.43123770288867 237.23472935604633 170.49124910859246 None 29.999938278883416 None 29.999938278883416 None 1.0 1.0 1.0 0.0 0.0 1.0 1.0 1.0 1.0 0.0 1.0 1.0 1.0 1.0
286.66097098271734 95.88330042200658 3.0 3.0 3.0 5.0 None 3.0 3.0 4.0 2.0 None 0.0 None 0.0 None 199.25320208434945 199.33348531639336 202.26371414024683 291.19219033437327 None 187.10034606521515 208.79593582678498 233.6547494498532 160.23833348405773 None 29.999990354924673 None 29.999990354924673 None 1.0 1.0 1.0 1.0 0.0 1.0 1.0 1.0 1.0 0.0 1.0 1.0 1.0 1.0
261.0584790160623 105.2867545371275 3.0 3.0 3.0 5.0 None 3.0 4.0 4.0 3.0 5.0 0.0 None 0.0 0.0 198.14787627000703 197.29490901690377 201.78409389930994 289.38522333447435 None 185.1101279349745 212.10485255179623 236.63710525650527 172.66823729633222 278.87346642978326 29.999992665356118 None 29.999992665356118 19.999992665356118 1.0 1.0 1.0 1.0 0.0 1.0 1.0 1.0 1.0 1.0 1.0 1.0 1.0 1.0
359.86444011592545 76.3787608221189 3.0 3.0 3.0 4.0 None 3.0 3.0 3.0 2.0 None 0.0 None 0.0 None 195.07548028889732 201.71425996269502 200.4350601585865 294.3465769287069 None 190.0757049973287 205.85655195104164 230.17190293653164 150.98297295875253 None 29.99996645310477 None 29.99996645310477 None 1.0 1.0 1.0 1.0 0.0 1.0 1.0 1.0 1.0 0.0 1.0 1.0 1.0 1.0
302.8399136284444 90.7608236664692 3.0 3.0 3.0 4.0 None 3.0 3.0 4.0 3.0 None 0.0 None 0.0 None 202.08195689047952 197.74974615760576 205.2222403589818 288.6079127392227 None 186.68803211361316 214.74766821010488 236.72256963770218 171.63942611994176 None 29.99999397897534 None 29.99999397897534 None 1.0 1.0 1.0 1.0 0.0 1.0 1.0 1.0 1.0 0.0 1.0 1.0 1.0 1.0
269.6611177669508 101.92793172263798 3.0 3.0 3.0 5.0 None 3.0 3.0 4.0 3.0 None 0.0 None 0.0 0.0 204.57887135758108 202.53369492545826 208.6205739206368 297.5370262564487 None 191.14170608589134 217.88433504259578 243.02358678468525 178.98839351117178 None 29.999937158023588 None 29.999937158023588 19.999937158023588 1.0 1.0 1.0 1.0 0.0 1.0 1.0 1.0 1.0 0.0 1.0 1.0 1.0 1.0
333.49662425324203 82.4176258501747 2.0 2.0 2.0 4.0 None 2.0 3.0 3.0 2.0 None 0.0 None 0.0 None 203.24679569621915 198.72836928589916 206.5186693635119 291.18799233157966 None 187.2715927283545 213.05033309431315 237.3203175167443 171.4644722254518 None 29.999911277712904 None 29.999911277712904 None 1.0 1.0 1.0 1.0 0.0 1.0 1.0 1.0 1.0 0.0 1.0 1.0 1.0 1.0
333.3597523042007 82.45146515143257 3.0 3.0 3.0 4.0 None 3.0 3.0 3.0 2.0 None 0.0 None 0.0 0.0 195.10717397748405 199.95532102616679 201.1672803900991 289.18492619275634 None 187.57862490963112 210.9000184021581 235.10977408257156 161.04711424264673 None 49.99997749887917 None 29.99997749887917 19.99997749887917 1.0 1.0 1.0 1.0 0.0 1.0 1.0 1.0 1.0 0.0 1.0 1.0 1.0 1.0
321.88156844180935 85.39165548700561 3.0 3.0 3.0 4.0 None 3.0 3.0 3.0 2.0 None 0.0 None 0.0 None 199.69628557732398 199.64696616802064 206.55335102590692 293.44803548739577 None 187.7244805047401 210.97765819913923 236.26987436831195 169.13292502166343 None 29.99996016175875 None 29.99996016175875 None 1.0 1.0 1.0 1.0 0.0 1.0 1.0 1.0 1.0 0.0 1.0 1.0 1.0 1.0
261.6756987017978 105.03841257083137 3.0 3.0 3.0 5.0 None 3.0 4.0 4.0 2.0 None 0.0 None 0.0 None 187.63964947239356 198.58248635913742 188.85258791724561 291.37335305714345 None 186.71998207870263 211.5795968349746 235.80817655116675 151.59800587055207 None 29.99994252274537 None 29.99994252274537 None 1.0 1.0 1.0 1.0 0.0 1.0 1.0 1.0 1.0 0.0 1.0 1.0 1.0 1.0
306.56329035737906 89.65848444527698 3.0 3.0 3.0 4.0 None 3.0 3.0 4.0 2.0 None 0.0 None 0.0 None 200.35601831080874 202.54927842308558 203.5811825302287 295.3695728954806 None 190.78615346836935 214.88507909474498 246.3566012475918 170.9107499179521 None 39.999969142175466 None 29.999969142175466 None 1.0 1.0 1.0 1.0 0.0 1.0 1.0 1.0 1.0 0.0 1.0 1.0 1.0 1.0
332.60404530510766 82.63880246792029 3.0 3.0 3.0 4.0 None 3.0 3.0 3.0 3.0 None 0.0 None 0.0 None 193.90761603933072 199.67563660048603 196.1293762624345 293.61343001809786 None 187.4717210697247 212.86359162503925 237.48596903353956 170.5594590785215 None 29.999960926994007 None 29.999960926994007 None 1.0 1.0 1.0 1.0 0.0 1.0 1.0 1.0 1.0 0.0 1.0 1.0 1.0 1.0
341.6783421927592 80.44408031134049 2.0 2.0 2.0 4.0 None 2.0 3.0 3.0 2.0 None 0.0 None 0.0 0.0 198.14424813499548 200.70469432189927 203.79273404986867 294.0191079531219 None 189.41237227185601 218.24490098205968 242.6117708412998 178.46637632373998 None 29.99995893020821 None 29.99995893020821 19.99995893020821 1.0 1.0 1.0 1.0 0.0 1.0 1.0 1.0 1.0 0.0 1.0 1.0 1.0 1.0
280.6938051003705 97.92164807545913 3.0 3.0 3.0 5.0 None 3.0 3.0 4.0 2.0 None 1.0 None 0.0 None 195.71923216341622 198.48497098835725 198.52251152405876 292.78461322720415 None 187.99417065119414 209.83940129708515 235.15672878895964 163.47302462077334 None 39.99994789919721 None 29.999947899197206 None 1.0 1.0 1.0 1.0 0.0 1.0 1.0 1.0 1.0 0.0 1.0 1.0 1.0 1.0
333.9087962996843 82.31589075997633 3.0 3.0 3.0 4.0 None 3.0 3.0 3.0 2.0 None 0.0 None 0.0 None 196.31522035642627 203.13635389206544 197.56587170481544 295.3792560474208 None 192.04378022135003 214.27472796078527 240.4525465581032 161.51442778107068 None 29.999900287839047 None 29.999900287839047 None 1.0 1.0 1.0 1.0 0.0 1.0 1.0 1.0 1.0 0.0 1.0 1.0 1.0 1.0
383.0994009879431 71.74639252663576 2.0 3.0 2.0 4.0 None 2.0 3.0 3.0 2.0 None 0.0 None 0.0 None 195.68914397675897 201.69489284684207 200.0862798280864 292.5021268764988 None 190.8064066825368 205.50775952331966 230.15464894425057 150.52077358322526 None 29.999936795926676 None 29.999936795926676 None 1.0 1.0 1.0 1.0 0.0 1.0 1.0 1.0 1.0 0.0 1.0 1.0 1.0 1.0
303.89282848165925 90.44635945286498 3.0 3.0 3.0 4.0 None 3.0 3.0 4.0 2.0 None 0.0 None 0.0 0.0 190.1091536699481 203.0041656788683 194.9592827061917 297.60414277965674 None 190.89315733412394 205.50939797539138 229.9110001005104 140.59911261194975 None 29.999921230361867 None 29.999921230361867 19.999921230361867 1.0 1.0 1.0 1.0 0.0 1.0 1.0 1.0 1.0 0.0 1.0 1.0 1.0 1.0
268.29530201263856 102.44681809115397 3.0 3.0 3.0 5.0 None 3.0 3.0 4.0 2.0 None 1.0 None 0.0 None 197.7188047663392 203.16039322687607 201.3968006974468 297.05359380187383 None 191.94710465022348 211.20092401880942 239.79259522990645 171.40446000020768 None 39.99995071634662 None 29.999950716346618 None 1.0 1.0 1.0 1.0 0.0 1.0 1.0 1.0 1.0 0.0 1.0 1.0 1.0 1.0
291.633399003466 94.24846431829069 3.0 3.0 3.0 4.0 None 3.0 3.0 3.0 2.0 None 0.0 None 0.0 0.0 194.90504982267822 198.94906320087824 199.75075612163414 291.2034325589437 None 187.36619872693245 209.3899110066033 233.9815190939446 159.7721314548761 None 39.99998328998957 None 29.999983289989572 19.999983289989572 1.0 1.0 1.0 1.0 0.0 1.0 1.0 1.0 1.0 0.0 1.0 1.0 1.0 1.0
266.2179920629682 103.24621482945739 4.0 4.0 4.0 5.0 None 3.0 4.0 4.0 3.0 None 0.0 None 0.0 None 197.95417838194146 203.63290180483096 200.70118529616818 296.0188267433798 None 191.76825767055726 210.50572003407075 235.18865100211272 171.05513010052397 None 29.99998192766693 None 29.99998192766693 None 1.0 1.0 1.0 1.0 0.0 1.0 1.0 1.0 1.0 0.0 1.0 1.0 1.0 1.0
350.388043333585 78.44445757480402 3.0 3.0 3.0 4.0 None 3.0 3.0 3.0 2.0 None 0.0 None 0.0 None 195.28108910866118 198.81765650734116 198.71526755190547 291.9940380432929 None 186.87158925480176 206.95050983407518 232.23398721911252 152.71294106856396 None 29.999983066350246 None 29.999983066350246 None 1.0 1.0 1.0 1.0 0.0 1.0 1.0 1.0 1.0 0.0 1.0 1.0 1.0 1.0
313.99407037493495 87.53668490356979 2.0 3.0 3.0 4.0 None 2.0 3.0 3.0 2.0 None 1.0 None 0.0 None 195.5156911110748 200.04415778274748 199.35501652239796 291.5432349718956 None 188.4837132985424 211.1482260184711 236.34042501663257 169.02532741656222 None 59.99994130691604 None 29.999941306916043 None 1.0 1.0 1.0 1.0 0.0 1.0 1.0 1.0 1.0 0.0 1.0 1.0 1.0 1.0
300.8478094687927 91.36180864514871 3.0 3.0 3.0 4.0 None 3.0 3.0 4.0 2.0 None 0.0 None 0.0 None 200.86675532746935 197.29704939360198 203.35038058568918 289.6822936364576 None 184.57304022154483 206.28815754196677 235.73678974971065 151.31291786307997 None 29.99997707158625 None 29.99997707158625 None 1.0 1.0 1.0 1.0 0.0 1.0 1.0 1.0 1.0 0.0 1.0 1.0 1.0 1.0
227.73424315244384 120.69331172827201 4.0 4.0 4.0 None None 3.0 4.0 5.0 3.0 None 0.0 None 0.0 0.0 195.34089767996696 200.00118087121297 200.00940646708926 None None 188.20093556966725 210.30174123397825 235.14730141601737 161.67504605512283 None 29.99996123921105 None 29.99996123921105 19.99996123921105 1.0 1.0 1.0 0.0 0.0 1.0 1.0 1.0 1.0 0.0 1.0 1.0 1.0 1.0
289.8945161533917 94.81379766927482 3.0 3.0 3.0 5.0 None 3.0 3.0 4.0 2.0 None 0.0 None 0.0 0.0 198.1222452600572 199.28457763133613 203.24446833266697 291.84309467161415 None 188.33017139200916 208.66684468305476 236.4733518448971 154.1895814041729 None 29.999939493098996 None 29.999939493098996 19.999939493098996 1.0 1.0 1.0 1.0 0.0 1.0 1.0 1.0 1.0 0.0 1.0 1.0 1.0 1.0
262.60082935762136 104.66836706965748 3.0 3.0 3.0 5.0 None 3.0 4.0 4.0 2.0 None 0.0 None 0.0 None 194.10756268173648 194.53189066524322 197.72773946189702 288.52403079160246 None 182.4573265327922 206.71708440542437 231.25939234348363 139.9295980062315 None 29.99993449012346 None 29.99993449012346 None 1.0 1.0 1.0 1.0 0.0 1.0 1.0 1.0 1.0 0.0 1.0 1.0 1.0 1.0
285.57425027015586 96.24817354505174 3.0 3.0 3.0 5.0 None 2.0 3.0 4.0 2.0 None 0.0 None 0.0 None 198.31844010839174 196.53126320638665 205.17819666881536 291.88927222546346 None 184.96555787618928 211.9621645251257 236.70447878632152 161.77860641634066 None 29.999941655815253 None 29.999941655815253 None 1.0 1.0 1.0 1.0 0.0 1.0 1.0 1.0 1.0 0.0 1.0 1.0 1.0 1.0
289.28279582918327 95.01429188422955 3.0 3.0 3.0 5.0 None 3.0 3.0 4.0 3.0 None 1.0 None 0.0 None 197.66584636005777 200.69732268204731 202.23720181846326 294.2198091323879 None 189.8658695355445 208.76909325746647 233.54465162235581 159.6205379763508 None 49.999972760822885 None 29.99997276082288 None 1.0 1.0 1.0 1.0 0.0 1.0 1.0 1.0 1.0 0.0 1.0 1.0 1.0 1.0
259.6715660030232 105.84909400392338 4.0 4.0 4.0 None None 4.0 4.0 4.0 3.0 None 0.0 None 0.0 None 196.91667294298958 199.61348765999577 198.97638742191634 None None 187.80770827440452 220.84604274610905 245.0066413472089 170.67161636999492 None 29.9999009045135 None 29.9999009045135 None 1.0 1.0 1.0 0.0 0.0 1.0 1.0 1.0 1.0 0.0 1.0 1.0 1.0 1.0
328.3476480764992 83.71005597578164 3.0 3.0 3.0 4.0 None 3.0 3.0 3.0 2.0 None 0.0 None 0.0 0.0 193.2141281457889 202.06571202394963 193.91627817458766 295.08748210486203 None 190.39397509829485 216.97475259026362 238.94976063675682 171.84634714682454 None 49.999977394152594 None 29.999977394152594 19.999977394152594 1.0 1.0 1.0 1.0 0.0 1.0 1.0 1.0 1.0 0.0 1.0 1.0 1.0 1.0
301.0229324273737 91.3086580426274 3.0 3.0 3.0 4.0 None 2.0 3.0 3.0 2.0 None 0.0 None 0.0 None 194.68932940544423 201.98815462367492 196.4910779342529 294.1354024478019 None 190.73937435261135 212.06982204816467 236.26877204199062 153.87102977457457 None 29.99990244317197 None 29.99990244317197 None 1.0 1.0 1.0 1.0 0.0 1.0 1.0 1.0 1.0 0.0 1.0 1.0 1.0 1.0
311.32438223382957 88.28733491023459 4.0 4.0 4.0 4.0 None 3.0 4.0 4.0 3.0 None 0.0 None 0.0 None 195.13917849836895 196.36145588891895 199.80532591515103 289.92141621993176 None 184.33044334533918 205.22713819919466 233.74538381169637 159.78741824778209 None 29.999940464287786 None 29.999940464287786 None 1.0 1.0 1.0 1.0 0.0 1.0 1.0 1.0 1.0 0.0 1.0 1.0 1.0 1.0
250.18361627351146 109.86330923425108 3.0 3.0 3.0 None None 3.0 4.0 4.0 3.0 None 0.0 None 0.0 None 198.1100184307649 201.55298246823006 200.64316050370968 None None 191.65921800114282 206.06457553412673 230.05605365182845 160.725551924544 None 29.99999927885586 None 29.99999927885586 None 1.0 1.0 1.0 0.0 0.0 1.0 1.0 1.0 1.0 0.0 1.0 1.0 1.0 1.0
297.5084240763975 92.38729990698295 3.0 3.0 3.0 4.0 None 3.0 3.0 3.0 2.0 None 1.0 None 0.0 None 192.62418608182284 201.14211089356866 192.62418608182284 297.0502462238466 None 190.39621617138187 208.59665001367082 232.91933261751637 149.7351836086918 None 39.999960037272956 None 29.99996003727296 None 1.0 1.0 1.0 1.0 0.0 1.0 1.0 1.0 1.0 0.0 1.0 1.0 1.0 1.0
300.40142301675996 91.4975692324417 3.0 3.0 3.0 4.0 None 2.0 3.0 3.0 2.0 None 0.0 None 0.0 None 195.97963774824382 198.353446370577 201.57749189442768 291.1383183849611 None 187.73990552843412 207.93252729473016 231.6928938734166 153.05823537797744 None 29.999942303871038 None 29.999942303871038 None 1.0 1.0 1.0 1.0 0.0 1.0 1.0 1.0 1.0 0.0 1.0 1.0 1.0 1.0
262.1861074801268 104.83392985298958 4.0 4.0 4.0 None None 4.0 4.0 4.0 2.0 None 0.0 None 0.0 None 189.5261722260182 199.86531026893053 191.94988139762685 None None 188.87168820522453 205.18276942091833 229.56988535982777 140.51404817526483 None 29.999985349855084 None 29.999985349855084 None 1.0 1.0 1.0 0.0 0.0 1.0 1.0 1.0 1.0 0.0 1.0 1.0 1.0 1.0
279.6861107046083 98.27445464043603 3.0 3.0 3.0 5.0 None 3.0 4.0 4.0 3.0 None 0.0 None 0.0 None 195.7297660536812 200.74802452563938 199.77106811324705 293.4391600311309 None 188.84751830380583 209.57548311464808 237.23565354895078 170.1357835873871 None 29.99998665566754 None 29.99998665566754 None 1.0 1.0 1.0 1.0 0.0 1.0 1.0 1.0 1.0 0.0 1.0 1.0 1.0 1.0
277.4039943317376 99.0829280097909 3.0 3.0 3.0 5.0 None 3.0 4.0 4.0 2.0 None 0.0 None 0.0 None 192.7146878856258 199.21745907102382 193.92725313238094 291.60881035673196 None 188.58721256428157 210.58022997229358 240.08485787238664 162.06442584671075 None 29.999953209538315 None 29.999953209538315 None 1.0 1.0 1.0 1.0 0.0 1.0 1.0 1.0 1.0 0.0 1.0 1.0 1.0 1.0
275.73101321526144 99.68410763624132 3.0 3.0 3.0 5.0 None 3.0 3.0 4.0 3.0 None 0.0 None 0.0 0.0 201.3100498081464 202.4441123228946 204.53459435532426 294.4790474222344 None 190.83932545266777 211.83855935372665 236.03725402160975 160.94002031008839 None 29.99994394754092 None 29.99994394754092 19.99994394754092 1.0 1.0 1.0 1.0 0.0 1.0 1.0 1.0 1.0 0.0 1.0 1.0 1.0 1.0
331.2760907561042 82.97006867373368 3.0 3.0 3.0 4.0 None 3.0 3.0 3.0 2.0 None 0.0 None 0.0 None 191.11208284660736 202.73463037335227 193.5034117392889 294.4829556614938 None 191.24365581327956 206.33911722419407 230.5602627904982 149.76495841775437 None 29.999947162433738 None 29.999947162433738 None 1.0 1.0 1.0 1.0 0.0 1.0 1.0 1.0 1.0 0.0 1.0 1.0 1.0 1.0
284.46136752692655 96.62472004181106 3.0 3.0 3.0 5.0 None 3.0 3.0 4.0 2.0 5.0 0.0 None 0.0 None 193.44960037028474 198.5906149757296 194.27603993555547 291.17150016998244 None 187.22846623339126 208.55619177862724 229.18893939837218 153.390972948582 312.36480679757676 29.999925798563613 None 29.999925798563613 None 1.0 1.0 1.0 1.0 0.0 1.0 1.0 1.0 1.0 1.0 1.0 1.0 1.0 1.0
255.23766527977588 107.68786797149053 4.0 4.0 4.0 None None 3.0 4.0 4.0 3.0 None 0.0 None 0.0 0.0 195.92288729902376 200.29241534711068 199.10883795258354 None None 189.24158437568158 211.16177305389812 233.13556474061332 169.4789771147905 None 29.99990893088009 None 29.99990893088009 19.99990893088009 1.0 1.0 1.0 0.0 0.0 1.0 1.0 1.0 1.0 0.0 1.0 1.0 1.0 1.0
268.35682908482386 102.4233297648336 3.0 3.0 3.0 5.0 None 3.0 3.0 4.0 2.0 None 0.0 None 0.0 None 196.10978433326565 197.59450473055003 201.96891439581776 294.2551941082818 None 186.52036583114602 208.08673252520416 237.98236269513743 144.58087410168167 None 29.9999504281183 None 29.9999504281183 None 1.0 1.0 1.0 1.0 0.0 1.0 1.0 1.0 1.0 0.0 1.0 1.0 1.0 1.0
244.9756323721803 112.19891437300903 4.0 4.0 4.0 None None 4.0 4.0 4.0 3.0 None 0.0 None 0.0 None 196.14883951195716 197.11080499856232 197.15837417155356 None None 185.4822170869207 213.2243052370822 238.82582539579408 171.1605926889346 None 29.999911230377457 None 29.999911230377457 None 1.0 1.0 1.0 0.0 0.0 1.0 1.0 1.0 1.0 0.0 1.0 1.0 1.0 1.0
288.75680290057176 95.1873677915194 3.0 3.0 3.0 5.0 None 3.0 3.0 4.0 2.0 None 0.0 None 0.0 0.0 196.35788989522865 202.60164991442252 201.5933106351166 297.6337925053386 None 192.50934087552065 213.0628332600209 237.69864641707733 170.03269136979895 None 29.9999766466086 None 29.9999766466086 19.9999766466086 1.0 1.0 1.0 1.0 0.0 1.0 1.0 1.0 1.0 0.0 1.0 1.0 1.0 1.0
216.55529138472966 126.9237053698618 4.0 4.0 4.0 None None 4.0 4.0 5.0 4.0 None 0.0 None 0.0 0.0 195.9627569303647 204.38354365114577 197.770631907123 None None 193.35821380782153 212.42446040946353 237.73516274170544 159.85366200476454 None 29.999951584694372 None 29.999951584694372 19.999951584694372 1.0 1.0 1.0 0.0 0.0 1.0 1.0 1.0 1.0 0.0 1.0 1.0 1.0 1.0
307.1570657315794 89.48516269529564 3.0 3.0 3.0 4.0 None 2.0 3.0 3.0 2.0 None 0.0 None 0.0 None 203.03772450135978 201.23281428597613 203.1660737808458 291.5429731567184 None 189.39595132304422 208.5886016991898 232.37901282996683 154.14245591842842 None 29.999904109107213 None 29.999904109107213 None 1.0 1.0 1.0 1.0 0.0 1.0 1.0 1.0 1.0 0.0 1.0 1.0 1.0 1.0
261.32131191505044 105.18085876185661 4.0 4.0 4.0 None None 3.0 4.0 4.0 3.0 None 0.0 None 0.0 None 198.45529882812963 200.33447324164067 199.71595703928526 None None 189.2359022433575 210.60007128328212 235.455635068312 168.66762103843922 None 29.999922829689364 None 29.999922829689364 None 1.0 1.0 1.0 0.0 0.0 1.0 1.0 1.0 1.0 0.0 1.0 1.0 1.0 1.0
406.6282183063717 67.59491536145883 2.0 2.0 2.0 3.0 None 2.0 2.0 2.0 2.0 5.0 1.0 None 0.0 None 190.72102225130774 203.93045831758167 196.11515149215137 296.141352800338 None 192.0630472058035 206.40528010738717 234.46029764222618 141.15640565741472 420.55779650816686 49.99990557068435 None 29.99990557068435 None 1.0 1.0 1.0 1.0 0.0 1.0 1.0 1.0 1.0 1.0 1.0 1.0 1.0 1.0
264.0766588495421 104.0834132018467 3.0 3.0 3.0 5.0 None 3.0 4.0 4.0 2.0 None 0.0 None 0.0 None 191.32499989215617 197.20565818037858 193.74881131797085 293.6890899392614 None 186.1187574325181 201.6894607465989 227.6653140228181 142.84949296234785 None 29.99993861059055 None 29.99993861059055 None 1.0 1.0 1.0 1.0 0.0 1.0 1.0 1.0 1.0 0.0 1.0 1.0 1.0 1.0
350.75457748155503 78.36248409743247 2.0 2.0 2.0 4.0 None 2.0 3.0 3.0 2.0 None 0.0 None 0.0 None 201.36415000042132 200.60598181648672 205.60818190332589 293.8389136405936 None 189.86563424331328 217.636184990694 242.26317012544746 174.64226665405042 None 29.99993144300084 None 29.99993144300084 None 1.0 1.0 1.0 1.0 0.0 1.0 1.0 1.0 1.0 0.0 1.0 1.0 1.0 1.0
310.1041402537597 88.63474050203934 3.0 3.0 3.0 4.0 None 3.0 4.0 4.0 2.0 None 0.0 None 0.0 0.0 193.64900033279363 201.54208024248416 196.07435267266058 294.32331681819056 None 190.27036366465975 212.75697921790928 243.77207430427657 152.80741138691778 None 29.99997943118112 None 29.99997943118112 19.99997943118112 1.0 1.0 1.0 1.0 0.0 1.0 1.0 1.0 1.0 0.0 1.0 1.0 1.0 1.0
267.05576876620785 102.92232265561891 3.0 3.0 3.0 5.0 None 3.0 4.0 4.0 2.0 None 0.0 None 0.0 None 191.15142917829291 198.84904222039125 197.21153866604803 292.07991181758615 None 188.47549380889325 205.12124439454766 230.2408269970877 150.3458992543567 None 29.999948980648977 None 29.999948980648977 None 1.0 1.0 1.0 1.0 0.0 1.0 1.0 1.0 1.0 0.0 1.0 1.0 1.0 1.0
296.0316642645743 92.84817577971916 2.0 2.0 2.0 4.0 None 2.0 3.0 3.0 2.0 None 0.0 None 0.0 None 195.45600016340956 198.79075900771025 199.930818416914 291.2158283353962 None 186.33804601521356 207.40999718904595 231.75712047314678 142.35848891607938 None 29.99997749505716 None 29.99997749505716 None 1.0 1.0 1.0 1.0 0.0 1.0 1.0 1.0 1.0 0.0 1.0 1.0 1.0 1.0
280.3810380209739 98.03088038337282 3.0 3.0 3.0 5.0 None 3.0 4.0 4.0 3.0 None 0.0 None 0.0 None 201.31528117864917 200.4329518251707 204.75018658113294 296.1826834347798 None 188.77420859014458 220.7205972535849 244.789117837296 181.52481033837776 None 29.999970287239154 None 29.999970287239154 None 1.0 1.0 1.0 1.0 0.0 1.0 1.0 1.0 1.0 0.0 1.0 1.0 1.0 1.0
260.02122440379344 105.70675552744997 4.0 4.0 4.0 None None 3.0 4.0 4.0 3.0 None 0.0 None 0.0 None 194.06763036131002 201.59811315568103 195.0901608710277 None None 190.2510329275931 210.3840400960776 235.15256111369214 152.13988909422307 None 29.99998499713617 None 29.99998499713617 None 1.0 1.0 1.0 0.0 0.0 1.0 1.0 1.0 1.0 0.0 1.0 1.0 1.0 1.0
279.71941648190784 98.26275324644038 3.0 3.0 3.0 5.0 None 3.0 3.0 4.0 2.0 None 0.0 None 0.0 0.0 194.10118896444112 202.98593871667697 200.16267244958044 299.38796926902023 None 192.67553963215323 208.9846855380472 233.86561447586405 159.58623814738917 None 29.999919923028884 None 29.999919923028884 19.999919923028884 1.0 1.0 1.0 1.0 0.0 1.0 1.0 1.0 1.0 0.0 1.0 1.0 1.0 1.0
287.84044887986533 95.49040139063884 3.0 3.0 3.0 5.0 None 3.0 3.0 4.0 2.0 None 0.0 None 0.0 None 201.06173485066216 198.3316987388659 204.54510498381757 290.0821837676019 None 186.36128627276736 211.0718679588668 237.4751969587927 160.93448499783693 None 29.999977993253154 None 29.999977993253154 None 1.0 1.0 1.0 1.0 0.0 1.0 1.0 1.0 1.0 0.0 1.0 1.0 1.0 1.0
292.9227553537871 93.8336114133669 3.0 3.0 3.0 5.0 None 3.0 3.0 4.0 3.0 None 0.0 None 0.0 None 201.52030479771088 199.1280512575782 206.61073420537792 293.43155193983114 None 187.173812253781 213.92546740315618 238.8765858932893 171.42841251473826 None 29.99992090226442 None 29.99992090226442 None 1.0 1.0 1.0 1.0 0.0 1.0 1.0 1.0 1.0 0.0 1.0 1.0 1.0 1.0
298.9329546982561 91.94703885272355 3.0 3.0 3.0 4.0 None 3.0 3.0 3.0 2.0 4.0 0.0 None 0.0 None 189.57687942089171 203.61903085832847 189.68686797336636 297.77226585274536 None 192.64607656981934 204.33091029183402 229.93090006214794 140.82465854993671 293.3254857180935 29.99997786832033 None 29.99997786832033 None 1.0 1.0 1.0 1.0 0.0 1.0 1.0 1.0 1.0 1.0 1.0 1.0 1.0 1.0
371.76624245581746 73.93355517820198 3.0 3.0 3.0 4.0 None 3.0 3.0 3.0 2.0 None 1.0 None 0.0 None 196.0086158476577 199.84266284617863 198.27760471642804 293.60107560298417 None 189.77628426850467 209.85561260850787 234.0569014037866 170.42130818010637 None 39.999900211810626 None 29.999900211810623 None 1.0 1.0 1.0 1.0 0.0 1.0 1.0 1.0 1.0 0.0 1.0 1.0 1.0 1.0
284.3153590174664 96.67434110835865 3.0 3.0 3.0 5.0 None 3.0 3.0 4.0 2.0 None 0.0 None 0.0 None 191.93386314870108 199.76949708411576 193.5385136543663 293.7669765118941 None 188.6195426473448 207.1597279950943 231.24870202594045 153.1544272686214 None 29.99996279576188 None 29.99996279576188 None 1.0 1.0 1.0 1.0 0.0 1.0 1.0 1.0 1.0 0.0 1.0 1.0 1.0 1.0
241.4087554540202 113.85668240701033 4.0 4.0 4.0 None None 4.0 4.0 4.0 3.0 None 0.0 None 0.0 None 195.5439178565896 199.32897693150034 197.1213840073155 None None 188.37965964297007 204.8488245503073 225.48097893110491 150.0597827898569 None 29.999910461153533 None 29.999910461153533 None 1.0 1.0 1.0 0.0 0.0 1.0 1.0 1.0 1.0 0.0 1.0 1.0 1.0 1.0
324.4308367889193 84.72067659179666 2.0 2.0 2.0 4.0 None 2.0 2.0 3.0 2.0 4.0 0.0 None 0.0 None 198.11135684869004 198.77227922144965 202.75660346971696 288.67126960469494 None 186.33196835425937 209.48293986458296 234.31391357992626 151.6957645834527 298.1585118174997 29.999986708250642 None 29.999986708250642 None 1.0 1.0 1.0 1.0 0.0 1.0 1.0 1.0 1.0 1.0 1.0 1.0 1.0 1.0
361.69930205422196 75.9912995239333 2.0 2.0 2.0 4.0 None 2.0 2.0 3.0 2.0 None 0.0 None 0.0 None 194.70651803629346 202.0887047276221 201.36480022305818 294.6427850573585 None 191.39786751257435 212.01115523629647 236.88652005733888 170.82769592725327 None 29.999908572877686 None 29.999908572877686 None 1.0 1.0 1.0 1.0 0.0 1.0 1.0 1.0 1.0 0.0 1.0 1.0 1.0 1.0
327.80126929088345 83.84958380258603 3.0 3.0 3.0 4.0 None 3.0 4.0 4.0 3.0 None 0.0 None 0.0 None 200.33955851263212 202.54133503013296 202.7642144443274 293.64348626003175 None 190.2473429599036 210.7409256183401 235.3623726200841 167.64332732237617 None 39.99999021891637 None 29.999990218916373 None 1.0 1.0 1.0 1.0 0.0 1.0 1.0 1.0 1.0 0.0 1.0 1.0 1.0 1.0
375.4022808354049 73.2174560549653 2.0 2.0 2.0 4.0 None 2.0 2.0 3.0 2.0 4.0 1.0 None 0.0 0.0 199.93183596085672 200.78815799696835 203.54796516336071 292.8343043706452 None 189.3140436928686 210.0791754252849 237.58935408070514 161.392814236085 344.48131553426373 39.99993923560683 None 29.999939235606835 19.999939235606835 1.0 1.0 1.0 1.0 0.0 1.0 1.0 1.0 1.0 1.0 1.0 1.0 1.0 1.0
259.5224036750777 105.90993151563322 3.0 3.0 3.0 None None 3.0 3.0 4.0 2.0 None 0.0 None 0.0 None 192.20315033726428 198.5742392675709 194.70004555892058 None None 186.33425538889674 200.95796551233514 226.4347909742827 142.7613992154394 None 29.99997313771376 None 29.99997313771376 None 1.0 1.0 1.0 0.0 0.0 1.0 1.0 1.0 1.0 0.0 1.0 1.0 1.0 1.0
321.40421580481933 85.51847999620377 3.0 3.0 3.0 4.0 None 2.0 3.0 3.0 2.0 None 0.0 None 0.0 None 193.84301536038217 201.84336525316428 198.1279794990874 294.3848333999806 None 190.1413156321109 203.54970815343702 227.98721511972693 139.64747852920067 None 29.999925593948014 None 29.999925593948014 None 1.0 1.0 1.0 1.0 0.0 1.0 1.0 1.0 1.0 0.0 1.0 1.0 1.0 1.0
271.0654852371084 101.39985168512783 3.0 3.0 3.0 5.0 None 3.0 4.0 4.0 2.0 None 0.0 None 0.0 0.0 195.65811214225153 201.45957233201156 198.7076392395776 295.0211550100387 None 190.8052299081373 212.203656301021 236.40797544631343 152.95592867620536 None 29.9999672161662 None 29.9999672161662 19.9999672161662 1.0 1.0 1.0 1.0 0.0 1.0 1.0 1.0 1.0 0.0 1.0 1.0 1.0 1.0
313.75593149289705 87.60312472569858 3.0 3.0 3.0 4.0 None 3.0 3.0 4.0 2.0 5.0 0.0 None 0.0 None 195.51367284798678 197.3121443241217 198.05559004960764 289.9736000111832 None 186.09225202583812 210.73687564558637 235.38044133640588 159.56188203851374 323.39843336251636 29.99991542582265 None 29.99991542582265 None 1.0 1.0 1.0 1.0 0.0 1.0 1.0 1.0 1.0 1.0 1.0 1.0 1.0 1.0
320.55277342400314 85.74563154268387 3.0 3.0 3.0 4.0 None 3.0 3.0 4.0 2.0 None 0.0 None 0.0 None 194.6673962967912 196.96955964672514 194.6673962967912 289.11649031838954 None 185.60551599589022 208.38457532279529 236.58078132324732 153.23897450561878 None 29.999934820351704 None 29.999934820351704 None 1.0 1.0 1.0 1.0 0.0 1.0 1.0 1.0 1.0 0.0 1.0 1.0 1.0 1.0
283.7429968410448 96.86935115934467 3.0 3.0 3.0 5.0 None 3.0 3.0 3.0 2.0 None 0.0 None 0.0 0.0 194.31231587498849 198.06039583387388 199.99409298001942 288.94230250671126 None 186.37645082312642 205.41570412262988 229.80833220862488 141.53595578702092 None 29.999967493403144 None 29.999967493403144 19.999967493403144 1.0 1.0 1.0 1.0 0.0 1.0 1.0 1.0 1.0 0.0 1.0 1.0 1.0 1.0
284.9534420497265 96.4578627381644 3.0 3.0 3.0 5.0 None 3.0 3.0 4.0 3.0 None 0.0 None 0.0 None 198.14288460117223 203.02344083350374 201.7785777273809 297.95089084653006 None 192.30578019775345 211.07507616726284 235.84766047627974 160.11232255682725 None 39.999913068987084 None 29.99991306898708 None 1.0 1.0 1.0 1.0 0.0 1.0 1.0 1.0 1.0 0.0 1.0 1.0 1.0 1.0
237.68511144499297 115.64039427164975 4.0 4.0 4.0 None None 4.0 4.0 4.0 3.0 None 1.0 None 0.0 None 195.5611462061815 200.11982489036194 199.99324815665182 None None 189.23098151347284 211.63362691239257 236.53428487301744 169.96958394694977 None 39.999976951175924 None 29.999976951175928 None 1.0 1.0 1.0 0.0 0.0 1.0 1.0 1.0 1.0 0.0 1.0 1.0 1.0 1.0
321.56485470813124 85.47575892566898 3.0 3.0 3.0 4.0 None 3.0 3.0 3.0 2.0 None 0.0 None 0.0 None 191.93257863270813 198.30326071243152 192.45770199196642 289.4030570246819 None 186.63847620177364 206.67367113813023 231.10894869305127 151.90576204034832 None 39.99997722574056 None 29.999977225740558 None 1.0 1.0 1.0 1.0 0.0 1.0 1.0 1.0 1.0 0.0 1.0 1.0 1.0 1.0
364.97673418268806 75.30890992695979 2.0 2.0 2.0 4.0 None 2.0 2.0 3.0 2.0 None 0.0 None 0.0 None 197.83897284782725 197.4485204227512 200.26176541902333 290.2797240965119 None 186.1400387317229 210.24839005568626 234.7891098826139 150.06637857421507 None 29.999991252703918 None 29.999991252703918 None 1.0 1.0 1.0 1.0 0.0 1.0 1.0 1.0 1.0 0.0 1.0 1.0 1.0 1.0
355.6309609543427 77.2879839433574 2.0 2.0 2.0 3.0 None 2.0 2.0 2.0 2.0 None 0.0 None 0.0 0.0 197.134492616378 200.4174198963295 202.5425170231089 292.19946699937094 None 187.9400482201984 213.03093969530636 233.45892448365868 153.86380361998314 None 29.999914688307793 None 29.999914688307793 19.999914688307793 1.0 1.0 1.0 1.0 0.0 1.0 1.0 1.0 1.0 0.0 1.0 1.0 1.0 1.0
270.74611976266135 101.51946046020711 3.0 3.0 3.0 5.0 None 3.0 3.0 4.0 3.0 None 0.0 None 0.0 0.0 198.5074982716065 195.57845542933302 200.507226749405 288.2101855166193 None 184.96472338659356 217.1751837684585 241.4828993179873 187.5049225057399 None 29.99998557437216 None 29.99998557437216 19.99998557437216 1.0 1.0 1.0 1.0 0.0 1.0 1.0 1.0 1.0 0.0 1.0 1.0 1.0 1.0
336.3075934888252 81.72875228555701 2.0 2.0 2.0 4.0 None 2.0 3.0 3.0 2.0 None 0.0 None 0.0 None 203.70781604930772 200.449258990825 208.1444950011473 293.8079077655667 None 188.97975254346576 213.18165413282418 237.8098946641727 161.58154485343596 None 29.99996209160946 None 29.99996209160946 None 1.0 1.0 1.0 1.0 0.0 1.0 1.0 1.0 1.0 0.0 1.0 1.0 1.0 1.0
302.9191624415896 90.73707908888065 3.0 3.0 3.0 4.0 None 2.0 3.0 3.0 2.0 None 1.0 None 0.0 None 201.1005017219141 197.39386392444285 203.79451027038232 288.23215783970807 None 185.1599737586255 214.23890633396502 236.21368624227452 170.55856391796658 None 39.999925436674715 None 29.99992543667471 None 1.0 1.0 1.0 1.0 0.0 1.0 1.0 1.0 1.0 0.0 1.0 1.0 1.0 1.0
267.2997548181249 102.82837714797726 3.0 3.0 3.0 5.0 None 3.0 3.0 4.0 2.0 None 0.0 None 0.0 None 195.10081285001925 198.53450832573012 200.95805762871558 291.7006313374807 None 187.01301664618956 210.5424447790302 235.30203759481722 151.27362718024838 None 29.99994116011667 None 29.99994116011667 None 1.0 1.0 1.0 1.0 0.0 1.0 1.0 1.0 1.0 0.0 1.0 1.0 1.0 1.0
289.77514961060325 94.85285414203183 3.0 3.0 3.0 5.0 None 3.0 3.0 4.0 3.0 None 0.0 None 0.0 0.0 192.09003942163974 201.80308646126917 196.3451424616059 297.4941209872242 None 190.30397758718016 207.40805538490505 231.60700185322153 158.49914277892944 None 29.99992857494303 None 29.99992857494303 19.99992857494303 1.0 1.0 1.0 1.0 0.0 1.0 1.0 1.0 1.0 0.0 1.0 1.0 1.0 1.0
385.31174774085173 71.33444583809109 3.0 3.0 3.0 4.0 None 2.0 3.0 3.0 2.0 None 0.0 None 0.0 None 195.15888703781258 198.47697295806546 200.18992813328055 293.7764978267545 None 186.18312215211265 207.11244864814782 235.48712116389945 151.33977677790023 None 29.99996874313692 None 29.99996874313692 None 1.0 1.0 1.0 1.0 0.0 1.0 1.0 1.0 1.0 0.0 1.0 1.0 1.0 1.0
237.5320641161575 115.71490401632197 4.0 4.0 4.0 None None 4.0 4.0 5.0 4.0 None 0.0 None 0.0 0.0 194.90958327342992 200.4824887333797 198.34404854105088 None None 189.87122163977537 214.1091044972764 240.299973182132 170.47194274232817 None 29.999910572611356 None 29.999910572611356 19.999910572611356 1.0 1.0 1.0 0.0 0.0 1.0 1.0 1.0 1.0 0.0 1.0 1.0 1.0 1.0
305.59180671008875 89.94351090726603 3.0 3.0 3.0 4.0 None 2.0 3.0 3.0 2.0 None 1.0 None 0.0 None 196.8328052608947 200.83095231298512 200.87490940857754 292.6619092471222 None 189.6394697072147 210.67996421253866 235.10017034156738 162.4892974128121 None 69.99999059518534 None 29.999990595185338 None 1.0 1.0 1.0 1.0 0.0 1.0 1.0 1.0 1.0 0.0 1.0 1.0 1.0 1.0
306.83505206418977 89.57907453888267 3.0 3.0 3.0 4.0 None 2.0 3.0 4.0 2.0 None 0.0 None 0.0 None 197.979239437387 204.37815350751498 202.22039126599913 296.5278183760563 None 193.23727516298382 218.63216728004454 243.51375197544297 177.639061523275 None 39.99999407694321 None 29.99999407694321 None 1.0 1.0 1.0 1.0 0.0 1.0 1.0 1.0 1.0 0.0 1.0 1.0 1.0 1.0
311.00563577846685 88.37781968548832 3.0 3.0 3.0 4.0 None 2.0 3.0 3.0 2.0 None 0.0 None 0.0 0.0 199.33264056707065 197.12583818620936 202.96769432666304 286.3996707275669 None 186.29353225457564 213.05174852089027 238.14100050945862 170.2788265212059 None 29.999915709977667 None 29.999915709977667 19.999915709977667 1.0 1.0 1.0 1.0 0.0 1.0 1.0 1.0 1.0 0.0 1.0 1.0 1.0 1.0
313.86485183923355 87.57272386166628 2.0 2.0 2.0 4.0 None 2.0 2.0 3.0 2.0 5.0 0.0 None 0.0 None 192.31100173125049 200.38211396629083 195.53638403246356 297.46578592040373 None 189.01535793033037 202.32216414637466 231.54396038640766 144.13035512373273 328.7045958360039 29.99999262292618 None 29.99999262292618 None 1.0 1.0 1.0 1.0 0.0 1.0 1.0 1.0 1.0 1.0 1.0 1.0 1.0 1.0
288.1886660459572 95.3750207359537 3.0 3.0 3.0 5.0 None 3.0 3.0 4.0 2.0 None 0.0 None 0.0 None 196.119732719554 200.2636244429679 198.54288737888493 295.12358211793236 None 188.26840921275274 201.6157102767582 228.30610549967037 143.69184519816284 None 49.99999583591516 None 29.99999583591516 None 1.0 1.0 1.0 1.0 0.0 1.0 1.0 1.0 1.0 0.0 1.0 1.0 1.0 1.0
424.5924319778105 64.73502099876438 2.0 2.0 2.0 3.0 None 2.0 2.0 2.0 2.0 None 0.0 None 0.0 None 195.46716042957988 199.0563968333971 199.49095469739945 290.63419012250256 None 188.28508696850045 204.91231063571885 228.68408825792758 149.82432230698151 None 29.999937449093327 None 29.999937449093327 None 1.0 1.0 1.0 1.0 0.0 1.0 1.0 1.0 1.0 0.0 1.0 1.0 1.0 1.0
242.94055487150297 113.1387882708097 4.0 4.0 4.0 None None 4.0 4.0 5.0 4.0 None 0.0 None 0.0 None 199.32658845455072 202.66115002444133 201.751255085366 None None 191.3380245556966 216.897781453225 244.3192857011428 186.87294292093736 None 29.99998606931423 None 29.99998606931423 None 1.0 1.0 1.0 0.0 0.0 1.0 1.0 1.0 1.0 0.0 1.0 1.0 1.0 1.0
333.5628864513229 82.40125360592553 2.0 2.0 2.0 4.0 None 2.0 2.0 3.0 2.0 4.0 0.0 None 0.0 0.0 196.3137706081131 200.47936784663932 200.54733278442768 296.4419512500471 None 190.08549043046725 200.7553500874689 227.72403542856824 150.6637707237369 279.0804997807666 29.99993286056069 None 29.99993286056069 19.99993286056069 1.0 1.0 1.0 1.0 0.0 1.0 1.0 1.0 1.0 1.0 1.0 1.0 1.0 1.0
307.1567551619254 89.48525317475132 3.0 3.0 3.0 4.0 None 3.0 4.0 4.0 2.0 None 0.0 None 0.0 None 194.95131966930794 200.32874936387407 196.3596524369575 292.7702935051615 None 188.62546469468757 216.16231329155397 240.36147260309411 164.6800570049688 None 29.9999214306731 None 29.9999214306731 None 1.0 1.0 1.0 1.0 0.0 1.0 1.0 1.0 1.0 0.0 1.0 1.0 1.0 1.0
283.9778778631055 96.78922952318811 4.0 4.0 4.0 5.0 None 3.0 4.0 4.0 3.0 None 0.0 None 0.0 0.0 193.98034236522486 197.14702205015678 197.59844674142676 288.5250941217785 None 185.1274014272748 213.6714655577646 238.2978248501124 172.00857845881458 None 29.999940929737175 None 29.999940929737175 19.999940929737175 1.0 1.0 1.0 1.0 0.0 1.0 1.0 1.0 1.0 0.0 1.0 1.0 1.0 1.0
283.96633605994185 96.79316351850255 4.0 4.0 4.0 5.0 None 3.0 4.0 4.0 2.0 None 0.0 None 0.0 None 192.88340841471106 196.3919763144147 196.12672621284378 288.2381926149466 None 183.93949175144192 203.9720046539435 228.12104948994588 149.72789663847004 None 29.999926075812102 None 29.999926075812102 None 1.0 1.0 1.0 1.0 0.0 1.0 1.0 1.0 1.0 0.0 1.0 1.0 1.0 1.0
275.29704750862595 99.841245115928 3.0 3.0 3.0 5.0 None 3.0 3.0 4.0 2.0 None 0.0 None 0.0 None 198.10776182347658 195.5322201857504 201.53792094530692 288.81122740026177 None 183.91912266014955 206.95961516991534 236.60931632096344 161.55314066938504 None 29.999996430596873 None 29.999996430596873 None 1.0 1.0 1.0 1.0 0.0 1.0 1.0 1.0 1.0 0.0 1.0 1.0 1.0 1.0
309.17066229087044 88.90235508225852 3.0 3.0 3.0 4.0 None 3.0 3.0 3.0 2.0 None 0.0 None 0.0 None 195.6832952532297 192.6246985495884 201.4669363470591 281.1756889618761 None 181.27156328928336 210.57093434304704 235.7408445692438 141.43495820022855 None 29.999992626106227 None 29.999992626106227 None 1.0 1.0 1.0 1.0 0.0 1.0 1.0 1.0 1.0 0.0 1.0 1.0 1.0 1.0
290.60178565843495 94.58303890914924 3.0 3.0 3.0 5.0 None 3.0 3.0 4.0 2.0 None 0.0 None 0.0 None 192.31231713260968 199.98221900941942 195.19280908287752 293.6561669579529 None 187.42814493985577 207.147588866927 235.27255941811762 152.05678584533274 None 29.99992223559979 None 29.99992223559979 None 1.0 1.0 1.0 1.0 0.0 1.0 1.0 1.0 1.0 0.0 1.0 1.0 1.0 1.0
307.8106179384065 89.29516526782062 3.0 3.0 3.0 4.0 None 3.0 3.0 3.0 2.0 None 1.0 None 1.0 None 195.89927909348685 200.57082842573325 197.28845549245796 294.2664701080134 None 188.77783668667757 205.93781258047426 233.97291596288238 141.6671039092726 None 29.99994323951814 None 29.99994323951814 None 1.0 1.0 1.0 1.0 0.0 1.0 1.0 1.0 1.0 0.0 1.0 1.0 1.0 1.0
367.6363195249886 74.76410392616758 2.0 2.0 2.0 4.0 None 2.0 2.0 3.0 2.0 None 0.0 None 0.0 None 193.51294026411452 200.97945124220996 198.26065616073072 295.0297409015455 None 190.76624819625033 202.1754232737836 231.808351934753 142.27207216152183 None 29.999986181016336 None 29.999986181016336 None 1.0 1.0 1.0 1.0 0.0 1.0 1.0 1.0 1.0 0.0 1.0 1.0 1.0 1.0
349.3828646578176 78.67014321643833 2.0 2.0 3.0 4.0 None 2.0 3.0 3.0 2.0 None 0.0 None 0.0 0.0 199.71603587740844 199.95741577729916 203.1639587868557 293.2606514504412 None 189.54140492958362 209.82004417034085 235.03113689326392 168.05422550053294 None 29.9999124587507 None 29.9999124587507 19.9999124587507 1.0 1.0 1.0 1.0 0.0 1.0 1.0 1.0 1.0 0.0 1.0 1.0 1.0 1.0
355.55255082914357 77.30502828879453 2.0 2.0 2.0 4.0 None 2.0 2.0 2.0 2.0 None 0.0 None 0.0 0.0 198.72347557005577 201.11907875519685 203.57066935002348 294.33722712128264 None 190.35888027556982 214.3711233091201 239.3399137857983 171.70215992853167 None 29.99991308498627 None 29.99991308498627 19.99991308498627 1.0 1.0 1.0 1.0 0.0 1.0 1.0 1.0 1.0 0.0 1.0 1.0 1.0 1.0
262.9296476892161 104.53746940127712 3.0 3.0 3.0 None None 3.0 3.0 4.0 2.0 None 0.0 None 0.0 0.0 196.90745349698568 200.74610229483434 198.5827467897462 None None 188.5301650377634 204.00436674955532 232.20962954258735 149.5612235684611 None 29.999976487799337 None 29.999976487799337 19.999976487799337 1.0 1.0 1.0 0.0 0.0 1.0 1.0 1.0 1.0 0.0 1.0 1.0 1.0 1.0
233.46698417931262 117.7297085351031 4.0 4.0 4.0 None None 4.0 4.0 5.0 3.0 5.0 0.0 None 0.0 0.0 194.9095568785773 202.27723187656537 194.9095568785773 None None 189.8406435824178 209.4038697732673 237.52253825058958 159.6054024143255 237.52253825058958 29.999993383833136 None 29.999993383833136 19.999993383833136 1.0 1.0 1.0 0.0 0.0 1.0 1.0 1.0 1.0 1.0 1.0 1.0 1.0 1.0
240.0683992541932 114.49237003032964 4.0 4.0 4.0 None None 3.0 4.0 4.0 3.0 None 0.0 None 0.0 0.0 195.5134276136417 198.49995662076918 197.93693506154588 None None 187.71313502739002 210.24720554052777 234.7773638523213 161.7704278624056 None 29.999984807731725 None 29.999984807731725 19.999984807731725 1.0 1.0 1.0 0.0 0.0 1.0 1.0 1.0 1.0 0.0 1.0 1.0 1.0 1.0
243.33453364419967 112.95560719790657 4.0 4.0 4.0 None None 4.0 4.0 4.0 3.0 None 0.0 None 0.0 0.0 193.5349573352854 197.42395000283125 195.96038965862664 None None 185.64176144753688 207.0936298245634 231.74408463761756 151.52181362502157 None 29.999915534815216 None 29.999915534815216 19.999915534815216 1.0 1.0 1.0 0.0 0.0 1.0 1.0 1.0 1.0 0.0 1.0 1.0 1.0 1.0
318.51175318640344 86.29508872130788 3.0 3.0 3.0 4.0 None 2.0 3.0 3.0 2.0 None 0.0 None 0.0 None 194.49284062881057 197.5050617820373 198.7738044480197 292.5364696650884 None 186.401221828905 206.4457576568382 236.26697575522627 152.67227840305628 None 29.999905659699046 None 29.999905659699046 None 1.0 1.0 1.0 1.0 0.0 1.0 1.0 1.0 1.0 0.0 1.0 1.0 1.0 1.0
293.34561589062105 93.69834935678271 3.0 3.0 3.0 4.0 None 2.0 3.0 3.0 2.0 None 0.0 None 0.0 None 195.32566311542325 200.3157191435275 199.79754896805053 292.2179919432555 None 188.28516042506433 205.2193544452177 229.0526336382276 151.17418408756959 None 29.999906844841664 None 29.999906844841664 None 1.0 1.0 1.0 1.0 0.0 1.0 1.0 1.0 1.0 0.0 1.0 1.0 1.0 1.0
320.0964021807685 85.86788171545206 3.0 3.0 3.0 4.0 None 3.0 3.0 4.0 2.0 None 0.0 None 0.0 None 193.22354492815026 197.13756714543499 194.45923623238767 288.4813826431462 None 185.29877439751417 212.23960234079433 236.6913918927541 161.97084690648575 None 29.999963753466144 None 29.999963753466144 None 1.0 1.0 1.0 1.0 0.0 1.0 1.0 1.0 1.0 0.0 1.0 1.0 1.0 1.0
308.79979398578405 89.00912673946068 3.0 3.0 3.0 4.0 None 2.0 3.0 3.0 2.0 None 0.0 None 0.0 None 192.31773386542315 198.61503434047273 198.3777276091776 291.3206142599756 None 187.23118556551816 206.19335126287805 230.19175174914542 141.75510226832526 None 29.999915521202144 None 29.999915521202144 None 1.0 1.0 1.0 1.0 0.0 1.0 1.0 1.0 1.0 0.0 1.0 1.0 1.0 1.0
313.38273346106246 87.70744864096066 2.0 3.0 3.0 4.0 None 2.0 3.0 3.0 2.0 5.0 0.0 None 0.0 0.0 194.28355380826608 198.96496515221682 197.50703845006637 291.2047989595758 None 186.89579812381822 201.1937778360878 226.67211234052942 142.57426685334667 342.47871147578894 29.99994064066997 None 29.99994064066997 19.99994064066997 1.0 1.0 1.0 1.0 0.0 1.0 1.0 1.0 1.0 1.0 1.0 1.0 1.0 1.0
347.72351924747977 79.04555912548965 3.0 3.0 3.0 4.0 None 3.0 3.0 3.0 2.0 None 1.0 None 1.0 None 198.5104181619898 197.18918601165353 202.15103131352154 292.0673130098753 None 185.55434894152748 203.93166046998243 227.89056764735787 149.86160774370765 None 29.999991997749568 None 29.999991997749568 None 1.0 1.0 1.0 1.0 0.0 1.0 1.0 1.0 1.0 0.0 1.0 1.0 1.0 1.0
325.503695657933 84.44143758319915 3.0 3.0 3.0 4.0 None 3.0 3.0 3.0 3.0 None 0.0 None 0.0 None 195.08182569586444 201.10189871886075 199.57960083681866 298.14115603808625 None 188.66772856851378 210.84172378201177 235.1792977587397 153.1138491743032 None 29.999967341692326 None 29.999967341692326 None 1.0 1.0 1.0 1.0 0.0 1.0 1.0 1.0 1.0 0.0 1.0 1.0 1.0 1.0
345.84574120074114 79.47473895318592 3.0 3.0 3.0 4.0 None 3.0 3.0 3.0 2.0 None 0.0 None 0.0 None 196.49275459797838 202.14849165816284 199.57865743635253 294.19541542367637 None 190.56974137995076 211.78185603947102 233.7558706522974 150.23909735873465 None 29.99993669899993 None 29.99993669899993 None 1.0 1.0 1.0 1.0 0.0 1.0 1.0 1.0 1.0 0.0 1.0 1.0 1.0 1.0
287.0919028205004 95.73937728639173 3.0 3.0 3.0 5.0 None 3.0 4.0 4.0 3.0 None 0.0 None 0.0 None 196.14580160551216 198.89974258366968 199.78247197492982 293.6253841222754 None 187.72433272006475 209.06187142191158 236.90953303755646 160.63146940802102 None 29.999998238094967 None 29.999998238094967 None 1.0 1.0 1.0 1.0 0.0 1.0 1.0 1.0 1.0 0.0 1.0 1.0 1.0 1.0
292.10382147878744 94.09668062831568 3.0 3.0 3.0 4.0 None 3.0 3.0 3.0 2.0 None 0.0 None 0.0 None 190.9169847363647 198.17154199988835 191.03014296124138 289.45047745657104 None 186.78354196315902 200.25371223687324 225.72532188045898 141.6854904260573 None 29.999912392662953 None 29.999912392662953 None 1.0 1.0 1.0 1.0 0.0 1.0 1.0 1.0 1.0 0.0 1.0 1.0 1.0 1.0
306.20252306017375 89.76411992071847 2.0 3.0 3.0 4.0 None 2.0 3.0 3.0 2.0 None 0.0 None 0.0 None 195.0670330627689 200.80192861331673 198.9242907604635 292.86131565132354 None 188.89180391500298 207.0202187425858 231.37720160338992 152.1057753811136 None 29.99999904277909 None 29.99999904277909 None 1.0 1.0 1.0 1.0 0.0 1.0 1.0 1.0 1.0 0.0 1.0 1.0 1.0 1.0
314.359286209493 87.43498667217034 3.0 3.0 3.0 4.0 None 3.0 3.0 4.0 2.0 None 0.0 None 0.0 0.0 198.5122955156963 198.19566766692697 201.190719307107 289.6801880548276 None 186.21333875486837 206.61234597731857 234.53215802523576 152.3243349749938 None 29.999933105057174 None 29.999933105057174 19.999933105057174 1.0 1.0 1.0 1.0 0.0 1.0 1.0 1.0 1.0 0.0 1.0 1.0 1.0 1.0
286.05286221338434 96.0871350397344 3.0 3.0 3.0 5.0 None 3.0 3.0 4.0 3.0 None 0.0 None 0.0 None 201.10890831226487 203.24620456588715 204.86675464959015 295.161249434958 None 192.93704116031535 211.39878403775657 238.791787426148 159.5621482853122 None 29.99993957451016 None 29.99993957451016 None 1.0 1.0 1.0 1.0 0.0 1.0 1.0 1.0 1.0 0.0 1.0 1.0 1.0 1.0
351.89220875515434 78.10914625599081 3.0 3.0 3.0 4.0 None 3.0 3.0 3.0 2.0 None 0.0 None 0.0 None 198.92942587872307 198.00235846673473 201.15173032491742 290.6522692061569 None 186.62407236353653 206.18260155147763 235.35177830276376 160.47132626329105 None 29.99998742315285 None 29.99998742315285 None 1.0 1.0 1.0 1.0 0.0 1.0 1.0 1.0 1.0 0.0 1.0 1.0 1.0 1.0
292.51941681024437 93.96299329363838 2.0 2.0 3.0 4.0 None 2.0 3.0 4.0 2.0 None 0.0 None 0.0 0.0 196.88380510084295 195.74157569016555 200.9088428758176 288.77158015534326 None 184.228471200068 212.06403358540953 236.2626323826031 162.59510298496815 None 29.99998345803011 None 29.99998345803011 19.99998345803011 1.0 1.0 1.0 1.0 0.0 1.0 1.0 1.0 1.0 0.0 1.0 1.0 1.0 1.0
307.146740460091 89.48817089456101 3.0 3.0 3.0 4.0 None 3.0 3.0 4.0 2.0 None 0.0 None 0.0 None 193.5422608980076 202.55346729580083 199.79499014557604 297.5317948599691 None 192.13297115595557 205.2157834050491 233.5187029835007 149.84849948691408 None 29.999938344656933 None 29.999938344656933 None 1.0 1.0 1.0 1.0 0.0 1.0 1.0 1.0 1.0 0.0 1.0 1.0 1.0 1.0
218.17459680207213 125.98166974010857 4.0 4.0 4.0 None None 4.0 4.0 5.0 3.0 None 0.0 None 0.0 None 201.55382287816388 202.8599749445762 203.77539996169682 None None 190.95231647823053 214.8100313979423 240.7138595847535 170.55979903214927 None 29.999985279634014 None 29.999985279634014 None 1.0 1.0 1.0 0.0 0.0 1.0 1.0 1.0 1.0 0.0 1.0 1.0 1.0 1.0
299.72245821576223 91.70483974949104 3.0 3.0 3.0 4.0 None 3.0 4.0 4.0 2.0 None 0.0 None 0.0 None 196.11707708067948 203.95533481789664 202.1796705108055 297.98605329262665 None 190.89328087966322 211.64000026041043 238.48745177347107 141.95433305611056 None 29.999974740478233 None 29.999974740478233 None 1.0 1.0 1.0 1.0 0.0 1.0 1.0 1.0 1.0 0.0 1.0 1.0 1.0 1.0
268.78865936790874 102.25877856839972 3.0 3.0 3.0 5.0 None 3.0 3.0 4.0 3.0 None 0.0 None 0.0 0.0 200.5738743227641 198.79836273432164 204.21135533962823 291.2565221033468 None 187.08686648146175 214.70284517111074 245.03604278847527 181.3671482341133 None 29.999941941426904 None 29.999941941426904 19.999941941426904 1.0 1.0 1.0 1.0 0.0 1.0 1.0 1.0 1.0 0.0 1.0 1.0 1.0 1.0
269.451440807026 102.00724819907252 3.0 3.0 3.0 5.0 None 3.0 3.0 4.0 2.0 None 0.0 None 0.0 0.0 199.26987427103515 198.99924446329672 201.17677600836288 292.0907576760958 None 188.42285507703525 201.17677600836288 226.69914699142132 151.71534751171293 None 29.999909221223927 None 29.999909221223927 19.999909221223927 1.0 1.0 1.0 1.0 0.0 1.0 1.0 1.0 1.0 0.0 1.0 1.0 1.0 1.0
314.3360274254955 87.44145628205085 3.0 3.0 3.0 4.0 None 2.0 3.0 3.0 2.0 None 0.0 None 0.0 None 199.54118207036174 200.06970971841844 204.77379875699512 292.3198053388892 None 187.46771221959017 218.17570420634726 242.15941668285888 178.7582664422573 None 29.99990566832053 None 29.99990566832053 None 1.0 1.0 1.0 1.0 0.0 1.0 1.0 1.0 1.0 0.0 1.0 1.0 1.0 1.0
301.3667016469978 91.20450218881643 3.0 3.0 3.0 4.0 None 3.0 3.0 3.0 2.0 None 0.0 None 0.0 0.0 196.2127455150469 199.1214248470523 197.5694487861693 293.76603858690027 None 187.83871287926735 210.0601114208424 237.15272514396474 159.3364857282471 None 29.99996635435587 None 29.99996635435587 19.99996635435587 1.0 1.0 1.0 1.0 0.0 1.0 1.0 1.0 1.0 0.0 1.0 1.0 1.0 1.0
237.224460203585 115.86494907148965 4.0 4.0 4.0 None None 4.0 4.0 4.0 3.0 None 1.0 None 0.0 0.0 193.14221687112845 201.73930953555293 197.989790027423 None None 189.69898000498696 209.3568797064407 235.87322138790506 168.57374046101734 None 39.99994294705715 None 29.999942947057146 19.999942947057146 1.0 1.0 1.0 0.0 0.0 1.0 1.0 1.0 1.0 0.0 1.0 1.0 1.0 1.0
255.32214223932183 107.65223790984986 3.0 3.0 4.0 None None 3.0 4.0 4.0 3.0 None 0.0 None 0.0 None 200.53712057603673 202.30502383610155 204.4789609271903 None None 190.86520511124687 218.43756157398647 242.67909195411298 178.59737295020741 None 29.999958107185574 None 29.999958107185574 None 1.0 1.0 1.0 0.0 0.0 1.0 1.0 1.0 1.0 0.0 1.0 1.0 1.0 1.0
262.2075499478751 104.8253568803187 3.0 3.0 3.0 5.0 None 3.0 3.0 4.0 2.0 None 1.0 None 0.0 0.0 194.9939062059327 199.55660054995218 198.78180223176196 291.414063907856 None 188.3512162174172 206.94811197742567 231.0032491288542 152.8013078147666 None 39.99991956440508 None 29.999919564405083 19.999919564405083 1.0 1.0 1.0 1.0 0.0 1.0 1.0 1.0 1.0 0.0 1.0 1.0 1.0 1.0
262.4356423382705 104.7342493386302 3.0 3.0 3.0 5.0 None 3.0 3.0 4.0 2.0 None 0.0 None 0.0 0.0 198.72595331126936 199.49283119953535 205.38632874363125 290.29890959884375 None 187.83295551733698 213.31608048165472 238.0290438121362 153.71367395960073 None 29.999974477850227 None 29.999974477850227 19.999974477850227 1.0 1.0 1.0 1.0 0.0 1.0 1.0 1.0 1.0 0.0 1.0 1.0 1.0 1.0
339.2301526064068 81.02463707549825 3.0 3.0 3.0 4.0 None 3.0 3.0 3.0 2.0 None 0.0 None 0.0 None 195.7024163796474 198.85495106603554 200.13881515303058 293.21680249597347 None 187.25322561817507 209.24546601847356 234.18971024869774 158.35620603895154 None 29.999918391997042 None 29.999918391997042 None 1.0 1.0 1.0 1.0 0.0 1.0 1.0 1.0 1.0 0.0 1.0 1.0 1.0 1.0
225.0983393123976 122.1066316346927 4.0 4.0 4.0 None None 4.0 4.0 5.0 2.0 None 0.0 None 0.0 0.0 191.30144134599422 197.54575188245624 191.30144134599422 None None 185.7871681637335 207.34263327822714 231.4173399846469 142.8726485871937 None 29.999948567788188 None 29.999948567788188 19.999948567788188 1.0 1.0 1.0 0.0 0.0 1.0 1.0 1.0 1.0 0.0 1.0 1.0 1.0 1.0
301.8934980106741 91.04535268602629 3.0 3.0 3.0 4.0 None 3.0 3.0 4.0 2.0 None 0.0 None 0.0 None 192.24753361259164 201.67181203566565 193.46010903674815 296.6230915216402 None 190.71358043710305 206.57052576872044 230.54477761772068 151.96152285805212 None 29.99990496632289 None 29.99990496632289 None 1.0 1.0 1.0 1.0 0.0 1.0 1.0 1.0 1.0 0.0 1.0 1.0 1.0 1.0
298.03782345595886 92.22319396001633 3.0 3.0 3.0 4.0 None 3.0 3.0 4.0 2.0 None 0.0 None 0.0 0.0 198.12741508845744 199.08039095976096 203.22078426928783 290.89422337323543 None 188.36680163816317 209.75261520945912 233.95264488586866 159.79684529471552 None 29.999984668501654 None 29.999984668501654 19.999984668501654 1.0 1.0 1.0 1.0 0.0 1.0 1.0 1.0 1.0 0.0 1.0 1.0 1.0 1.0
