277.9816287482592 31.016438168322637 3.0 3.0 3.0 3.0 None None 2.0 2.0 4.0 4.0 2.0 None 0.0 None 184.1425058205465 165.9810743325183 208.19759206275012 195.63853374173328 None None 131.49206712335598 131.49206712335598 215.5120579777019 249.31808180936258 109.99998373612408 None 29.99998373612408 None 1.0 1.0 1.0 1.0 0.0 0.0 1.0 1.0 1.0 1.0 1.0 1.0 1.0 1.0
241.33706485080944 35.72596693893653 4.0 3.0 4.0 4.0 None None 3.0 3.0 4.0 None 2.0 None 0.0 None 185.577154086122 163.75425650558503 206.76675107931555 207.0141558336391 None None 142.18182384386603 142.18182384386603 227.97453231046728 None 119.99998191727019 None 29.99998191727019 None 1.0 1.0 1.0 1.0 0.0 0.0 1.0 1.0 1.0 0.0 1.0 1.0 1.0 1.0
244.26579799919915 35.297614609263746 3.0 3.0 3.0 4.0 None None 2.0 2.0 4.0 4.0 2.0 None 0.0 None 185.35854305712064 174.06244011662767 207.93434652870303 213.33137523541205 None None 126.44950032269759 126.44950032269759 221.47009704772853 237.97412086270748 119.99998364871686 None 29.999983648716864 None 1.0 1.0 1.0 1.0 0.0 0.0 1.0 1.0 1.0 1.0 1.0 1.0 1.0 1.0
284.964903357713 30.25635753177965 3.0 2.0 3.0 3.0 None None 2.0 2.0 4.0 4.0 2.0 None 0.0 None 191.65649431200768 159.3227659979109 217.50381466104903 203.1636267053292 None None 149.02601049327927 149.02601049327927 261.54615615658196 278.9223412947595 109.99996516182472 None 29.99996516182472 None 1.0 1.0 1.0 1.0 0.0 0.0 1.0 1.0 1.0 1.0 1.0 1.0 1.0 1.0
265.9268230365941 32.42245329578329 3.0 3.0 4.0 4.0 None None 2.0 2.0 4.0 5.0 1.0 None 0.0 None 187.80921009023587 174.8890873543251 210.42366412517237 221.6746450669341 None None 139.23630717021342 139.23630717021342 238.53424233355508 296.2926464312533 109.99993591582086 None 29.999935915820856 None 1.0 1.0 1.0 1.0 0.0 0.0 1.0 1.0 1.0 1.0 1.0 1.0 1.0 1.0
288.0173523436402 29.935696338576474 3.0 3.0 3.0 3.0 None None 1.0 1.0 3.0 None 1.0 None 0.0 None 185.7373445413062 180.02679001544317 207.80732792282322 221.37283343788448 None None 133.8268183441749 133.8268183441749 223.46143844775492 None 129.99990430652218 None 29.999904306522183 None 1.0 1.0 1.0 1.0 0.0 0.0 1.0 1.0 1.0 0.0 1.0 1.0 1.0 1.0
225.81104683790676 38.18236583522463 4.0 4.0 4.0 4.0 None None 3.0 3.0 5.0 4.0 2.0 None 0.0 None 188.03832096912691 165.39759094574578 209.63900552436928 206.9079782642214 None None 139.56395156026701 139.56395156026701 255.87578862321578 217.40675345952735 109.99999617916052 None 29.99999617916052 None 1.0 1.0 1.0 1.0 0.0 0.0 1.0 1.0 1.0 1.0 1.0 1.0 1.0 1.0
258.6022362102298 33.3407789752861 3.0 3.0 4.0 4.0 None None 3.0 3.0 4.0 5.0 2.0 None 0.0 None 182.81168568833726 188.12653894704653 204.631822368224 233.50893283258569 None None 144.6097511553644 144.6097511553644 251.96254378289854 263.9158149767648 139.99998066851987 None 29.999980668519868 None 1.0 1.0 1.0 1.0 0.0 0.0 1.0 1.0 1.0 1.0 1.0 1.0 1.0 1.0
224.83746355185946 38.3477017744034 4.0 3.0 4.0 4.0 None None 3.0 3.0 None None 2.0 None 0.0 None 189.59040197986826 159.9663331170663 212.77207287366133 190.07002478170529 None None 150.94226641781017 150.94226641781017 None None 99.99996007500198 None 29.99996007500198 None 1.0 1.0 1.0 1.0 0.0 0.0 1.0 1.0 0.0 0.0 1.0 1.0 1.0 1.0
256.69710962401643 33.58822392908366 3.0 3.0 4.0 4.0 None None 2.0 2.0 4.0 4.0 2.0 None 0.0 None 180.78722531477263 177.15067692530266 203.8150413300005 225.65554202276746 None None 129.55316637917718 129.55316637917718 225.65554202276746 198.72763775337444 109.99996135941637 None 29.999961359416375 None 1.0 1.0 1.0 1.0 0.0 0.0 1.0 1.0 1.0 1.0 1.0 1.0 1.0 1.0
237.04664440445134 36.37258827966811 3.0 3.0 3.0 3.0 None None 2.0 2.0 4.0 None 1.0 None 0.0 None 182.53920542507382 167.44507310898462 205.1875080182038 206.39868141858426 None None 128.484438296007 128.484438296007 234.48136342581785 None 99.99991850186774 None 29.99991850186774 None 1.0 1.0 1.0 1.0 0.0 0.0 1.0 1.0 1.0 0.0 1.0 1.0 1.0 1.0
305.25136761570286 28.24557369667445 2.0 2.0 3.0 3.0 None None 2.0 2.0 3.0 3.0 2.0 None 1.0 None 182.6067266598913 158.69074121196542 208.05400559957843 201.64081393658182 None None 127.38348905676418 127.38348905676418 217.00638240837338 249.64459799795145 109.99998618226084 None 29.99998618226084 None 1.0 1.0 1.0 1.0 0.0 0.0 1.0 1.0 1.0 1.0 1.0 1.0 1.0 1.0
251.77397475904456 34.2450009309005 3.0 2.0 4.0 4.0 None None 2.0 2.0 4.0 None 1.0 None 0.0 None 186.03759614129297 169.45962955848194 208.7970008923255 204.35487576163166 None None 126.81316125911269 126.81316125911269 241.31135802555627 None 99.99998570817831 None 29.999985708178315 None 1.0 1.0 1.0 1.0 0.0 0.0 1.0 1.0 1.0 0.0 1.0 1.0 1.0 1.0
291.9890180080636 29.52850781450244 3.0 3.0 4.0 3.0 None None 3.0 3.0 4.0 4.0 2.0 None 0.0 None 190.8077196330105 150.85450413522562 213.03322214967835 192.20392883955077 None None 146.09744818746952 146.09744818746952 238.23987830776895 287.39063329064294 109.99997974122738 None 29.999979741227378 None 1.0 1.0 1.0 1.0 0.0 0.0 1.0 1.0 1.0 1.0 1.0 1.0 1.0 1.0
236.97393743453614 36.38374790637819 3.0 3.0 4.0 4.0 None None 3.0 3.0 None None 2.0 None 1.0 None 186.6347753127123 172.27642462910444 207.02015147009467 225.97651990424293 None None 151.94796553341888 151.94796553341888 None None 119.99998398889267 None 29.999983988892666 None 1.0 1.0 1.0 1.0 0.0 0.0 1.0 1.0 0.0 0.0 1.0 1.0 1.0 1.0
246.7403965158897 34.94360924172689 3.0 3.0 3.0 4.0 None None 2.0 2.0 5.0 None 1.0 None 0.0 None 187.2506518350129 169.27157719445836 209.46572067258984 214.12657112948756 None None 140.27764323656618 140.27764323656618 247.15120476173473 None 109.99990917794827 None 29.99990917794827 None 1.0 1.0 1.0 1.0 0.0 0.0 1.0 1.0 1.0 0.0 1.0 1.0 1.0 1.0
299.03838212055774 28.83241923280614 3.0 3.0 3.0 3.0 None None 2.0 2.0 4.0 4.0 2.0 None 0.0 None 189.2633136952851 175.32848690919718 211.67634943693514 215.5976746729096 None None 139.95360994825364 139.95360994825364 241.73026597684094 271.444155064873 149.99994563231365 None 29.999945632313654 None 1.0 1.0 1.0 1.0 0.0 0.0 1.0 1.0 1.0 1.0 1.0 1.0 1.0 1.0
252.53746355038027 34.14146906674678 3.0 3.0 3.0 3.0 None None 2.0 2.0 5.0 None 2.0 None 0.0 None 192.19583385841946 176.50133184742577 215.29241398124714 211.85853079970843 None None 143.36653176497538 143.36653176497538 254.54228010047746 None 129.99991628641658 None 29.99991628641658 None 1.0 1.0 1.0 1.0 0.0 0.0 1.0 1.0 1.0 0.0 1.0 1.0 1.0 1.0
214.2207384682223 40.2482040798258 4.0 4.0 4.0 5.0 None None 3.0 3.0 5.0 None 3.0 None 1.0 None 190.04622794155722 190.04622794155722 214.07246178912203 235.7098980522734 None None 150.77245010929914 150.77245010929914 240.61042153442872 None 119.99995945043497 None 29.99995945043497 None 1.0 1.0 1.0 1.0 0.0 0.0 1.0 1.0 1.0 0.0 1.0 1.0 1.0 1.0
216.40955443712647 39.841124493904694 4.0 3.0 5.0 4.0 None None 3.0 3.0 None None 2.0 None 1.0 None 194.1350180047503 169.67116279580705 217.5520858156952 214.12427710593198 None None 155.1216926143569 155.1216926143569 None None 109.99995712861465 None 29.999957128614653 None 1.0 1.0 1.0 1.0 0.0 0.0 1.0 1.0 0.0 0.0 1.0 1.0 1.0 1.0
310.7004141923676 27.750204396772254 3.0 3.0 3.0 3.0 None None 3.0 3.0 4.0 4.0 2.0 None 0.0 2.0 189.94186058588372 174.01276996264733 214.94093386889267 215.5041637278024 None None 152.8409537112588 152.8409537112588 239.66717069159802 239.66717069159802 119.99995647181925 None 29.999956471819246 119.99995647181925 1.0 1.0 1.0 1.0 0.0 0.0 1.0 1.0 1.0 1.0 1.0 1.0 1.0 1.0
229.49587047466218 37.56930345703943 4.0 4.0 4.0 4.0 None None 3.0 3.0 5.0 None 2.0 None 0.0 None 190.25062599797099 186.88597482273263 209.52618119960943 213.4972429482459 None None 141.15992025906638 141.15992025906638 248.6498101822349 None 119.99996203659862 None 29.999962036598617 None 1.0 1.0 1.0 1.0 0.0 0.0 1.0 1.0 1.0 0.0 1.0 1.0 1.0 1.0
270.4363727746225 31.88180610300317 3.0 3.0 4.0 4.0 None None 2.0 2.0 4.0 None 2.0 None 0.0 None 183.56348642434335 181.14086686667224 207.16238573551095 227.11863987736518 None None 146.27580652590558 146.27580652590558 231.54002633777014 None 119.99992645368383 None 29.999926453683827 None 1.0 1.0 1.0 1.0 0.0 0.0 1.0 1.0 1.0 0.0 1.0 1.0 1.0 1.0
247.37834096836218 34.85349592955144 4.0 4.0 4.0 4.0 None None 3.0 3.0 5.0 None 2.0 None 0.0 None 188.14902901925797 182.0042497784765 210.7084997607024 216.77002554611715 None None 150.60608712141862 150.60608712141862 254.7374519688368 None 119.99992008282652 None 29.99992008282652 None 1.0 1.0 1.0 1.0 0.0 0.0 1.0 1.0 1.0 0.0 1.0 1.0 1.0 1.0
279.9369435512984 30.799793305666427 3.0 3.0 4.0 4.0 None None 2.0 2.0 4.0 4.0 2.0 None 0.0 None 184.21482868449766 172.50603489111018 206.01591400767882 204.80422780780304 None None 134.36355861753532 134.36355861753532 230.07222403741702 241.79754236323168 99.99999310874631 None 29.99999310874631 None 1.0 1.0 1.0 1.0 0.0 0.0 1.0 1.0 1.0 1.0 1.0 1.0 1.0 1.0
273.68509077194153 31.503360214768175 3.0 3.0 3.0 4.0 None None 2.0 2.0 4.0 None 1.0 None 0.0 None 184.85255732382797 184.39090427922594 202.62787290989974 217.78374832223778 None None 143.01836615162563 143.01836615162563 240.59328257514835 None 109.99992630031113 None 29.99992630031113 None 1.0 1.0 1.0 1.0 0.0 0.0 1.0 1.0 1.0 0.0 1.0 1.0 1.0 1.0
269.5478893626777 31.986894871950067 3.0 3.0 4.0 4.0 None None 2.0 2.0 4.0 4.0 2.0 None 0.0 0.0 192.47345901996556 180.96992255579846 210.64044595745509 218.30176768395148 None None 142.54155376786673 142.54155376786673 238.18820793978074 261.1214671347464 119.99993611511849 None 29.999936115118487 39.99993611511849 1.0 1.0 1.0 1.0 0.0 0.0 1.0 1.0 1.0 1.0 1.0 1.0 1.0 1.0
236.00981825659863 36.53237845650066 3.0 3.0 4.0 4.0 None None 2.0 2.0 None 4.0 2.0 None 0.0 2.0 188.44128745645895 187.4745521124376 207.69151879116214 225.4668829136378 None None 146.08973024022373 146.08973024022373 None 217.03273538989782 139.99996991005224 None 29.999969910052243 139.99996991005224 1.0 1.0 1.0 1.0 0.0 0.0 1.0 1.0 0.0 1.0 1.0 1.0 1.0 1.0
280.6880023097773 30.717379898854578 3.0 3.0 3.0 3.0 None None 2.0 2.0 3.0 4.0 2.0 None 0.0 None 182.18546840772723 173.6995942186967 203.9838791596991 217.2067923346366 None None 129.8777673949399 129.8777673949399 197.71186608333971 235.92359103617548 119.99994493748784 None 29.99994493748784 None 1.0 1.0 1.0 1.0 0.0 0.0 1.0 1.0 1.0 1.0 1.0 1.0 1.0 1.0
258.6282129495757 33.33743021176509 3.0 3.0 4.0 4.0 None None 2.0 2.0 4.0 5.0 2.0 None 0.0 None 187.21990476079037 170.65441527703808 210.4518583380344 202.05458464829803 None None 141.41488616384459 141.41488616384459 231.18195757039683 263.6124228704828 109.99995261536407 None 29.999952615364066 None 1.0 1.0 1.0 1.0 0.0 0.0 1.0 1.0 1.0 1.0 1.0 1.0 1.0 1.0
320.6216857059897 26.891506047118657 3.0 3.0 3.0 3.0 None None 2.0 2.0 3.0 3.0 2.0 None 0.0 None 186.6078328316599 190.84289622722468 210.69317677148433 227.60541245032817 None None 130.12419433472525 130.12419433472525 210.69317677148433 249.93075492852137 129.99990481464528 None 29.999904814645276 None 1.0 1.0 1.0 1.0 0.0 0.0 1.0 1.0 1.0 1.0 1.0 1.0 1.0 1.0
246.4419878157958 34.98592133757886 3.0 3.0 4.0 3.0 None None 3.0 3.0 5.0 None 2.0 None 0.0 None 183.81536476310242 159.17780114992655 202.38218805811715 197.95295064448874 None None 141.2486569361251 141.2486569361251 266.31264196836327 None 99.99992166915064 None 29.999921669150638 None 1.0 1.0 1.0 1.0 0.0 0.0 1.0 1.0 1.0 0.0 1.0 1.0 1.0 1.0
251.34778770593897 34.30306699212804 3.0 3.0 4.0 4.0 None None 2.0 2.0 4.0 None 2.0 None 0.0 None 185.09211722312392 167.4722385393335 203.64410745587986 204.65379209833264 None None 129.76453824446975 129.76453824446975 221.86686086402307 None 109.99991858251798 None 29.999918582517978 None 1.0 1.0 1.0 1.0 0.0 0.0 1.0 1.0 1.0 0.0 1.0 1.0 1.0 1.0
300.9375208744176 28.65046530239077 3.0 3.0 3.0 3.0 None None 2.0 2.0 3.0 3.0 2.0 None 0.0 None 185.49961100139683 192.45897257955113 204.67824064048716 218.2763001127886 None None 135.70043407750933 135.70043407750933 204.67824064048716 231.40222905100632 119.99995300484545 None 29.99995300484545 None 1.0 1.0 1.0 1.0 0.0 0.0 1.0 1.0 1.0 1.0 1.0 1.0 1.0 1.0
251.13678098766627 34.33188864686229 3.0 3.0 4.0 4.0 None None 2.0 2.0 4.0 5.0 2.0 None 0.0 None 185.6105683979556 166.2336780787361 208.2308061113282 203.6018861270976 None None 127.2833381977494 127.2833381977494 221.37586191772698 273.24851427916747 109.99993480568833 None 29.999934805688326 None 1.0 1.0 1.0 1.0 0.0 0.0 1.0 1.0 1.0 1.0 1.0 1.0 1.0 1.0
270.6413255357449 31.857662472397443 3.0 3.0 4.0 4.0 None None 2.0 2.0 4.0 4.0 1.0 None 0.0 None 184.17995434514745 184.17995434514745 206.18271887877847 230.0248155978755 None None 122.98751732059412 122.98751732059412 213.539213815325 232.91737947543317 109.9999619605739 None 29.9999619605739 None 1.0 1.0 1.0 1.0 0.0 0.0 1.0 1.0 1.0 1.0 1.0 1.0 1.0 1.0
244.38541284932853 35.28033813260262 3.0 3.0 4.0 4.0 None None 2.0 2.0 5.0 None 2.0 None 0.0 None 188.63618425327644 179.1728907313356 213.6299984396917 221.9330926642915 None None 142.7396717027271 142.7396717027271 267.8529438979929 None 119.9999920540505 None 29.999992054050495 None 1.0 1.0 1.0 1.0 0.0 0.0 1.0 1.0 1.0 0.0 1.0 1.0 1.0 1.0
240.85954717011538 35.79679568985661 3.0 3.0 4.0 4.0 None None 3.0 3.0 4.0 None 2.0 None 0.0 None 184.75335994010777 162.39717002039976 205.55340989392516 197.76962432389928 None None 130.98714000148004 130.98714000148004 240.41923430426567 None 119.99992027939464 None 29.999920279394644 None 1.0 1.0 1.0 1.0 0.0 0.0 1.0 1.0 1.0 0.0 1.0 1.0 1.0 1.0
280.65373834755184 30.721130068550217 3.0 3.0 4.0 4.0 None None 2.0 2.0 4.0 5.0 2.0 None 0.0 None 182.80294908743656 163.4239165311261 204.19822879035337 214.07324376781963 None None 122.41361855554442 122.41361855554442 238.6329447189459 299.06193553650195 109.99991816584185 None 29.999918165841848 None 1.0 1.0 1.0 1.0 0.0 0.0 1.0 1.0 1.0 1.0 1.0 1.0 1.0 1.0
256.61993109934974 33.598325597952154 3.0 3.0 3.0 3.0 None None 2.0 2.0 4.0 5.0 2.0 None 0.0 None 190.07636062680348 178.5179860373716 215.83758319377898 207.35607523872557 None None 141.12526279830672 141.12526279830672 232.5675083358883 281.9907077021377 119.9999673627807 None 29.999967362780694 None 1.0 1.0 1.0 1.0 0.0 0.0 1.0 1.0 1.0 1.0 1.0 1.0 1.0 1.0
268.9681282371054 32.05584266251571 3.0 3.0 3.0 4.0 None None 2.0 2.0 4.0 4.0 2.0 None 0.0 None 181.57042344229814 177.51438680003156 202.16256510041325 216.12136663057214 None None 128.196490827059 128.196490827059 210.79950366901113 266.1142120163839 119.9999349270368 None 29.999934927036804 None 1.0 1.0 1.0 1.0 0.0 0.0 1.0 1.0 1.0 1.0 1.0 1.0 1.0 1.0
221.1729066577406 38.983074962894634 4.0 4.0 4.0 4.0 None None 3.0 3.0 5.0 4.0 2.0 None 1.0 1.0 185.45505784813207 176.94821744984273 208.3795564879248 213.92873944206946 None None 143.4577395373991 143.4577395373991 233.70678219882967 197.89858049819338 99.9999626129839 None 29.999962612983893 39.99996261298389 1.0 1.0 1.0 1.0 0.0 0.0 1.0 1.0 1.0 1.0 1.0 1.0 1.0 1.0
272.42289827219105 31.649321898724306 3.0 2.0 3.0 3.0 None None 2.0 2.0 3.0 3.0 2.0 None 0.0 None 184.41161050123821 151.0752430241143 205.29111774605911 184.41161050123821 None None 135.40529496620792 135.40529496620792 219.2404597507878 219.2404597507878 119.99993458149714 None 29.999934581497143 None 1.0 1.0 1.0 1.0 0.0 0.0 1.0 1.0 1.0 1.0 1.0 1.0 1.0 1.0
257.4180396947196 33.49415608255392 3.0 3.0 3.0 4.0 None None 2.0 2.0 3.0 None 2.0 None 0.0 None 179.9816815335397 165.82377551584955 202.80756672088506 212.56803870099122 None None 132.00596085090694 132.00596085090694 206.0367754106402 None 119.99997963631142 None 29.999979636311423 None 1.0 1.0 1.0 1.0 0.0 0.0 1.0 1.0 1.0 0.0 1.0 1.0 1.0 1.0
227.65968401071 37.87231822563009 4.0 3.0 4.0 4.0 None None 2.0 2.0 5.0 None 1.0 None 0.0 None 189.62939894670876 154.862087238213 211.59644712909903 198.7175886813833 None None 135.28846492180446 135.28846492180446 237.30110533765315 None 109.99997503352364 None 29.99997503352364 None 1.0 1.0 1.0 1.0 0.0 0.0 1.0 1.0 1.0 0.0 1.0 1.0 1.0 1.0
294.4765246931681 29.279074143461028 2.0 2.0 3.0 3.0 None None 1.0 1.0 3.0 4.0 1.0 None 0.0 None 181.7949408673545 152.93315696031357 209.80908839243403 198.48905952701273 None None 126.43186483088732 126.43186483088732 213.0820263133391 278.52129572327345 99.99993773971454 None 29.99993773971454 None 1.0 1.0 1.0 1.0 0.0 0.0 1.0 1.0 1.0 1.0 1.0 1.0 1.0 1.0
223.2112226825763 38.62709005568754 3.0 3.0 4.0 5.0 None None 3.0 3.0 None None 3.0 None 0.0 None 190.28683881764408 191.29700964650687 209.09165077662266 232.0846704183918 None None 157.05014474931374 157.05014474931374 None None 139.99995154714992 None 29.99995154714992 None 1.0 1.0 1.0 1.0 0.0 0.0 1.0 1.0 0.0 0.0 1.0 1.0 1.0 1.0
246.30089755016024 35.0059625675708 3.0 3.0 4.0 4.0 None None 2.0 2.0 4.0 None 2.0 None 0.0 None 186.38631901512161 175.04521361918347 207.85149060283788 218.9155243607686 None None 131.5725482764634 131.5725482764634 240.0998902987717 None 119.99990057865853 None 29.999900578658526 None 1.0 1.0 1.0 1.0 0.0 0.0 1.0 1.0 1.0 0.0 1.0 1.0 1.0 1.0
220.08554778092702 39.17567549043398 4.0 3.0 4.0 4.0 None None 3.0 3.0 None None 2.0 None 0.0 None 185.49549450750226 160.83717505950608 209.30176401491923 203.23998540642077 None None 149.59349646500937 149.59349646500937 None None 99.99997949265963 None 29.999979492659634 None 1.0 1.0 1.0 1.0 0.0 0.0 1.0 1.0 0.0 0.0 1.0 1.0 1.0 1.0
228.67479078067828 37.70419979642334 4.0 3.0 4.0 4.0 None None 2.0 2.0 None 4.0 2.0 None 0.0 2.0 186.84512804731696 171.47547141229882 209.0468439981388 211.0587064104082 None None 142.23029689807436 142.23029689807436 None 198.6744235295905 109.9999923231581 None 29.999992323158096 109.9999923231581 1.0 1.0 1.0 1.0 0.0 0.0 1.0 1.0 0.0 1.0 1.0 1.0 1.0 1.0
252.62300618621038 34.129908159056015 3.0 3.0 4.0 4.0 None None 3.0 3.0 5.0 None 2.0 None 0.0 None 187.83037480435877 186.06652342837413 210.05404932858852 219.33789782723255 None None 150.00573500020488 150.00573500020488 284.5394918639759 None 119.99999725493564 None 29.999997254935636 None 1.0 1.0 1.0 1.0 0.0 0.0 1.0 1.0 1.0 0.0 1.0 1.0 1.0 1.0
226.92487553036045 37.99495308678249 4.0 4.0 4.0 4.0 None None 4.0 4.0 5.0 5.0 3.0 None 1.0 None 189.45736363848323 181.57776234399017 213.6998568564673 224.75176953288673 None None 148.99167603188346 148.99167603188346 255.24835378409722 255.24835378409722 119.99998090213518 None 29.999980902135178 None 1.0 1.0 1.0 1.0 0.0 0.0 1.0 1.0 1.0 1.0 1.0 1.0 1.0 1.0
251.5949116249986 34.269373511222135 4.0 4.0 4.0 4.0 None None 3.0 3.0 5.0 None 2.0 None 1.0 None 185.0586149744933 169.91068819615066 208.0407534007636 203.6041680485572 None None 137.45536496886166 137.45536496886166 269.2576092058392 None 109.99993105703703 None 29.99993105703703 None 1.0 1.0 1.0 1.0 0.0 0.0 1.0 1.0 1.0 0.0 1.0 1.0 1.0 1.0
248.56792914988335 34.686695220448335 3.0 3.0 4.0 4.0 None None 2.0 2.0 5.0 None 2.0 None 0.0 None 188.0821504605513 168.23014056231113 207.80149357327906 195.74948432856763 None None 143.75816607446927 143.75816607446927 252.49985148714683 None 119.99993631822116 None 29.99993631822116 None 1.0 1.0 1.0 1.0 0.0 0.0 1.0 1.0 1.0 0.0 1.0 1.0 1.0 1.0
279.1231022261937 30.889596494284334 3.0 2.0 3.0 3.0 None None 2.0 2.0 3.0 None 2.0 None 0.0 None 186.23563427505076 163.8006270403119 209.21227987098757 200.36855200233168 None None 128.8080737306194 128.8080737306194 226.43998749686847 None 89.99995355060099 None 29.999953550600992 None 1.0 1.0 1.0 1.0 0.0 0.0 1.0 1.0 1.0 0.0 1.0 1.0 1.0 1.0
250.2275391677013 34.456639060105914 3.0 3.0 4.0 3.0 None None 2.0 2.0 4.0 None 2.0 None 0.0 None 187.8289144177969 151.97999688807073 213.1418212104657 182.18206329880297 None None 142.8703122819623 142.8703122819623 242.84192007727944 None 79.99996715338051 None 29.99996715338051 None 1.0 1.0 1.0 1.0 0.0 0.0 1.0 1.0 1.0 0.0 1.0 1.0 1.0 1.0
263.44268373139664 32.728181621437244 3.0 3.0 3.0 4.0 None None 2.0 2.0 3.0 4.0 2.0 None 0.0 None 184.4397490372648 189.5024455714543 205.23801789939307 227.3995683751566 None None 129.27523748737383 129.27523748737383 209.64296969491443 232.82152575511725 109.99995353906513 None 29.99995353906513 None 1.0 1.0 1.0 1.0 0.0 0.0 1.0 1.0 1.0 1.0 1.0 1.0 1.0 1.0
259.60504785448387 33.21198902431543 3.0 3.0 4.0 4.0 None None 3.0 3.0 4.0 5.0 2.0 None 0.0 None 192.24919811792438 195.08544426087354 211.52253190596252 245.1137669483789 None None 148.78713195550228 148.78713195550228 251.2866369960779 280.0312428912891 119.99997216967978 None 29.99997216967978 None 1.0 1.0 1.0 1.0 0.0 0.0 1.0 1.0 1.0 1.0 1.0 1.0 1.0 1.0
287.55395690168933 29.983937946462483 3.0 2.0 3.0 3.0 None None 2.0 2.0 3.0 3.0 1.0 None 0.0 0.0 182.18220497797148 158.14431693217352 207.12158918722378 182.18220497797148 None None 122.68784438424467 122.68784438424467 200.5894788341344 200.5894788341344 109.99992964830318 None 29.99992964830318 49.99992964830318 1.0 1.0 1.0 1.0 0.0 0.0 1.0 1.0 1.0 1.0 1.0 1.0 1.0 1.0
259.4260276792427 33.23490737274958 3.0 2.0 3.0 3.0 None None 2.0 2.0 4.0 None 2.0 None 0.0 None 184.40216894246652 154.2327139589495 207.20609620891133 192.3790088227471 None None 137.3975437355312 137.3975437355312 228.20371992645698 None 99.99994179459782 None 29.999941794597817 None 1.0 1.0 1.0 1.0 0.0 0.0 1.0 1.0 1.0 0.0 1.0 1.0 1.0 1.0
276.93722313586386 31.133409595033367 3.0 2.0 3.0 3.0 None None 2.0 2.0 3.0 2.0 2.0 None 0.0 1.0 184.9809713899362 173.62016046217627 208.40735456294948 207.18749511177037 None None 138.32091119265903 138.32091119265903 209.81841479167144 179.74774653225023 119.99990434404492 None 29.99990434404492 109.99990434404492 1.0 1.0 1.0 1.0 0.0 0.0 1.0 1.0 1.0 1.0 1.0 1.0 1.0 1.0
241.52857305749433 35.6976397900036 3.0 3.0 4.0 3.0 None None 3.0 3.0 5.0 3.0 2.0 None 0.0 2.0 185.82122710203976 160.87881457939693 210.661421892068 197.53002956308666 None None 137.45878277802586 137.45878277802586 249.86596372058375 160.87881457939693 109.99997837021544 None 29.999978370215445 89.99997837021544 1.0 1.0 1.0 1.0 0.0 0.0 1.0 1.0 1.0 1.0 1.0 1.0 1.0 1.0
276.9339830670161 31.133773849320388 3.0 2.0 3.0 3.0 None None 2.0 2.0 4.0 5.0 1.0 None 0.0 None 186.4886027002375 157.33618482023854 213.27744731922047 182.79016478129955 None None 141.32494749712532 141.32494749712532 234.59388511487015 280.2366962515459 79.99996999054571 None 29.999969990545708 None 1.0 1.0 1.0 1.0 0.0 0.0 1.0 1.0 1.0 1.0 1.0 1.0 1.0 1.0
254.35152930515 33.89796799552966 3.0 3.0 3.0 3.0 None None 2.0 2.0 3.0 4.0 2.0 None 0.0 1.0 185.80017816564316 171.6911451421356 206.59937333230823 212.4579544641494 None None 132.31035215836823 132.31035215836823 211.85788517883088 231.43650178597767 119.99992829307865 None 29.999928293078653 99.99992829307865 1.0 1.0 1.0 1.0 0.0 0.0 1.0 1.0 1.0 1.0 1.0 1.0 1.0 1.0
262.1450452269915 32.8901886836511 3.0 3.0 4.0 4.0 None None 2.0 2.0 4.0 5.0 2.0 None 0.0 None 186.15375821185705 169.63610503120242 205.5883506959127 200.94224177904135 None None 134.11148042070522 134.11148042070522 231.77553949390887 283.28102171941435 119.99996318783707 None 29.999963187837068 None 1.0 1.0 1.0 1.0 0.0 0.0 1.0 1.0 1.0 1.0 1.0 1.0 1.0 1.0
252.8649488610655 34.09725246157895 3.0 3.0 4.0 4.0 None None 3.0 3.0 4.0 None 2.0 None 0.0 None 189.57724641003546 159.6367127067848 208.37327794783272 202.91050253434582 None None 132.08853347611245 132.08853347611245 224.18984379666176 None 109.99990883343446 None 29.99990883343446 None 1.0 1.0 1.0 1.0 0.0 0.0 1.0 1.0 1.0 0.0 1.0 1.0 1.0 1.0
241.83114789817301 35.652975536593964 4.0 4.0 4.0 4.0 None None 2.0 2.0 4.0 None 2.0 None 0.0 None 185.0416676343196 177.54734859185118 205.62820680724275 204.61764036198025 None None 140.09129783101122 140.09129783101122 239.24737834549688 None 119.99995711127343 None 29.99995711127343 None 1.0 1.0 1.0 1.0 0.0 0.0 1.0 1.0 1.0 0.0 1.0 1.0 1.0 1.0
355.13649025176494 24.27798955237648 3.0 3.0 3.0 3.0 None None 2.0 2.0 3.0 4.0 1.0 None 0.0 None 187.4116304064977 168.83493353562397 208.21083076300903 208.2544895208888 None None 135.56115000792727 135.56115000792727 206.92724153203721 308.4064984168198 99.99991904734736 None 29.999919047347362 None 1.0 1.0 1.0 1.0 0.0 0.0 1.0 1.0 1.0 1.0 1.0 1.0 1.0 1.0
222.97304779710794 38.66835066023541 3.0 3.0 4.0 5.0 None None 3.0 3.0 5.0 None 2.0 None 1.0 None 187.92836395422933 180.65316238057255 210.13969259201104 226.88233226376485 None None 131.38939806750454 131.38939806750454 224.65276901758057 None 119.9999296590463 None 29.999929659046302 None 1.0 1.0 1.0 1.0 0.0 0.0 1.0 1.0 1.0 0.0 1.0 1.0 1.0 1.0
218.1737540241931 39.518960649336 4.0 4.0 4.0 5.0 None None 3.0 3.0 None None 2.0 None 0.0 None 188.66896117943287 173.9338695610448 211.88924936206985 219.07714988428 None None 147.85613475091372 147.85613475091372 None None 109.99997945234298 None 29.999979452342984 None 1.0 1.0 1.0 1.0 0.0 0.0 1.0 1.0 0.0 0.0 1.0 1.0 1.0 1.0
247.9229627822944 34.776931927726004 3.0 3.0 3.0 3.0 None None 2.0 2.0 4.0 None 2.0 None 0.0 None 181.38657489075536 168.47271708690687 204.13380908976262 200.78470333722782 None None 130.33981972124968 130.33981972124968 207.40680265260914 None 99.99998810855408 None 29.999988108554078 None 1.0 1.0 1.0 1.0 0.0 0.0 1.0 1.0 1.0 0.0 1.0 1.0 1.0 1.0
223.77500569332017 38.52977222941647 4.0 3.0 4.0 4.0 None None 3.0 3.0 5.0 None 2.0 None 1.0 None 184.133191762833 171.4548749462105 205.70315422034588 208.0681366794821 None None 128.7218973011428 128.7218973011428 224.8534261540018 None 99.99995704941057 None 29.99995704941057 None 1.0 1.0 1.0 1.0 0.0 0.0 1.0 1.0 1.0 0.0 1.0 1.0 1.0 1.0
320.4845388379013 26.903013890354764 3.0 2.0 3.0 3.0 None None 2.0 2.0 3.0 4.0 2.0 None 0.0 None 184.82101587972562 148.67904857462673 209.85357554618622 177.36258245502012 None None 130.12716355237018 130.12716355237018 214.98112037992627 318.65704816846556 109.99991623346301 None 29.99991623346301 None 1.0 1.0 1.0 1.0 0.0 0.0 1.0 1.0 1.0 1.0 1.0 1.0 1.0 1.0
259.526785768991 33.222004327809856 3.0 3.0 4.0 4.0 None None 2.0 2.0 4.0 4.0 2.0 None 0.0 None 189.42060845663485 175.2875108841804 210.2369940213656 216.09431222450928 None None 134.52129965030798 134.52129965030798 229.75477095259646 216.61041289046943 99.99998190380165 None 29.999981903801654 None 1.0 1.0 1.0 1.0 0.0 0.0 1.0 1.0 1.0 1.0 1.0 1.0 1.0 1.0
263.5355472525621 32.7166490057488 3.0 3.0 4.0 4.0 None None 2.0 2.0 4.0 4.0 1.0 None 0.0 None 187.41190237372513 170.17350215202953 208.0276809707484 213.79825123897444 None None 136.28776497845166 136.28776497845166 231.06292983383764 203.9240469700424 99.99998817672815 None 29.999988176728152 None 1.0 1.0 1.0 1.0 0.0 0.0 1.0 1.0 1.0 1.0 1.0 1.0 1.0 1.0
256.25726928040115 33.64587480468957 3.0 3.0 4.0 4.0 None None 2.0 2.0 4.0 4.0 2.0 None 0.0 None 182.59798148154727 167.6692642574963 204.6229858419997 204.99170759182158 None None 130.30760151086622 130.30760151086622 231.20443445934802 252.13547061772124 109.99998530121297 None 29.999985301212973 None 1.0 1.0 1.0 1.0 0.0 0.0 1.0 1.0 1.0 1.0 1.0 1.0 1.0 1.0
266.70210917039304 32.328203278255664 3.0 3.0 3.0 3.0 None None 2.0 2.0 3.0 None 2.0 None 0.0 None 176.76423049517473 170.68565956242082 196.55107181920124 210.06958870152852 None None 128.8919946915566 128.8919946915566 194.67326401496734 None 119.99998632651881 None 29.99998632651881 None 1.0 1.0 1.0 1.0 0.0 0.0 1.0 1.0 1.0 0.0 1.0 1.0 1.0 1.0
253.51552903510935 34.00975093248012 3.0 3.0 4.0 3.0 None None 3.0 3.0 5.0 None 2.0 None 1.0 None 198.67309295749618 169.8097122683252 217.51562864100526 197.6111498743757 None None 149.57572002441628 149.57572002441628 274.79914782749825 None 109.99999480902852 None 29.99999480902852 None 1.0 1.0 1.0 1.0 0.0 0.0 1.0 1.0 1.0 0.0 1.0 1.0 1.0 1.0
281.7882318713741 30.59744526143173 3.0 3.0 3.0 3.0 None None 2.0 2.0 3.0 None 2.0 None 1.0 None 185.66316488223322 193.33631037595455 208.0614674793619 216.54586945778368 None None 135.01388298865703 135.01388298865703 230.92664348882403 None 149.99990183706763 None 29.999901837067625 None 1.0 1.0 1.0 1.0 0.0 0.0 1.0 1.0 1.0 0.0 1.0 1.0 1.0 1.0
289.8284006844378 29.748637399367723 3.0 3.0 3.0 3.0 None None 2.0 2.0 4.0 None 1.0 None 0.0 None 190.2146530737191 179.50997365980328 212.21934067180024 218.38033117242168 None None 131.73409284149233 131.73409284149233 245.1002633898708 None 109.99998249888864 None 29.99998249888864 None 1.0 1.0 1.0 1.0 0.0 0.0 1.0 1.0 1.0 0.0 1.0 1.0 1.0 1.0
287.2844256822727 30.012068978412543 3.0 3.0 3.0 3.0 None None 2.0 2.0 3.0 3.0 2.0 None 0.0 None 182.77403445504848 173.4896446805327 208.22907681340786 212.66367466626474 None None 120.8424525457608 120.8424525457608 204.48597345905654 215.56699422637 129.99991255661206 None 29.99991255661206 None 1.0 1.0 1.0 1.0 0.0 0.0 1.0 1.0 1.0 1.0 1.0 1.0 1.0 1.0
289.0795978415658 29.825695290766973 3.0 3.0 3.0 3.0 None None 3.0 3.0 4.0 5.0 2.0 None 0.0 None 187.96303264060197 168.4533891986726 212.66334298874824 210.24054025465864 None None 142.82508423288328 142.82508423288328 249.58314907608258 316.7570876423391 119.9999432325609 None 29.999943232560895 None 1.0 1.0 1.0 1.0 0.0 0.0 1.0 1.0 1.0 1.0 1.0 1.0 1.0 1.0
239.0690325189533 36.06489685909634 3.0 3.0 3.0 3.0 None None 2.0 2.0 4.0 None 2.0 None 0.0 None 181.5465420236123 139.1164336257894 202.33357017577924 179.77686945501853 None None 127.79229633507418 127.79229633507418 224.01141484798785 None 99.99999878717784 None 29.999998787177844 None 1.0 1.0 1.0 1.0 0.0 0.0 1.0 1.0 1.0 0.0 1.0 1.0 1.0 1.0
260.2055772697319 33.13533895187167 3.0 3.0 4.0 4.0 None None 3.0 3.0 4.0 None 2.0 None 1.0 None 186.19834137638946 178.52312166602917 201.36441165710892 217.30584606385372 None None 135.0913008423227 135.0913008423227 224.1954725592853 None 109.99997642221132 None 29.99997642221132 None 1.0 1.0 1.0 1.0 0.0 0.0 1.0 1.0 1.0 0.0 1.0 1.0 1.0 1.0
206.7770594056966 41.69708199149711 4.0 3.0 5.0 4.0 None None 3.0 3.0 None None 2.0 None 0.0 None 190.44050961709075 160.01063207952473 212.43986700512937 195.2885699530973 None None 146.0352280060606 146.0352280060606 None None 109.99999184656338 None 29.999991846563375 None 1.0 1.0 1.0 1.0 0.0 0.0 1.0 1.0 0.0 0.0 1.0 1.0 1.0 1.0
257.78874212912586 33.445991197246535 4.0 3.0 4.0 4.0 None None 3.0 3.0 4.0 5.0 2.0 None 0.0 None 188.09296933744565 179.81975846841618 207.49175267341172 223.8703915908572 None None 144.54021031963242 144.54021031963242 249.85342828996153 283.7563116578394 119.99997307469545 None 29.999973074695447 None 1.0 1.0 1.0 1.0 0.0 0.0 1.0 1.0 1.0 1.0 1.0 1.0 1.0 1.0
242.130736091794 35.608862134426914 3.0 3.0 4.0 4.0 None None 2.0 2.0 5.0 4.0 2.0 None 0.0 None 190.65557218928137 170.8703107865665 210.04257562422504 221.96068273501942 None None 132.92259290021786 132.92259290021786 247.1779195911705 213.18749087376727 129.99999917952323 None 29.99999917952323 None 1.0 1.0 1.0 1.0 0.0 0.0 1.0 1.0 1.0 1.0 1.0 1.0 1.0 1.0
237.01791681364898 36.376996793786226 3.0 3.0 4.0 4.0 None None 2.0 2.0 5.0 None 2.0 None 0.0 None 187.20620529086608 183.59327790382252 209.84208204975158 216.70389846601267 None None 138.2710010629251 138.2710010629251 255.767329662948 None 119.99997556893766 None 29.999975568937657 None 1.0 1.0 1.0 1.0 0.0 0.0 1.0 1.0 1.0 0.0 1.0 1.0 1.0 1.0
253.29900350771425 34.0388232113097 3.0 3.0 4.0 3.0 None None 3.0 3.0 4.0 5.0 3.0 None 0.0 None 187.78784492214385 163.9573613947133 206.16409671027458 204.95199352734494 None None 137.30017215274898 137.30017215274898 222.85271551739106 270.64356179025503 129.9999011948653 None 29.999901194865288 None 1.0 1.0 1.0 1.0 0.0 0.0 1.0 1.0 1.0 1.0 1.0 1.0 1.0 1.0
230.92075320522963 37.33748431149989 3.0 3.0 4.0 4.0 None None 2.0 2.0 5.0 None 1.0 None 0.0 None 184.6436758060371 157.7467225089655 207.0818792204334 205.86959144750926 None None 129.50121371512307 129.50121371512307 253.71837985213745 None 99.99990254134741 None 29.99990254134741 None 1.0 1.0 1.0 1.0 0.0 0.0 1.0 1.0 1.0 0.0 1.0 1.0 1.0 1.0
253.1843582838565 34.054236440362885 4.0 3.0 4.0 4.0 None None 2.0 2.0 4.0 4.0 2.0 None 0.0 None 190.43826766647186 186.78210732892455 208.41639849144593 224.77082807456276 None None 132.68922137783426 132.68922137783426 236.9397919287474 236.9397919287474 119.9999181160054 None 29.999918116005404 None 1.0 1.0 1.0 1.0 0.0 0.0 1.0 1.0 1.0 1.0 1.0 1.0 1.0 1.0
283.33314384900854 30.430608586317604 3.0 2.0 3.0 3.0 None None 2.0 2.0 3.0 4.0 1.0 None 0.0 None 186.61819115419712 171.06542987206774 208.25992578058924 206.97649348389547 None None 135.66101658835913 135.66101658835913 226.65841994307976 262.2354957521316 109.99998822584422 None 29.99998822584422 None 1.0 1.0 1.0 1.0 0.0 0.0 1.0 1.0 1.0 1.0 1.0 1.0 1.0 1.0
236.0691563832019 36.523195711362824 3.0 3.0 4.0 5.0 None None 2.0 2.0 4.0 None 2.0 None 1.0 None 188.2179142185878 190.46849884956168 208.0644493674303 243.75456371333433 None None 137.11204434699636 137.11204434699636 222.2464971148932 None 139.9999500071345 None 29.999950007134487 None 1.0 1.0 1.0 1.0 0.0 0.0 1.0 1.0 1.0 0.0 1.0 1.0 1.0 1.0
266.4616085919367 32.357381784044776 3.0 3.0 3.0 3.0 None None 2.0 2.0 4.0 3.0 2.0 None 0.0 2.0 187.0402170388616 173.71081104273287 209.45580046232465 206.8596032191395 None None 135.8768046629233 135.8768046629233 232.98391850272247 184.6443816113843 119.9999762542023 None 29.999976254202295 139.9999762542023 1.0 1.0 1.0 1.0 0.0 0.0 1.0 1.0 1.0 1.0 1.0 1.0 1.0 1.0
251.9639606809239 34.21917950765396 3.0 3.0 4.0 4.0 None None 2.0 2.0 4.0 5.0 2.0 None 0.0 None 186.24410170264036 170.68922321566214 209.47992530539483 208.26818296975569 None None 147.1960937879632 147.1960937879632 231.37215472973304 259.2598902163567 99.99998352719928 None 29.999983527199277 None 1.0 1.0 1.0 1.0 0.0 0.0 1.0 1.0 1.0 1.0 1.0 1.0 1.0 1.0
291.1240962378703 29.616236207926868 3.0 3.0 4.0 4.0 None None 2.0 2.0 4.0 4.0 2.0 None 0.0 None 189.66184100417382 185.30649734449707 207.25836294714458 232.81926779462935 None None 144.84195477247448 144.84195477247448 234.12634770592297 282.44282204184196 119.99992131891861 None 29.99992131891861 None 1.0 1.0 1.0 1.0 0.0 0.0 1.0 1.0 1.0 1.0 1.0 1.0 1.0 1.0
228.93235312338186 37.661780357244744 4.0 3.0 4.0 4.0 None None 2.0 2.0 None None 2.0 None 0.0 None 188.24436753372203 161.81255629621035 211.57354519254346 199.66094697296666 None None 124.81947739647728 124.81947739647728 None None 119.99992536009984 None 29.999925360099837 None 1.0 1.0 1.0 1.0 0.0 0.0 1.0 1.0 0.0 0.0 1.0 1.0 1.0 1.0
218.15568849249604 39.522233225179335 4.0 4.0 4.0 4.0 None None 3.0 3.0 5.0 5.0 3.0 None 1.0 None 186.0826116958312 178.32450843951932 206.60717421479063 205.31170084749903 None None 140.56249666228706 140.56249666228706 239.1155119980063 243.01660017725334 109.99998138763664 None 29.999981387636637 None 1.0 1.0 1.0 1.0 0.0 0.0 1.0 1.0 1.0 1.0 1.0 1.0 1.0 1.0
214.83395150452543 40.133321291250276 4.0 3.0 4.0 4.0 None None 3.0 3.0 5.0 None 2.0 None 0.0 None 184.87708585236248 166.8832401276947 210.10499157502522 214.74924554154404 None None 134.99653879473567 134.99653879473567 244.29191748832636 None 99.99991629327019 None 29.99991629327019 None 1.0 1.0 1.0 1.0 0.0 0.0 1.0 1.0 1.0 0.0 1.0 1.0 1.0 1.0
257.95698452329214 33.424177352412336 3.0 3.0 4.0 3.0 None None 3.0 3.0 4.0 5.0 2.0 None 1.0 None 189.54758273499192 167.30580128716332 207.5734610497779 194.04142058439527 None None 141.04405258733766 141.04405258733766 228.53268641135378 266.6062264106514 109.99999452327177 None 29.999994523271766 None 1.0 1.0 1.0 1.0 0.0 0.0 1.0 1.0 1.0 1.0 1.0 1.0 1.0 1.0
216.6573666384395 39.79555430666939 4.0 3.0 4.0 4.0 None None 3.0 3.0 None None 2.0 None 0.0 None 187.8614017553977 160.98924475385633 210.28130528783487 193.42099133996214 None None 146.30106399686866 146.30106399686866 None None 99.99992922431761 None 29.99992922431761 None 1.0 1.0 1.0 1.0 0.0 0.0 1.0 1.0 0.0 0.0 1.0 1.0 1.0 1.0
244.41160498927303 35.27655734832399 3.0 3.0 4.0 3.0 None None 3.0 3.0 4.0 4.0 2.0 None 0.0 None 182.59228780608981 155.46254410405203 201.5924989783042 186.22786641586242 None None 135.0739333223438 135.0739333223438 234.66160600459142 209.35276818537562 109.99992304975541 None 29.99992304975541 None 1.0 1.0 1.0 1.0 0.0 0.0 1.0 1.0 1.0 1.0 1.0 1.0 1.0 1.0
299.4781132518982 28.790083877508035 2.0 2.0 3.0 2.0 None None 2.0 2.0 3.0 2.0 1.0 None 1.0 2.0 184.80840293587227 158.5059567947198 205.43836645666028 196.398572555797 None None 129.76158933353588 129.76158933353588 212.75293640526309 169.3868386211995 99.99994654131012 None 29.999946541310123 119.99994654131012 1.0 1.0 1.0 1.0 0.0 0.0 1.0 1.0 1.0 1.0 1.0 1.0 1.0 1.0
233.1164062329094 36.98581382292611 3.0 3.0 4.0 4.0 None None 3.0 3.0 5.0 None 2.0 None 0.0 None 188.26491957628377 181.4866000090072 212.52620498508827 227.25770520352432 None None 147.80565494375725 147.80565494375725 246.35740209892083 None 119.99996696994754 None 29.999966969947536 None 1.0 1.0 1.0 1.0 0.0 0.0 1.0 1.0 1.0 0.0 1.0 1.0 1.0 1.0
236.92963180367354 36.39055163494462 4.0 3.0 4.0 4.0 None None 2.0 2.0 4.0 None 1.0 None 0.0 None 182.8308409219348 159.18580293532432 204.42670007823875 193.46965840062808 None None 121.41059587942533 121.41059587942533 232.9923693445865 None 99.99990584775315 None 29.999905847753155 None 1.0 1.0 1.0 1.0 0.0 0.0 1.0 1.0 1.0 0.0 1.0 1.0 1.0 1.0
221.52674763953468 38.92080794699158 3.0 3.0 4.0 4.0 None None 3.0 3.0 None 5.0 2.0 None 0.0 None 185.05488968334225 173.3467522056589 204.75056707851485 216.38564229237562 None None 147.81443342963507 147.81443342963507 None 222.55596660358873 119.99995047016893 None 29.999950470168926 None 1.0 1.0 1.0 1.0 0.0 0.0 1.0 1.0 0.0 1.0 1.0 1.0 1.0 1.0
287.42747831752433 29.99713197384413 3.0 3.0 3.0 3.0 None None 2.0 2.0 3.0 4.0 1.0 None 0.0 5.0 187.3623363256154 174.30059052318956 206.34859290258862 215.84370556181386 None None 127.01953375233859 127.01953375233859 218.16174785234318 241.77760269102725 109.99990023059934 None 29.999900230599337 309.99990023059934 1.0 1.0 1.0 1.0 0.0 0.0 1.0 1.0 1.0 1.0 1.0 1.0 1.0 1.0
260.3102833484793 33.12201073692377 3.0 3.0 4.0 4.0 None None 3.0 3.0 4.0 None 3.0 None 1.0 None 185.7953554509591 190.11817596952017 209.18297721638157 226.77605587237326 None None 146.84444919737012 146.84444919737012 254.36626553125063 None 139.9999008083222 None 29.999900808322195 None 1.0 1.0 1.0 1.0 0.0 0.0 1.0 1.0 1.0 0.0 1.0 1.0 1.0 1.0
262.4146321221604 32.85639954705822 3.0 3.0 3.0 3.0 None None 2.0 2.0 3.0 5.0 1.0 None 0.0 None 187.22700818384527 162.79600380950387 210.45349136716897 191.71307412002858 None None 127.99448714938194 127.99448714938194 214.25387146137228 271.2077453681325 99.99991076404336 None 29.999910764043364 None 1.0 1.0 1.0 1.0 0.0 0.0 1.0 1.0 1.0 1.0 1.0 1.0 1.0 1.0
257.4595438357065 33.48875660830808 3.0 3.0 3.0 3.0 None None 2.0 2.0 4.0 None 2.0 None 0.0 None 188.84444524550378 173.36751089022516 210.04821676855596 210.04821676855596 None None 148.08028806364598 148.08028806364598 256.52786362225385 None 109.99992852201666 None 29.99992852201666 None 1.0 1.0 1.0 1.0 0.0 0.0 1.0 1.0 1.0 0.0 1.0 1.0 1.0 1.0
299.2898360683324 28.808195137075977 3.0 2.0 3.0 3.0 None None 2.0 2.0 3.0 None 1.0 None 1.0 None 183.415733504041 164.2581982178251 205.47858050035785 195.1627159683842 None None 136.25890921224192 136.25890921224192 208.7516213780869 None 119.99999649117899 None 29.99999649117899 None 1.0 1.0 1.0 1.0 0.0 0.0 1.0 1.0 1.0 0.0 1.0 1.0 1.0 1.0
228.59416353523022 37.71749841142031 4.0 4.0 4.0 4.0 None None 2.0 2.0 5.0 None 3.0 None 1.0 None 184.9631179086462 187.32024355757488 208.27790096139825 226.229545663895 None None 135.4352806557373 135.4352806557373 241.53903817475748 None 139.99993504495058 None 29.999935044950576 None 1.0 1.0 1.0 1.0 0.0 0.0 1.0 1.0 1.0 0.0 1.0 1.0 1.0 1.0
234.4529252249535 36.77497302167308 3.0 4.0 4.0 5.0 None None 3.0 3.0 5.0 2.0 2.0 None 0.0 2.0 183.0306234500611 194.3267903321164 205.05067808444682 236.29507524556874 None None 135.50784311011057 135.50784311011057 237.3170072311744 116.84859229300247 119.99998770792598 None 29.999987707925982 109.99998770792598 1.0 1.0 1.0 1.0 0.0 0.0 1.0 1.0 1.0 1.0 1.0 1.0 1.0 1.0
267.50499167604846 32.23117425203541 3.0 3.0 3.0 3.0 None None 2.0 2.0 3.0 4.0 2.0 None 0.0 2.0 188.1888673025265 173.8873290076408 212.8284030512441 210.4050557278661 None None 133.86419636717727 133.86419636717727 219.4385140143835 248.20593567520928 109.99998590151472 None 29.99998590151472 139.99998590151472 1.0 1.0 1.0 1.0 0.0 0.0 1.0 1.0 1.0 1.0 1.0 1.0 1.0 1.0
234.5657370580306 36.75728649946412 4.0 4.0 4.0 4.0 None None 3.0 3.0 4.0 None 3.0 None 0.0 None 183.0376060811849 177.36968273716866 205.65946025740288 217.37117169253173 None None 140.86050635845152 140.86050635845152 233.37723510539007 None 129.99998579482752 None 29.999985794827523 None 1.0 1.0 1.0 1.0 0.0 0.0 1.0 1.0 1.0 0.0 1.0 1.0 1.0 1.0
250.3148775811312 34.444616649705395 3.0 3.0 4.0 4.0 None None 2.0 2.0 4.0 None 2.0 None 0.0 None 186.0049536147925 183.58135297764932 205.36432905434992 214.82989135122602 None None 148.2521540127608 148.2521540127608 249.7546431064144 None 99.99997874942119 None 29.99997874942119 None 1.0 1.0 1.0 1.0 0.0 0.0 1.0 1.0 1.0 0.0 1.0 1.0 1.0 1.0
277.2255528498218 31.101029148891975 3.0 3.0 3.0 3.0 None None 2.0 2.0 3.0 4.0 2.0 None 0.0 None 185.5655123764804 173.5151828328335 210.83430668175134 212.67928129415117 None None 129.7108403008437 129.7108403008437 212.67928129415117 272.31869110728604 109.99996738654744 None 29.99996738654744 None 1.0 1.0 1.0 1.0 0.0 0.0 1.0 1.0 1.0 1.0 1.0 1.0 1.0 1.0
238.1951324271979 36.19721323497336 4.0 4.0 4.0 4.0 None None 3.0 3.0 5.0 None 3.0 None 0.0 None 191.2196717922301 172.15369335305593 213.63128005342776 219.27891849981427 None None 146.7018242733172 146.7018242733172 239.24577940057327 None 109.9999025685214 None 29.999902568521406 None 1.0 1.0 1.0 1.0 0.0 0.0 1.0 1.0 1.0 0.0 1.0 1.0 1.0 1.0
227.49700576463903 37.89939991087197 3.0 3.0 4.0 3.0 None None 2.0 2.0 5.0 None 2.0 None 0.0 None 181.11609332256467 153.5318711887847 204.11890425707736 198.58986172334153 None None 131.1386047375501 131.1386047375501 241.10444570882595 None 99.99999328050222 None 29.999993280502224 None 1.0 1.0 1.0 1.0 0.0 0.0 1.0 1.0 1.0 0.0 1.0 1.0 1.0 1.0
250.32824326890494 34.44277756041362 3.0 2.0 4.0 3.0 None None 2.0 2.0 4.0 None 2.0 None 0.0 None 185.79150331258086 149.44225258599772 210.9776178551632 194.2268665016187 None None 135.14810465399 135.14810465399 230.26504881141346 None 109.99996400109666 None 29.999964001096657 None 1.0 1.0 1.0 1.0 0.0 0.0 1.0 1.0 1.0 0.0 1.0 1.0 1.0 1.0
212.9723065423545 40.484136834407224 4.0 4.0 4.0 5.0 None None 2.0 2.0 None None 2.0 None 0.0 None 186.4255438255609 199.77784475370544 207.05139573690366 236.82522129756495 None None 141.37401201355846 141.37401201355846 None None 129.99993715936063 None 29.999937159360627 None 1.0 1.0 1.0 1.0 0.0 0.0 1.0 1.0 0.0 0.0 1.0 1.0 1.0 1.0
260.6749199842855 33.07567908918805 3.0 3.0 3.0 3.0 None None 2.0 2.0 4.0 4.0 1.0 None 0.0 None 184.38478394524708 152.29069849018214 205.584818544018 193.4882828384898 None None 141.73593702218614 141.73593702218614 215.79947298668304 215.79947298668304 99.9999568858338 None 29.999956885833797 None 1.0 1.0 1.0 1.0 0.0 0.0 1.0 1.0 1.0 1.0 1.0 1.0 1.0 1.0
304.31826432833697 28.33218051841114 2.0 2.0 3.0 3.0 None None 2.0 2.0 3.0 2.0 2.0 None 0.0 1.0 184.78322873380608 188.21802949998164 211.05083376269835 211.7040886251806 None None 133.7928455010997 133.7928455010997 226.10983542017203 189.5684973565754 119.99997976298829 None 29.99997976298829 49.99997976298829 1.0 1.0 1.0 1.0 0.0 0.0 1.0 1.0 1.0 1.0 1.0 1.0 1.0 1.0
210.38619016186533 40.98177733703182 4.0 4.0 4.0 5.0 None None 3.0 3.0 5.0 None 2.0 None 0.0 None 184.59154263637015 191.4404999786306 209.18294462233223 238.47652253988065 None None 134.25287823191354 134.25287823191354 238.57378123137437 None 119.99997373629321 None 29.999973736293214 None 1.0 1.0 1.0 1.0 0.0 0.0 1.0 1.0 1.0 0.0 1.0 1.0 1.0 1.0
242.65543115537508 35.5318649120993 3.0 3.0 4.0 4.0 None None 2.0 2.0 4.0 5.0 1.0 None 0.0 None 185.44303043780116 182.38448766686224 204.4046797078435 220.95950938233517 None None 136.97937793713095 136.97937793713095 225.5224794508868 245.9291265372778 109.999911082452 None 29.999911082452 None 1.0 1.0 1.0 1.0 0.0 0.0 1.0 1.0 1.0 1.0 1.0 1.0 1.0 1.0
332.780528140488 25.908967835882816 2.0 2.0 3.0 3.0 None None 1.0 1.0 3.0 2.0 1.0 None 0.0 1.0 187.61339575769807 172.472787801248 213.8882042092918 211.46370208166962 None None 133.3645757382879 133.3645757382879 231.6292450458056 188.5557458710922 119.99994428078315 None 29.999944280783154 139.99994428078315 1.0 1.0 1.0 1.0 0.0 0.0 1.0 1.0 1.0 1.0 1.0 1.0 1.0 1.0
267.7142963967141 32.2059752357171 3.0 2.0 3.0 3.0 None None 2.0 2.0 4.0 3.0 1.0 None 0.0 0.0 186.97003667750323 164.7976094709635 208.21901277640956 207.0064117961249 None None 139.28631642326206 139.28631642326206 242.07680363605084 186.97003667750323 109.99995295778626 None 29.999952957786263 49.99995295778626 1.0 1.0 1.0 1.0 0.0 0.0 1.0 1.0 1.0 1.0 1.0 1.0 1.0 1.0
287.94588964672414 29.943125809429624 3.0 3.0 4.0 4.0 None None 2.0 2.0 4.0 5.0 2.0 None 0.0 None 184.45620080762802 181.6796169250623 209.4102863271156 208.58003166101776 None None 139.52574611935614 139.52574611935614 235.84434300235546 300.605848183326 119.99995819914034 None 29.999958199140337 None 1.0 1.0 1.0 1.0 0.0 0.0 1.0 1.0 1.0 1.0 1.0 1.0 1.0 1.0
278.65442254131466 30.94155090512393 3.0 3.0 4.0 4.0 None None 2.0 2.0 4.0 None 2.0 None 0.0 None 185.85928618611848 172.6791720932564 212.06333224673216 216.65323861356575 None None 135.52463186476723 135.52463186476723 232.35403656769785 None 119.99990123064998 None 29.999901230649982 None 1.0 1.0 1.0 1.0 0.0 0.0 1.0 1.0 1.0 0.0 1.0 1.0 1.0 1.0
251.485920825241 34.28422542187352 3.0 3.0 4.0 4.0 None None 3.0 3.0 4.0 4.0 1.0 None 0.0 None 188.60064890561432 176.8768617679055 206.2075737940229 203.69537645012673 None None 141.33601507376648 141.33601507376648 230.232830115983 230.232830115983 99.99994807196776 None 29.999948071967765 None 1.0 1.0 1.0 1.0 0.0 0.0 1.0 1.0 1.0 1.0 1.0 1.0 1.0 1.0
218.96773433209313 39.375664301862905 4.0 4.0 4.0 4.0 None None 3.0 3.0 None None 2.0 None 1.0 None 189.3109055737374 164.89259999903754 212.3280656005996 204.00780222671284 None None 148.61077450887217 148.61077450887217 None None 109.99995813500544 None 29.999958135005443 None 1.0 1.0 1.0 1.0 0.0 0.0 1.0 1.0 0.0 0.0 1.0 1.0 1.0 1.0
231.02389606712848 37.32081462904041 4.0 3.0 4.0 4.0 None None 3.0 3.0 4.0 None 2.0 None 0.0 None 187.3770024578713 165.60715052125516 208.97044158706575 204.0447309650292 None None 133.57019729575944 133.57019729575944 230.8125757181473 None 109.99994147863731 None 29.99994147863731 None 1.0 1.0 1.0 1.0 0.0 0.0 1.0 1.0 1.0 0.0 1.0 1.0 1.0 1.0
230.11640632914776 37.467993427932704 4.0 3.0 4.0 4.0 None None 3.0 3.0 5.0 3.0 2.0 None 0.0 1.0 188.22963347152108 170.15682946487118 207.510966802827 217.9000631228991 None None 141.59237795127734 141.59237795127734 247.55516314250423 139.9454819251576 99.99999874683243 None 29.999998746832432 59.99999874683243 1.0 1.0 1.0 1.0 0.0 0.0 1.0 1.0 1.0 1.0 1.0 1.0 1.0 1.0
245.48288941227327 35.122610869712744 3.0 3.0 3.0 3.0 None None 2.0 2.0 4.0 None 3.0 None 0.0 None 186.78432194054943 177.85204992595186 210.59677989783864 206.04308364219327 None None 126.9147177242462 126.9147177242462 238.5747816040291 None 139.99993164516945 None 29.999931645169454 None 1.0 1.0 1.0 1.0 0.0 0.0 1.0 1.0 1.0 0.0 1.0 1.0 1.0 1.0
229.67424903850406 37.5401249208158 3.0 4.0 4.0 5.0 None None 3.0 3.0 5.0 3.0 2.0 None 0.0 None 187.43631294099873 198.43880395562718 209.33713889782598 239.12386774893264 None None 140.31688932825705 140.31688932825705 236.00161001162735 187.43631294099873 129.9999524660618 None 29.999952466061814 None 1.0 1.0 1.0 1.0 0.0 0.0 1.0 1.0 1.0 1.0 1.0 1.0 1.0 1.0
250.4719766426087 34.423012568397965 3.0 3.0 4.0 4.0 None None 3.0 3.0 4.0 None 2.0 None 0.0 None 185.01025112074484 161.40418862939026 203.10263685114967 203.68234948672 None None 148.4035835486008 148.4035835486008 248.04396508735334 None 109.99996911795841 None 29.999969117958415 None 1.0 1.0 1.0 1.0 0.0 0.0 1.0 1.0 1.0 0.0 1.0 1.0 1.0 1.0
224.8453182569508 38.34636214282599 4.0 3.0 4.0 4.0 None None 2.0 2.0 None None 2.0 None 0.0 None 190.60321131595185 175.51205902643954 211.41363885101208 211.71148754782644 None None 148.632851594484 148.632851594484 None None 109.99995620159382 None 29.999956201593818 None 1.0 1.0 1.0 1.0 0.0 0.0 1.0 1.0 0.0 0.0 1.0 1.0 1.0 1.0
268.63375581554527 32.095743045487595 3.0 3.0 3.0 3.0 None None 3.0 3.0 4.0 None 2.0 None 0.0 None 185.79140041956362 149.91359555926613 207.6807850391769 173.87311434312062 None None 144.9440787513809 144.9440787513809 234.77152258476593 None 99.99998028597469 None 29.999980285974686 None 1.0 1.0 1.0 1.0 0.0 0.0 1.0 1.0 1.0 0.0 1.0 1.0 1.0 1.0
268.6179361102561 32.09763325878969 3.0 2.0 4.0 3.0 None None 2.0 2.0 4.0 None 1.0 None 0.0 None 182.7459452304579 140.72824775587412 205.76199743877623 186.1269208059731 None None 127.55416648866975 127.55416648866975 232.14919872189 None 79.99999537018778 None 29.999995370187776 None 1.0 1.0 1.0 1.0 0.0 0.0 1.0 1.0 1.0 0.0 1.0 1.0 1.0 1.0
284.36178967327953 30.32052938584448 3.0 3.0 3.0 3.0 None None 2.0 2.0 4.0 4.0 2.0 None 0.0 0.0 190.87097618757366 157.35265579844986 214.29917515277475 186.5363641686531 None None 149.24773009494652 149.24773009494652 244.4245659554433 244.4245659554433 109.99994460407868 None 29.999944604078678 39.99994460407868 1.0 1.0 1.0 1.0 0.0 0.0 1.0 1.0 1.0 1.0 1.0 1.0 1.0 1.0
318.8721010852276 27.039054124385522 3.0 3.0 3.0 3.0 None None 3.0 3.0 3.0 5.0 2.0 None 0.0 None 181.97606532557182 163.20034870577234 204.1959976042537 198.43283138270783 None None 133.097302358648 133.097302358648 204.9590982698985 323.34414201778924 119.99990352720414 None 29.99990352720414 None 1.0 1.0 1.0 1.0 0.0 0.0 1.0 1.0 1.0 1.0 1.0 1.0 1.0 1.0
251.54188848538638 34.27659723760444 3.0 3.0 4.0 4.0 None None 2.0 2.0 4.0 5.0 2.0 None 0.0 None 180.78414857042742 176.11174162700365 201.18782677364493 212.35722918143813 None None 134.2045803159827 134.2045803159827 226.986737158849 265.79345977608534 99.99993361769361 None 29.999933617693614 None 1.0 1.0 1.0 1.0 0.0 0.0 1.0 1.0 1.0 1.0 1.0 1.0 1.0 1.0
254.5951609744572 33.865529757123 3.0 3.0 4.0 4.0 None None 2.0 2.0 4.0 5.0 1.0 None 0.0 0.0 188.19754462295157 176.6832044040258 211.42621251624826 210.03918285906593 None None 132.79943521749044 132.79943521749044 224.0897043887091 274.03042351132166 99.99990349526564 None 29.99990349526564 49.99990349526564 1.0 1.0 1.0 1.0 0.0 0.0 1.0 1.0 1.0 1.0 1.0 1.0 1.0 1.0
272.5730480116187 31.63188753582298 3.0 3.0 3.0 3.0 None None 3.0 3.0 4.0 4.0 2.0 None 0.0 None 188.8974273452837 163.21339932054917 212.02254466018627 188.00844862544642 None None 150.59191403869687 150.59191403869687 247.1826934351164 254.311153669681 119.99996912492469 None 29.99996912492469 None 1.0 1.0 1.0 1.0 0.0 0.0 1.0 1.0 1.0 1.0 1.0 1.0 1.0 1.0
255.9788463444819 33.68247073196431 3.0 3.0 4.0 4.0 None None 3.0 3.0 4.0 None 2.0 None 0.0 None 187.2192063768943 165.3167810321023 209.73136007738674 208.20087146548377 None None 146.46344746639426 146.46344746639426 248.4513918660814 None 109.99998084649349 None 29.999980846493486 None 1.0 1.0 1.0 1.0 0.0 0.0 1.0 1.0 1.0 0.0 1.0 1.0 1.0 1.0
239.86056028145737 35.94588451674909 3.0 3.0 4.0 4.0 None None 3.0 3.0 5.0 None 2.0 None 1.0 None 189.24665813942698 172.8164059386786 213.70435370012586 207.76648105026152 None None 143.77897508456977 143.77897508456977 242.49016533187552 None 119.99995472616132 None 29.99995472616132 None 1.0 1.0 1.0 1.0 0.0 0.0 1.0 1.0 1.0 0.0 1.0 1.0 1.0 1.0
281.8554307207602 30.59015034037782 3.0 3.0 3.0 4.0 None None 2.0 2.0 3.0 3.0 2.0 None 0.0 None 184.61106483610757 202.79047171652053 209.83608093264883 243.95661480711715 None None 136.30610174087627 136.30610174087627 210.10500224903853 210.10500224903853 119.99996570543965 None 29.99996570543965 None 1.0 1.0 1.0 1.0 0.0 0.0 1.0 1.0 1.0 1.0 1.0 1.0 1.0 1.0
195.87288968797162 44.018342782071436 4.0 4.0 5.0 5.0 None None 3.0 3.0 None None 3.0 None 1.0 None 192.7173128598963 168.7002461319031 217.34116526862493 204.01025809636712 None None 144.51386160132375 144.51386160132375 None None 119.99991911078911 None 29.999919110789108 None 1.0 1.0 1.0 1.0 0.0 0.0 1.0 1.0 0.0 0.0 1.0 1.0 1.0 1.0
262.0388136624322 32.90352249536273 3.0 3.0 4.0 4.0 None None 2.0 2.0 4.0 5.0 2.0 None 1.0 None 176.33566405076368 179.77023653398294 196.91823020428154 224.58292687015023 None None 133.63068216008605 133.63068216008605 202.59581982862176 270.7082706496943 99.99996497037182 None 29.99996497037182 None 1.0 1.0 1.0 1.0 0.0 0.0 1.0 1.0 1.0 1.0 1.0 1.0 1.0 1.0
216.48740342202888 39.826797604440486 4.0 3.0 4.0 4.0 None None 3.0 3.0 None None 2.0 None 0.0 None 186.94819809629428 162.19788836226672 212.68545013620127 205.82569646641275 None None 136.98556830634436 136.98556830634436 None None 99.99998820265472 None 29.99998820265472 None 1.0 1.0 1.0 1.0 0.0 0.0 1.0 1.0 0.0 0.0 1.0 1.0 1.0 1.0
260.11298273881107 33.14713440758036 3.0 3.0 3.0 4.0 None None 2.0 2.0 4.0 None 2.0 None 0.0 None 189.58746294283299 185.50154256089598 214.4655078505873 220.93320200640835 None None 136.33401570427816 136.33401570427816 223.9180979541503 None 129.999975131253 None 29.999975131252995 None 1.0 1.0 1.0 1.0 0.0 0.0 1.0 1.0 1.0 0.0 1.0 1.0 1.0 1.0
259.3620981293436 33.24309936643178 3.0 3.0 4.0 3.0 None None 2.0 2.0 4.0 5.0 2.0 None 0.0 None 184.21212870613107 147.04421294041612 202.96447531956773 174.71800541768158 None None 137.78378239384006 137.78378239384006 226.64468767721337 280.20037263314657 99.99992082919778 None 29.999920829197777 None 1.0 1.0 1.0 1.0 0.0 0.0 1.0 1.0 1.0 1.0 1.0 1.0 1.0 1.0
313.0377783136241 27.543001507510866 2.0 2.0 3.0 3.0 None None 2.0 2.0 3.0 3.0 2.0 None 0.0 None 186.63270874199316 156.9448559211492 204.6266768132748 193.38961228343243 None None 136.04006091198636 136.04006091198636 216.61624824848406 254.8743523244214 99.99992650262715 None 29.999926502627147 None 1.0 1.0 1.0 1.0 0.0 0.0 1.0 1.0 1.0 1.0 1.0 1.0 1.0 1.0
206.9144614524845 41.669392943711394 4.0 3.0 4.0 4.0 None None 3.0 3.0 None None 2.0 None 0.0 None 185.04477624570802 141.25707922182153 205.63565991397508 170.5399334236318 None None 142.45071302419223 142.45071302419223 None None 79.99990758347974 None 29.99990758347974 None 1.0 1.0 1.0 1.0 0.0 0.0 1.0 1.0 0.0 0.0 1.0 1.0 1.0 1.0
244.36975201679724 35.282599130383986 3.0 3.0 4.0 4.0 None None 3.0 3.0 5.0 None 2.0 None 0.0 1.0 186.23187026524363 174.33413822880482 206.47868289446808 218.85436956374775 None None 150.19095047985462 150.19095047985462 271.449384220318 None 119.99991424469096 None 29.999914244690956 49.999914244690956 1.0 1.0 1.0 1.0 0.0 0.0 1.0 1.0 1.0 0.0 1.0 1.0 1.0 1.0
280.2925849862116 30.76071384629794 3.0 3.0 3.0 4.0 None None 2.0 2.0 3.0 4.0 2.0 None 0.0 None 188.3605291965804 169.52453913025784 210.81462024728484 218.71535823475534 None None 135.56755670448752 135.56755670448752 217.3204632570825 237.2770993495738 99.99990372513861 None 29.99990372513861 None 1.0 1.0 1.0 1.0 0.0 0.0 1.0 1.0 1.0 1.0 1.0 1.0 1.0 1.0
274.4212640957353 31.41884805614811 3.0 3.0 3.0 3.0 None None 3.0 3.0 4.0 5.0 2.0 None 0.0 None 191.66831211637867 165.0296216147578 215.90210791255345 209.66103836276477 None None 150.19267135072153 150.19267135072153 248.6740856242784 305.36056897763615 99.99995088342098 None 29.99995088342098 None 1.0 1.0 1.0 1.0 0.0 0.0 1.0 1.0 1.0 1.0 1.0 1.0 1.0 1.0
243.5691678797404 35.39856901862479 3.0 3.0 4.0 4.0 None None 2.0 2.0 4.0 None 1.0 None 0.0 None 186.9618725829252 168.4040026185802 212.00692790529484 212.00692790529484 None None 134.6172552745931 134.6172552745931 243.0174209253011 None 99.99990705946169 None 29.99990705946169 None 1.0 1.0 1.0 1.0 0.0 0.0 1.0 1.0 1.0 0.0 1.0 1.0 1.0 1.0
286.5362587005291 30.09043267020251 3.0 3.0 3.0 3.0 None None 2.0 2.0 3.0 None 2.0 None 0.0 None 186.42283145048134 169.65712760129173 211.23443641730194 203.2081127783914 None None 143.74085293093793 143.74085293093793 239.33559767440426 None 109.99994437995548 None 29.99994437995548 None 1.0 1.0 1.0 1.0 0.0 0.0 1.0 1.0 1.0 0.0 1.0 1.0 1.0 1.0
232.29857089041786 37.116026874169854 4.0 3.0 4.0 4.0 None None 3.0 3.0 5.0 None 2.0 None 0.0 None 192.2938406525364 158.15808133034204 215.489962644255 204.5883181530126 None None 149.40631805577084 149.40631805577084 256.18294776867833 None 99.9999520318878 None 29.9999520318878 None 1.0 1.0 1.0 1.0 0.0 0.0 1.0 1.0 1.0 0.0 1.0 1.0 1.0 1.0
261.74374136661316 32.940615714373614 3.0 3.0 3.0 3.0 None None 2.0 2.0 4.0 5.0 2.0 None 0.0 None 187.47598590039593 162.56598397899018 212.9235827523808 199.5964621355708 None None 152.6019590653446 152.6019590653446 255.61228549469666 272.41287110230365 109.99991706710676 None 29.999917067106765 None 1.0 1.0 1.0 1.0 0.0 0.0 1.0 1.0 1.0 1.0 1.0 1.0 1.0 1.0
268.9986002007356 32.05221140023026 3.0 3.0 4.0 4.0 None None 2.0 2.0 4.0 4.0 1.0 None 0.0 None 185.0970014231766 193.0317696426178 207.38690870992735 230.3166691923874 None None 127.40156337221379 127.40156337221379 223.78548158469573 246.96408586919597 119.99990196281954 None 29.999901962819536 None 1.0 1.0 1.0 1.0 0.0 0.0 1.0 1.0 1.0 1.0 1.0 1.0 1.0 1.0
264.02137265234103 32.65644714056277 3.0 3.0 4.0 3.0 None None 2.0 2.0 4.0 5.0 2.0 None 0.0 None 185.1844363870723 163.62840252495 203.56669189184754 199.72589490389458 None None 129.06657082546496 129.06657082546496 224.46038261645742 279.99051487919655 99.99992734026296 None 29.999927340262957 None 1.0 1.0 1.0 1.0 0.0 0.0 1.0 1.0 1.0 1.0 1.0 1.0 1.0 1.0
268.2526144893287 32.14134563576822 3.0 3.0 3.0 3.0 None None 2.0 2.0 3.0 None 2.0 None 0.0 None 189.38923830646542 163.97296901505098 214.2244422833046 206.95204587068372 None None 137.5846749707444 137.5846749707444 219.04474010281615 None 109.9999774099847 None 29.999977409984695 None 1.0 1.0 1.0 1.0 0.0 0.0 1.0 1.0 1.0 0.0 1.0 1.0 1.0 1.0
216.87305864085545 39.75597547262955 3.0 3.0 4.0 4.0 None None 3.0 3.0 None None 2.0 None 0.0 None 183.99181906579383 170.68316828739057 199.7684635282144 209.26196088449154 None None 146.0999965147589 146.0999965147589 None None 119.99992554156063 None 29.99992554156063 None 1.0 1.0 1.0 1.0 0.0 0.0 1.0 1.0 0.0 0.0 1.0 1.0 1.0 1.0
247.69498084309794 34.80894110430762 3.0 3.0 4.0 4.0 None None 3.0 3.0 5.0 None 2.0 None 0.0 None 191.29312365353832 177.49081726383304 209.49331145137302 217.0375948923222 None None 153.67843607875693 153.67843607875693 266.49079120542683 None 119.9999320525261 None 29.999932052526106 None 1.0 1.0 1.0 1.0 0.0 0.0 1.0 1.0 1.0 0.0 1.0 1.0 1.0 1.0
238.35616289994374 36.17275884584243 3.0 3.0 4.0 4.0 None None 3.0 3.0 5.0 None 2.0 None 0.0 None 191.88715817933615 168.8904712348542 213.2858769313993 207.42842930732746 None None 149.9418011694193 149.9418011694193 263.62833136836747 None 109.99998714734971 None 29.999987147349714 None 1.0 1.0 1.0 1.0 0.0 0.0 1.0 1.0 1.0 0.0 1.0 1.0 1.0 1.0
266.0345003931712 32.40933032090795 3.0 3.0 4.0 4.0 None None 2.0 2.0 4.0 5.0 2.0 None 0.0 None 180.9934728821467 163.41845647445462 198.78511488561634 201.2083307697248 None None 132.40617225088295 132.40617225088295 228.93465914819814 280.54686295477364 109.9999795805482 None 29.9999795805482 None 1.0 1.0 1.0 1.0 0.0 0.0 1.0 1.0 1.0 1.0 1.0 1.0 1.0 1.0
263.6189634868709 32.70629656515361 3.0 2.0 3.0 4.0 None None 2.0 2.0 4.0 4.0 1.0 None 0.0 None 187.78119696941837 165.8937031774188 208.78303094693393 215.06929350376078 None None 132.49811189207924 132.49811189207924 252.34510157698827 252.34510157698827 99.9999771743299 None 29.9999771743299 None 1.0 1.0 1.0 1.0 0.0 0.0 1.0 1.0 1.0 1.0 1.0 1.0 1.0 1.0
256.886259154278 33.563492373571805 3.0 3.0 4.0 4.0 None None 2.0 2.0 4.0 None 2.0 None 0.0 None 187.049453603114 170.94238117992307 209.2191998630916 198.94535302482853 None None 135.74385038223022 135.74385038223022 248.24901246315125 None 119.99997050599126 None 29.999970505991257 None 1.0 1.0 1.0 1.0 0.0 0.0 1.0 1.0 1.0 0.0 1.0 1.0 1.0 1.0
245.6648373567062 35.096597839441 4.0 4.0 4.0 4.0 None None 3.0 3.0 4.0 None 2.0 None 0.0 None 188.5967918978431 184.96047293706255 210.68970577381077 232.81260861743505 None None 136.2748949707223 136.2748949707223 237.77772035460242 None 119.99991737394163 None 29.999917373941628 None 1.0 1.0 1.0 1.0 0.0 0.0 1.0 1.0 1.0 0.0 1.0 1.0 1.0 1.0
249.9300753789368 34.497648940118836 4.0 3.0 4.0 4.0 None None 3.0 3.0 4.0 None 2.0 None 0.0 None 188.63483989530624 162.40886646796895 205.0210230869439 191.09841086690778 None None 143.5542614287994 143.5542614287994 246.50340200500972 None 99.99993266944381 None 29.999932669443808 None 1.0 1.0 1.0 1.0 0.0 0.0 1.0 1.0 1.0 0.0 1.0 1.0 1.0 1.0
325.65705082273774 26.47570497312261 3.0 2.0 3.0 3.0 None None 2.0 2.0 3.0 3.0 1.0 None 0.0 None 191.87727871506422 164.18937063388472 214.08890562969788 207.1738897800173 None None 149.22687800386768 149.22687800386768 247.28568571005752 247.28568571005752 59.99994809236415 None 29.99994809236415 None 1.0 1.0 1.0 1.0 0.0 0.0 1.0 1.0 1.0 1.0 1.0 1.0 1.0 1.0
240.1527156954881 35.90215490601669 3.0 3.0 4.0 4.0 None None 2.0 2.0 4.0 4.0 1.0 None 0.0 None 183.06145017100079 161.64508830320938 201.86222947357686 212.15682079380457 None None 134.86735409056104 134.86735409056104 216.15316816451406 231.82790282325612 99.99992461988558 None 29.999924619885576 None 1.0 1.0 1.0 1.0 0.0 0.0 1.0 1.0 1.0 1.0 1.0 1.0 1.0 1.0
242.31475413256044 35.58182014489823 3.0 3.0 4.0 3.0 None None 2.0 2.0 4.0 5.0 2.0 None 0.0 None 186.44932696668906 173.29649913896634 211.24940837118123 206.6098306196805 None None 138.15517695633724 138.15517695633724 222.1377818529985 263.2567718710343 129.99995916906562 None 29.99995916906562 None 1.0 1.0 1.0 1.0 0.0 0.0 1.0 1.0 1.0 1.0 1.0 1.0 1.0 1.0
263.05406048515204 32.77653264161138 3.0 3.0 4.0 4.0 None None 2.0 2.0 4.0 3.0 2.0 None 0.0 2.0 186.15662437468615 169.471695575272 209.78153300161586 216.53891457269458 None None 132.71614888278611 132.71614888278611 229.69192612718518 179.80479312542178 99.99997804820316 None 29.99997804820316 99.99997804820316 1.0 1.0 1.0 1.0 0.0 0.0 1.0 1.0 1.0 1.0 1.0 1.0 1.0 1.0
278.8577230077685 30.918993051376972 3.0 3.0 3.0 3.0 None None 3.0 3.0 4.0 5.0 1.0 None 0.0 None 183.82365031948825 139.60682173090424 209.43247765162522 189.4718774804258 None None 136.60694371161782 136.60694371161782 225.40578336772182 300.8675388785497 79.99992386174551 None 29.999923861745515 None 1.0 1.0 1.0 1.0 0.0 0.0 1.0 1.0 1.0 1.0 1.0 1.0 1.0 1.0
285.15683940722715 30.235992297863433 3.0 2.0 3.0 3.0 None None 2.0 2.0 3.0 None 1.0 None 0.0 None 181.16711833583054 169.23712188924287 204.2439636590965 203.37342374235743 None None 139.23312964973428 139.23312964973428 207.51656510709722 None 99.99992531539863 None 29.999925315398627 None 1.0 1.0 1.0 1.0 0.0 0.0 1.0 1.0 1.0 0.0 1.0 1.0 1.0 1.0
223.703676043322 38.542057745757745 4.0 3.0 4.0 4.0 None None 3.0 3.0 None None 2.0 None 0.0 None 185.64232803313348 160.36849809704842 205.42317274315934 192.427028832764 None None 142.55889678186014 142.55889678186014 None None 109.99996392353063 None 29.99996392353063 None 1.0 1.0 1.0 1.0 0.0 0.0 1.0 1.0 0.0 0.0 1.0 1.0 1.0 1.0
286.01883907814675 30.144867477223332 3.0 3.0 4.0 4.0 None None 3.0 3.0 4.0 None 3.0 None 1.0 None 188.22958523065068 192.32081045247634 210.40273869866235 230.80790283909909 None None 141.80399750833715 141.80399750833715 242.722268815753 None 129.9999197395834 None 29.99991973958339 None 1.0 1.0 1.0 1.0 0.0 0.0 1.0 1.0 1.0 0.0 1.0 1.0 1.0 1.0
202.64635959039276 42.54702634395984 4.0 4.0 5.0 5.0 None None 2.0 2.0 None None 2.0 None 0.0 None 189.86712918608907 173.90901434700794 213.47048611360776 208.62344931950037 None None 151.04837864540065 151.04837864540065 None None 109.99990109755697 None 29.99990109755697 None 1.0 1.0 1.0 1.0 0.0 0.0 1.0 1.0 0.0 0.0 1.0 1.0 1.0 1.0
298.68759892835334 28.86628045802522 3.0 2.0 3.0 3.0 None None 2.0 2.0 3.0 None 1.0 None 0.0 None 185.71827883358816 138.77078572651948 207.85511151151513 184.4329570931289 None None 141.8461006802467 141.8461006802467 220.86875218098766 None 99.99991736374938 None 29.999917363749375 None 1.0 1.0 1.0 1.0 0.0 0.0 1.0 1.0 1.0 0.0 1.0 1.0 1.0 1.0
226.91360478469153 37.99684028721434 4.0 4.0 4.0 4.0 None None 3.0 3.0 None None 3.0 None 0.0 None 185.24831248374426 169.88479228386888 210.07544723528588 213.7106308535008 None None 141.46975650757548 141.46975650757548 None None 109.9999639009825 None 29.999963900982493 None 1.0 1.0 1.0 1.0 0.0 0.0 1.0 1.0 0.0 0.0 1.0 1.0 1.0 1.0
241.1451184747507 35.75440404738184 3.0 2.0 4.0 3.0 None None 2.0 2.0 5.0 None 2.0 None 0.0 None 188.05308785714402 153.2930657702941 207.85904576475565 186.73662191231523 None None 143.39185731459435 143.39185731459435 261.68064550569454 None 99.9999238071631 None 29.9999238071631 None 1.0 1.0 1.0 1.0 0.0 0.0 1.0 1.0 1.0 0.0 1.0 1.0 1.0 1.0
235.9152866952129 36.54701702793452 3.0 3.0 4.0 4.0 None None 2.0 2.0 5.0 5.0 2.0 None 0.0 None 186.15658263887997 172.68299147135855 208.63116632362136 211.07771739656312 None None 128.38097511524097 128.38097511524097 243.49585748964807 243.49585748964807 119.99992458383599 None 29.99992458383599 None 1.0 1.0 1.0 1.0 0.0 0.0 1.0 1.0 1.0 1.0 1.0 1.0 1.0 1.0
231.44612662284914 37.25272972076953 4.0 4.0 4.0 4.0 None None 2.0 2.0 5.0 None 2.0 None 0.0 None 180.02900714341416 174.7304152874314 199.35338328933574 211.4725098364267 None None 134.33996805857043 134.33996805857043 246.90917063077285 None 129.99993392561504 None 29.99993392561504 None 1.0 1.0 1.0 1.0 0.0 0.0 1.0 1.0 1.0 0.0 1.0 1.0 1.0 1.0
231.62974168440263 37.22319913367405 4.0 4.0 4.0 4.0 None None 2.0 2.0 5.0 4.0 2.0 None 0.0 None 186.62897336027112 170.28509247036362 209.30432095979512 205.23212915415792 None None 137.4216256264906 137.4216256264906 233.74482808350302 198.30141206335855 119.99991083729725 None 29.99991083729725 None 1.0 1.0 1.0 1.0 0.0 0.0 1.0 1.0 1.0 1.0 1.0 1.0 1.0 1.0
251.55926174905136 34.27423001662754 3.0 3.0 4.0 4.0 None None 2.0 2.0 4.0 None 2.0 None 0.0 None 184.8019698468948 166.64963546644486 205.02514275769107 206.23688606416442 None None 129.70244637559858 129.70244637559858 225.2376760059422 None 119.99996727528554 None 29.99996727528554 None 1.0 1.0 1.0 1.0 0.0 0.0 1.0 1.0 1.0 0.0 1.0 1.0 1.0 1.0
237.05924398939374 36.370655094073264 3.0 3.0 4.0 4.0 None None 2.0 2.0 5.0 None 2.0 None 0.0 None 186.96224304310306 185.7905405838166 209.81418181806322 226.79875919275264 None None 142.7922618339025 142.7922618339025 240.657939076287 None 119.99990065408485 None 29.999900654084854 None 1.0 1.0 1.0 1.0 0.0 0.0 1.0 1.0 1.0 0.0 1.0 1.0 1.0 1.0
260.9798000149067 33.03703964639228 3.0 3.0 3.0 4.0 None None 2.0 2.0 4.0 5.0 2.0 None 0.0 None 187.25141671669394 178.3416377894289 209.23954569223935 221.76797865974527 None None 129.27518789994792 129.27518789994792 224.87367638793717 278.0321879447645 109.99996076686932 None 29.99996076686932 None 1.0 1.0 1.0 1.0 0.0 0.0 1.0 1.0 1.0 1.0 1.0 1.0 1.0 1.0
272.29796576621277 31.66384286323535 3.0 3.0 3.0 3.0 None None 2.0 2.0 3.0 3.0 2.0 None 0.0 4.0 187.22628994784412 181.57966257520775 209.03268890482838 223.37268563801058 None None 136.52815646947158 136.52815646947158 224.1764961295164 183.60383463265396 119.9999205188401 None 29.9999205188401 249.9999205188401 1.0 1.0 1.0 1.0 0.0 0.0 1.0 1.0 1.0 1.0 1.0 1.0 1.0 1.0
249.39171244854725 34.57211915884667 3.0 3.0 4.0 4.0 None None 3.0 3.0 5.0 None 2.0 None 0.0 None 189.07312635460164 162.9941756200559 211.09003948920565 201.8060494805353 None None 150.31777245220968 150.31777245220968 261.9899747024055 None 109.9999828305701 None 29.999982830570104 None 1.0 1.0 1.0 1.0 0.0 0.0 1.0 1.0 1.0 0.0 1.0 1.0 1.0 1.0
240.70173458389888 35.82026533753424 3.0 3.0 4.0 4.0 None None 3.0 3.0 5.0 None 2.0 None 0.0 None 187.46871902564425 179.05490751425293 207.6752661187926 215.95584694235856 None None 146.7519034091954 146.7519034091954 261.5277295010901 None 109.99997917809549 None 29.999979178095487 None 1.0 1.0 1.0 1.0 0.0 0.0 1.0 1.0 1.0 0.0 1.0 1.0 1.0 1.0
273.73065718681676 31.498116026206098 3.0 3.0 4.0 4.0 None None 2.0 2.0 4.0 4.0 2.0 None 0.0 None 188.26605457615335 161.76323538282236 210.70125735528285 196.75088539067173 None None 138.9713444302518 138.9713444302518 233.59258231901833 212.90366952308682 119.99992574676492 None 29.999925746764916 None 1.0 1.0 1.0 1.0 0.0 0.0 1.0 1.0 1.0 1.0 1.0 1.0 1.0 1.0
281.78312849671636 30.597999411808196 3.0 3.0 3.0 3.0 None None 2.0 2.0 4.0 5.0 2.0 None 0.0 None 183.59697982032088 167.59263455207685 207.81691888456538 205.45076934681566 None None 133.97481159677045 133.97481159677045 237.30545609878322 283.18903323982613 109.99991573357033 None 29.999915733570333 None 1.0 1.0 1.0 1.0 0.0 0.0 1.0 1.0 1.0 1.0 1.0 1.0 1.0 1.0
211.12590780003234 40.83819030000959 4.0 3.0 4.0 5.0 None None 3.0 3.0 None None 3.0 None 0.0 None 185.7919856883335 182.36466954260965 207.99340932941084 216.24060236019966 None None 136.88417835079457 136.88417835079457 None None 149.9999742536943 None 29.99997425369429 None 1.0 1.0 1.0 1.0 0.0 0.0 1.0 1.0 0.0 0.0 1.0 1.0 1.0 1.0
286.6584868279783 30.077602430009335 3.0 3.0 3.0 3.0 None None 1.0 1.0 3.0 3.0 1.0 None 0.0 1.0 185.03218715750234 192.34709179836523 205.16406939147845 221.52704908726264 None None 132.46753724543015 132.46753724543015 203.5344056637178 219.4028200714705 129.9999791109767 None 29.99997911097671 119.99997911097671 1.0 1.0 1.0 1.0 0.0 0.0 1.0 1.0 1.0 1.0 1.0 1.0 1.0 1.0
280.7618937652635 30.709295639701708 3.0 3.0 4.0 4.0 None None 2.0 2.0 4.0 None 2.0 None 0.0 None 186.6595570271313 186.6595570271313 210.4109022949698 224.50867552396835 None None 135.2628330849721 135.2628330849721 235.0281878147822 None 119.99998318473592 None 29.999983184735925 None 1.0 1.0 1.0 1.0 0.0 0.0 1.0 1.0 1.0 0.0 1.0 1.0 1.0 1.0
235.73144558260827 36.5755191408206 4.0 3.0 4.0 4.0 None None 3.0 3.0 4.0 4.0 2.0 None 0.0 0.0 187.4123083084026 169.5419361174895 209.50892415388017 214.2192013601836 None None 142.30128114970137 142.30128114970137 212.78192665934654 209.7518753143018 119.99994582025039 None 29.99994582025039 49.99994582025039 1.0 1.0 1.0 1.0 0.0 0.0 1.0 1.0 1.0 1.0 1.0 1.0 1.0 1.0
258.92658621303053 33.299013925539086 3.0 3.0 3.0 3.0 None None 2.0 2.0 4.0 None 1.0 None 0.0 None 182.80301158776933 162.19571755097024 201.84796410831848 201.84796410831848 None None 134.4447776144777 134.4447776144777 228.72325675478544 None 109.9999949474402 None 29.9999949474402 None 1.0 1.0 1.0 1.0 0.0 0.0 1.0 1.0 1.0 0.0 1.0 1.0 1.0 1.0
