215.77527450148216 122.65538793147593 3.0 2.0 3.0 3.0 None 2.0 1.0 2.0 1.0 5.0 1.0 None 0.0 None 131.3475557216472 104.97954871751168 130.58651225208908 169.00786334023763 None 94.73674429878253 78.52441366788025 87.68836356836206 59.98876328532936 242.2936351028882 49.999957887651725 None 29.999957887651725 None 1.0 1.0 1.0 1.0 0.0 1.0 1.0 1.0 1.0 1.0 1.0 1.0 1.0 1.0
179.2591618361538 147.64098933024363 3.0 3.0 3.0 4.0 None 2.0 2.0 2.0 2.0 5.0 0.0 None 0.0 None 135.6799672231025 104.18443050370948 133.43612086137162 168.10233747095177 None 93.48650481762617 79.8895104454563 89.4487152813482 67.80541168889013 208.0960579051228 39.99993030078784 None 29.999930300787835 None 1.0 1.0 1.0 1.0 0.0 1.0 1.0 1.0 1.0 1.0 1.0 1.0 1.0 1.0
156.1057033899707 169.53896895031932 3.0 3.0 3.0 5.0 None 2.0 2.0 2.0 1.0 None 1.0 None 0.0 None 127.22105016288616 107.12748105234992 123.87956555559238 169.96230065916114 None 96.7302029407051 79.45191023825497 82.49610900262945 54.10080398994137 None 49.99997189706862 None 29.99997189706862 None 1.0 1.0 1.0 1.0 0.0 1.0 1.0 1.0 1.0 0.0 1.0 1.0 1.0 1.0
265.90933438207605 99.53016527795864 3.0 2.0 3.0 3.0 None 2.0 1.0 2.0 1.0 2.0 0.0 None 0.0 None 127.68773820028255 103.5030575719504 125.44291841882534 166.31387011169923 None 92.33505097970772 71.03260047953084 79.58498774418436 51.75389825822789 97.12757727807433 29.99998199551746 None 29.99998199551746 None 1.0 1.0 1.0 1.0 0.0 1.0 1.0 1.0 1.0 1.0 1.0 1.0 1.0 1.0
194.81354060120765 135.85297982021245 3.0 1.0 3.0 4.0 None 1.0 1.0 1.0 1.0 5.0 0.0 None 0.0 None 138.07852301641447 104.09086693539163 138.07852301641447 166.30035603319538 None 93.57189435971645 86.41338246166882 100.52159716862707 75.12145614652374 224.0941490504853 29.99999584162226 None 29.99999584162226 None 1.0 1.0 1.0 1.0 0.0 1.0 1.0 1.0 1.0 1.0 1.0 1.0 1.0 1.0
145.98630992959167 181.29097182307297 4.0 3.0 4.0 5.0 None 2.0 2.0 2.0 1.0 None 0.0 None 0.0 None 128.73328726563943 105.71261783275878 127.97273829487105 169.0806686467199 None 94.47858512915553 77.31902358790288 85.86849241300737 58.768528338240024 None 29.999971365716867 None 29.999971365716867 None 1.0 1.0 1.0 1.0 0.0 1.0 1.0 1.0 1.0 0.0 1.0 1.0 1.0 1.0
143.26591261573648 184.73340599160045 4.0 3.0 4.0 5.0 None 3.0 2.0 3.0 1.0 None 0.0 None 0.0 None 133.27823951818834 105.63346583178878 131.03347087178395 168.99474653539656 None 93.83514623894786 83.33699753710428 92.46974668616605 63.715919405114114 None 39.99992380328586 None 29.99992380328586 None 1.0 1.0 1.0 1.0 0.0 1.0 1.0 1.0 1.0 0.0 1.0 1.0 1.0 1.0
156.55772300858993 169.0494693675883 4.0 3.0 4.0 5.0 None 2.0 2.0 3.0 2.0 4.0 0.0 None 0.0 None 131.51404180037056 103.49400833214284 129.4705955862194 166.81163309631583 None 92.71634837904935 83.83481739635619 93.42629967144521 72.58319141066778 146.08368750857056 29.99997736508339 None 29.99997736508339 None 1.0 1.0 1.0 1.0 0.0 1.0 1.0 1.0 1.0 1.0 1.0 1.0 1.0 1.0
172.46710107781908 153.45535371443535 3.0 2.0 3.0 4.0 None 2.0 2.0 2.0 1.0 None 1.0 None 0.0 None 135.03450995785022 103.74207533702949 132.79130092396014 165.84617351650064 None 92.80089037569586 85.25099070358526 95.28044140599484 66.42976453256745 None 49.99993617127498 None 29.99993617127498 None 1.0 1.0 1.0 1.0 0.0 1.0 1.0 1.0 1.0 0.0 1.0 1.0 1.0 1.0
207.76122096811338 127.38662141411812 3.0 3.0 3.0 4.0 None 2.0 2.0 2.0 1.0 3.0 1.0 None 0.0 None 134.72956822078373 105.3126854563939 132.80687034237874 169.47965983952116 None 94.80425415309438 79.18537455358103 89.08396363641984 54.739082557348276 121.39420531097886 49.99996790701598 None 29.99996790701598 None 1.0 1.0 1.0 1.0 0.0 1.0 1.0 1.0 1.0 1.0 1.0 1.0 1.0 1.0
159.32958208475856 166.10851326981378 4.0 3.0 4.0 5.0 None 2.0 2.0 3.0 2.0 4.0 0.0 None 0.0 None 135.5184321402111 102.95015298207824 133.2745563292276 167.32592051681712 None 92.23059059648617 90.19562542621198 99.26042538167081 72.54306013495248 150.05412487276024 29.999995575758813 None 29.999995575758813 None 1.0 1.0 1.0 1.0 0.0 1.0 1.0 1.0 1.0 1.0 1.0 1.0 1.0 1.0
152.2628210346315 173.81787504108064 4.0 3.0 4.0 5.0 None 2.0 2.0 2.0 2.0 5.0 1.0 None 0.0 None 135.51213225016016 103.72636457394243 133.26743219491493 165.3015886569582 None 92.5650020122717 84.63942210793199 93.36713605205571 73.48380577416195 166.26754051203068 49.999989894794325 None 29.999989894794325 None 1.0 1.0 1.0 1.0 0.0 1.0 1.0 1.0 1.0 1.0 1.0 1.0 1.0 1.0
308.4615706861259 85.79999103658326 2.0 1.0 2.0 3.0 None 1.0 0.0 1.0 0.0 2.0 0.0 None 0.0 None 129.46071938453065 104.40119989910337 129.12534844905232 167.1851708998561 None 93.54779089575513 81.47946486671736 90.03209555391828 64.02695188624176 136.0791028183714 29.999938452313096 None 29.999938452313096 None 1.0 1.0 1.0 1.0 0.0 1.0 1.0 1.0 1.0 1.0 1.0 1.0 1.0 1.0
146.3538303526113 180.8357180419213 4.0 3.0 4.0 5.0 None 2.0 2.0 2.0 1.0 None 1.0 None 0.0 None 133.91965922458482 105.72450106861666 132.41263775992996 167.70302414610444 None 94.56225128941328 75.73480367463827 90.66119862344097 57.56188556229577 None 39.999936356742126 None 29.999936356742122 None 1.0 1.0 1.0 1.0 0.0 1.0 1.0 1.0 1.0 0.0 1.0 1.0 1.0 1.0
146.27437475405898 180.93394721050134 4.0 3.0 4.0 5.0 None 3.0 3.0 3.0 2.0 None 0.0 None 0.0 None 143.04012716830226 104.27609838748056 141.91798784926252 167.7442465354817 None 93.73463797175707 97.32097384766807 112.05545573355361 81.26537302281508 None 29.999937741241116 None 29.999937741241116 None 1.0 1.0 1.0 1.0 0.0 1.0 1.0 1.0 1.0 0.0 1.0 1.0 1.0 1.0
225.75554378360277 117.23300148663856 2.0 2.0 2.0 3.0 None 1.0 1.0 1.0 0.0 2.0 0.0 None 0.0 None 136.84164444426398 104.81734404883959 136.84164444426398 165.97046779110457 None 94.06484337131351 85.08350288989223 100.26494517047219 65.7881597106996 137.87881879839495 49.999904936979036 None 29.999904936979036 None 1.0 1.0 1.0 1.0 0.0 1.0 1.0 1.0 1.0 1.0 1.0 1.0 1.0 1.0
196.33738105234494 134.79857915056928 2.0 1.0 2.0 3.0 None 1.0 1.0 1.0 0.0 None 0.0 None 0.0 None 131.5579195745934 104.25259330305605 131.0674481019892 165.27004209095693 None 92.80945169236395 86.46955367046715 89.514476832671 68.02226141796937 None 29.9999585930523 None 29.9999585930523 None 1.0 1.0 1.0 1.0 0.0 1.0 1.0 1.0 1.0 0.0 1.0 1.0 1.0 1.0
208.93902741151453 126.66853257564973 4.0 3.0 4.0 4.0 None 2.0 2.0 2.0 2.0 4.0 1.0 None 0.0 None 135.50408731680005 104.07376793461158 133.28671445584638 167.49102559858363 None 93.04452045378663 83.3229652400785 92.47650385575986 64.61302069375135 175.4969927525765 39.99998382230585 None 29.99998382230585 None 1.0 1.0 1.0 1.0 0.0 1.0 1.0 1.0 1.0 1.0 1.0 1.0 1.0 1.0
172.739167986408 153.21365911686271 3.0 3.0 3.0 4.0 None 2.0 1.0 2.0 1.0 None 1.0 None 0.0 None 131.17723453614613 104.9883013787204 130.59953968111805 168.8483293255228 None 94.04465564664383 79.48408829333201 89.1514414429453 53.1616326756271 None 49.99997829623134 None 29.99997829623134 None 1.0 1.0 1.0 1.0 0.0 1.0 1.0 1.0 1.0 0.0 1.0 1.0 1.0 1.0
153.144132108746 172.81759108606772 4.0 3.0 4.0 5.0 None 2.0 2.0 3.0 2.0 None 1.0 None 0.0 None 137.9502008182954 102.73714848772036 137.18848004118877 168.1237431752169 None 92.1744061563582 89.3017525814059 98.27872067834463 79.2070848819967 None 39.999979776399215 None 29.99997977639921 None 1.0 1.0 1.0 1.0 0.0 1.0 1.0 1.0 1.0 0.0 1.0 1.0 1.0 1.0
227.76536270627196 116.19852854505699 3.0 2.0 3.0 4.0 None 1.0 1.0 2.0 1.0 4.0 0.0 None 0.0 None 143.78714141844904 104.99321535729959 143.78714141844904 169.34420253543192 None 94.12187313442644 97.16338902556456 106.34472683637458 80.91071500760648 195.23661247999118 49.99994216333903 None 29.999942163339025 None 1.0 1.0 1.0 1.0 0.0 1.0 1.0 1.0 1.0 1.0 1.0 1.0 1.0 1.0
260.28446100216416 101.68106039868414 3.0 2.0 3.0 3.0 None 1.0 1.0 1.0 0.0 4.0 0.0 None 0.0 None 132.8145067208045 104.66134702263817 131.67183723762565 166.49447409061014 None 94.1578729054849 90.33613165105017 93.38123539815129 66.39095979019623 223.80786924491065 49.999939124933164 None 29.999939124933164 None 1.0 1.0 1.0 1.0 0.0 1.0 1.0 1.0 1.0 1.0 1.0 1.0 1.0 1.0
253.96704321239736 104.21037180743957 3.0 3.0 3.0 3.0 None 2.0 2.0 2.0 1.0 3.0 1.0 None 0.0 None 128.3120323556521 107.13166127499984 125.73624072966304 172.65137570560796 None 95.67462836225259 77.76642784680273 86.31721309719639 59.900175152624016 163.827277697474 39.99995335880327 None 29.99995335880327 None 1.0 1.0 1.0 1.0 0.0 1.0 1.0 1.0 1.0 1.0 1.0 1.0 1.0 1.0
274.09494849616664 96.5577809631546 3.0 2.0 3.0 3.0 None 2.0 2.0 2.0 1.0 3.0 1.0 None 0.0 None 136.00404787997005 105.04256874879303 135.41174675658587 167.57213864178124 None 94.02920375925785 82.62933853824251 91.84826904967144 55.91629425021167 147.92496117434456 49.999920682257276 None 29.999920682257276 None 1.0 1.0 1.0 1.0 0.0 1.0 1.0 1.0 1.0 1.0 1.0 1.0 1.0 1.0
144.4545706413205 183.21330977968748 4.0 3.0 4.0 5.0 None 2.0 2.0 2.0 1.0 None 1.0 None 0.0 None 130.37317402917415 101.89343638948807 129.612127064872 163.96896530808579 None 91.98257596696364 78.58430826412392 87.74760360772014 60.667797527814145 None 49.99999884368009 None 29.99999884368009 None 1.0 1.0 1.0 1.0 0.0 1.0 1.0 1.0 1.0 0.0 1.0 1.0 1.0 1.0
201.0273011840622 131.6537596839522 3.0 1.0 3.0 3.0 None 1.0 1.0 1.0 0.0 5.0 0.0 None 0.0 None 138.7290537926108 104.92527249364358 138.5917294372311 169.7894321128977 None 94.5995046705049 90.25204893190927 98.9664782491335 66.46812100176822 207.5977717004611 49.9999503808323 None 29.999950380832306 None 1.0 1.0 1.0 1.0 0.0 1.0 1.0 1.0 1.0 1.0 1.0 1.0 1.0 1.0
146.73840862474844 180.36177608877466 4.0 3.0 4.0 5.0 None 3.0 2.0 3.0 2.0 None 1.0 None 0.0 None 132.26523638182618 107.53931889987187 131.81286945631769 172.103830770289 None 96.61896499901724 86.71254529946708 89.75636415569228 69.17748541105695 None 49.99993915305815 None 29.99993915305815 None 1.0 1.0 1.0 1.0 0.0 1.0 1.0 1.0 1.0 0.0 1.0 1.0 1.0 1.0
199.66667403363533 132.5509133063518 4.0 3.0 4.0 4.0 None 3.0 3.0 3.0 2.0 4.0 0.0 None 0.0 None 141.8718919807511 103.87744328477464 141.110392618452 168.5946922578241 None 93.8066290880002 92.57420719782851 101.12474354843107 69.63375045063202 141.110392618452 29.99990002003829 None 29.99990002003829 None 1.0 1.0 1.0 1.0 0.0 1.0 1.0 1.0 1.0 1.0 1.0 1.0 1.0 1.0
211.27816016613775 125.2661419390843 2.0 1.0 2.0 3.0 None 1.0 1.0 1.0 1.0 2.0 0.0 None 0.0 None 134.75283996314946 103.22726264346821 133.63042479048178 165.53119589477944 None 92.4443881053508 78.80208071878776 94.10670837804788 53.72711471433338 148.70616627565065 29.99994904003367 None 29.99994904003367 None 1.0 1.0 1.0 1.0 0.0 1.0 1.0 1.0 1.0 1.0 1.0 1.0 1.0 1.0
175.293936457781 150.9806929709417 3.0 2.0 3.0 4.0 None 2.0 2.0 2.0 1.0 4.0 0.0 None 0.0 None 130.7691193753259 106.2663882559627 128.5249559210556 169.80127427969563 None 95.08322288011772 79.31235271527987 87.95293473006542 60.59749017692563 150.7681344527779 39.999999713160165 None 29.999999713160168 None 1.0 1.0 1.0 1.0 0.0 1.0 1.0 1.0 1.0 1.0 1.0 1.0 1.0 1.0
193.33520973440787 136.8917748420341 4.0 3.0 4.0 4.0 None 2.0 2.0 2.0 2.0 None 1.0 None 0.0 None 140.15711473531482 106.3983091288454 137.9122253096625 169.19408029648068 None 94.32954012695993 85.77263056575083 94.94298711012124 67.5194568768747 None 49.99990739303413 None 29.99990739303413 None 1.0 1.0 1.0 1.0 0.0 1.0 1.0 1.0 1.0 0.0 1.0 1.0 1.0 1.0
156.69966689469533 168.89633861050626 4.0 3.0 4.0 5.0 None 2.0 2.0 2.0 1.0 5.0 0.0 None 0.0 None 132.00101088409892 101.33874214253842 131.23988254253064 163.33747510622334 None 90.33728857007213 79.30653249291544 88.27123540788759 52.7991846626049 171.72833235364806 29.999957058983714 None 29.999957058983714 None 1.0 1.0 1.0 1.0 0.0 1.0 1.0 1.0 1.0 1.0 1.0 1.0 1.0 1.0
195.01525522566396 135.71245987589324 2.0 1.0 2.0 3.0 None 1.0 1.0 1.0 1.0 5.0 1.0 None 0.0 None 131.39285337490313 104.44394462250281 130.47447526184203 169.43063472151024 None 93.62025038338265 76.76557082298876 85.75468503843405 51.614692573875224 202.44794438543445 49.99994706630604 None 29.999947066306042 None 1.0 1.0 1.0 1.0 0.0 1.0 1.0 1.0 1.0 1.0 1.0 1.0 1.0 1.0
153.1010284918957 172.86624564642267 4.0 3.0 4.0 5.0 None 3.0 2.0 2.0 1.0 None 0.0 None 0.0 None 133.0845725545061 106.30883110310663 132.32331623527097 167.9366944696686 None 94.82258628340806 83.39571088386698 91.9407440580369 63.02817408402815 None 29.99992207135062 None 29.99992207135062 None 1.0 1.0 1.0 1.0 0.0 1.0 1.0 1.0 1.0 0.0 1.0 1.0 1.0 1.0
129.1004368006839 205.00317935299037 5.0 4.0 5.0 None None 3.0 3.0 3.0 2.0 None 2.0 None 0.0 None 145.91184986968864 106.1664520052551 143.66960412370116 None None 95.75956811479695 87.75636510549997 102.62309870119289 69.9994496638975 None 69.99996864336752 None 29.999968643367524 None 1.0 1.0 1.0 0.0 0.0 1.0 1.0 1.0 1.0 0.0 1.0 1.0 1.0 1.0
173.6124256370919 152.4430057519201 3.0 3.0 3.0 4.0 None 2.0 2.0 2.0 1.0 5.0 1.0 None 0.0 None 128.73785788649255 103.94688727230192 127.97685745101165 166.16579261286762 None 93.29917905992059 75.45408794846497 84.2299133906644 56.21920376737631 196.71516051541863 39.999917441557464 None 29.999917441557464 None 1.0 1.0 1.0 1.0 0.0 1.0 1.0 1.0 1.0 1.0 1.0 1.0 1.0 1.0
293.02866299094416 90.3188095316734 2.0 2.0 2.0 3.0 None 2.0 2.0 2.0 1.0 4.0 1.0 None 0.0 None 133.05187692064126 103.89543869205698 131.93002385239646 166.49565188841947 None 92.77452382305466 81.37040472891124 90.5875340564377 60.8524480510832 231.48695482047975 39.99999877887632 None 29.999998778876314 None 1.0 1.0 1.0 1.0 0.0 1.0 1.0 1.0 1.0 1.0 1.0 1.0 1.0 1.0
155.38969108666288 170.3201789959127 4.0 3.0 4.0 5.0 None 2.0 2.0 2.0 2.0 5.0 1.0 None 0.0 None 137.11980675536023 105.0933051657939 135.66327731721236 167.89104057454122 None 93.87041950760506 90.86460086373293 99.83731255159911 79.80681502632703 182.72722014492592 39.99994923081293 None 29.999949230812934 None 1.0 1.0 1.0 1.0 0.0 1.0 1.0 1.0 1.0 1.0 1.0 1.0 1.0 1.0
253.46343408672053 104.4174284758758 2.0 2.0 2.0 4.0 None 1.0 1.0 1.0 0.0 4.0 0.0 None 0.0 None 135.54418934134418 108.04136301405967 135.54418934134418 171.34497770870618 None 96.53590571861278 91.06487168508143 99.69035193585282 67.30244488718711 212.06634864510957 49.999926444232955 None 29.99992644423295 None 1.0 1.0 1.0 1.0 0.0 1.0 1.0 1.0 1.0 1.0 1.0 1.0 1.0 1.0
253.54980993579574 104.3818569877917 3.0 3.0 3.0 3.0 None 2.0 2.0 3.0 1.0 4.0 0.0 None 0.0 None 135.04703301677787 106.28390314761032 134.58700412180252 168.79105960114555 None 95.50406986087432 89.80331925070487 98.40212766756659 66.6614567018899 237.68370557450208 29.99995857011543 None 29.99995857011543 None 1.0 1.0 1.0 1.0 0.0 1.0 1.0 1.0 1.0 1.0 1.0 1.0 1.0 1.0
203.7262692371978 129.9096090999719 2.0 2.0 2.0 3.0 None 1.0 1.0 1.0 0.0 5.0 0.0 None 0.0 None 133.96836397857547 105.5189519471115 133.61528698523614 170.97284798669224 None 94.23957944797957 84.3479046469856 98.79900826616046 73.51605703485848 213.66460506921993 29.999945757996734 None 29.999945757996734 None 1.0 1.0 1.0 1.0 0.0 1.0 1.0 1.0 1.0 1.0 1.0 1.0 1.0 1.0
211.48731960744814 125.14225462370428 3.0 3.0 3.0 3.0 None 2.0 2.0 2.0 1.0 3.0 1.0 None 0.0 None 132.09932190387397 104.75896794149045 130.571392014987 168.70430481993176 None 93.2573863604606 73.72104169580365 82.61479917159886 54.88054058696222 150.2248490135416 39.99996417723198 None 29.99996417723198 None 1.0 1.0 1.0 1.0 0.0 1.0 1.0 1.0 1.0 1.0 1.0 1.0 1.0 1.0
213.84395736921948 123.76314171133785 4.0 3.0 4.0 4.0 None 3.0 3.0 3.0 2.0 4.0 1.0 None 0.0 None 136.33240026354912 105.1756322045171 135.5714281587768 168.34524832834208 None 95.02684178759617 91.12994168249759 100.2556608983203 73.5285752277805 143.51418184264594 39.999911792391984 None 29.99991179239198 None 1.0 1.0 1.0 1.0 0.0 1.0 1.0 1.0 1.0 1.0 1.0 1.0 1.0 1.0
229.92122286210585 115.10899111680898 1.0 1.0 1.0 2.0 None 1.0 1.0 1.0 1.0 5.0 0.0 None 0.0 None 144.4890867138359 104.73944768338062 144.4890867138359 166.7811011742546 None 94.53685543011534 92.55145840148123 101.64709516822695 82.48281727976733 256.02631942389473 29.999964850943325 None 29.999964850943325 None 1.0 1.0 1.0 1.0 0.0 1.0 1.0 1.0 1.0 1.0 1.0 1.0 1.0 1.0
203.45901242200384 130.0802539290107 2.0 1.0 2.0 3.0 None 1.0 1.0 1.0 0.0 5.0 0.0 None 0.0 None 132.07982293545254 105.64039327651565 132.07982293545254 170.3151242028339 None 94.09551687504704 90.13448403889534 98.68467094035097 65.2583737068378 226.91957877329747 49.99991901412392 None 29.999919014123922 None 1.0 1.0 1.0 1.0 0.0 1.0 1.0 1.0 1.0 1.0 1.0 1.0 1.0 1.0
168.4753066882394 157.09127064522795 3.0 3.0 3.0 4.0 None 2.0 2.0 2.0 1.0 5.0 0.0 None 0.0 None 131.72774734715398 103.32155511369582 131.06381608653328 167.33610410997795 None 92.73783472678997 77.47074933226263 86.01941135973813 52.21937622957728 182.54483751657588 29.999971162884076 None 29.999971162884076 None 1.0 1.0 1.0 1.0 0.0 1.0 1.0 1.0 1.0 1.0 1.0 1.0 1.0 1.0
160.283350355514 165.12008228738358 4.0 3.0 4.0 5.0 None 3.0 2.0 2.0 2.0 4.0 0.0 None 0.0 None 134.10023884163206 106.51997904559647 132.30502736930592 170.22511611580745 None 95.39630787925415 85.25289510703709 93.80264950871589 65.63921090606621 124.09927272190194 29.999982228485543 None 29.999982228485543 None 1.0 1.0 1.0 1.0 0.0 1.0 1.0 1.0 1.0 1.0 1.0 1.0 1.0 1.0
204.97107972252445 129.12065465931985 3.0 2.0 3.0 3.0 None 1.0 2.0 2.0 1.0 4.0 0.0 None 0.0 None 143.69409788788124 105.69868196829171 143.69409788788124 167.5098456181892 None 95.24533599884563 98.87699682874123 114.82396498076886 75.83782814910316 199.8556398561207 39.99992571420353 None 29.999925714203528 None 1.0 1.0 1.0 1.0 0.0 1.0 1.0 1.0 1.0 1.0 1.0 1.0 1.0 1.0
245.62192904580704 107.75096548917767 2.0 2.0 2.0 3.0 None 2.0 2.0 2.0 1.0 4.0 1.0 None 0.0 None 123.86916885085986 106.44761721243205 122.13197353396126 168.77529107099207 None 94.58264293475594 74.27000356754097 83.33082388383019 54.40796102905307 232.27317240455793 49.99998275371152 None 29.99998275371152 None 1.0 1.0 1.0 1.0 0.0 1.0 1.0 1.0 1.0 1.0 1.0 1.0 1.0 1.0
187.234530614207 141.35213153888085 3.0 2.0 3.0 4.0 None 1.0 1.0 2.0 1.0 4.0 1.0 None 0.0 None 140.0267933120954 106.88263839409848 139.73960912189494 171.1577110159902 None 96.21851614697981 96.74528709900254 105.36395044287238 78.98330208700729 165.13215545074667 49.99992924094002 None 29.999929240940023 None 1.0 1.0 1.0 1.0 0.0 1.0 1.0 1.0 1.0 1.0 1.0 1.0 1.0 1.0
242.94020812177033 108.94038580363072 3.0 3.0 3.0 3.0 None 2.0 2.0 2.0 2.0 3.0 1.0 None 0.0 None 134.93196060151263 105.70974308370518 134.93196060151263 168.6991599914859 None 94.12644497353554 84.73644468181725 93.9266574202899 65.17098594095008 152.2171534729826 49.99992731070742 None 29.99992731070742 None 1.0 1.0 1.0 1.0 0.0 1.0 1.0 1.0 1.0 1.0 1.0 1.0 1.0 1.0
142.13283069533725 186.20609939676825 4.0 3.0 4.0 5.0 None 3.0 3.0 3.0 2.0 None 1.0 None 0.0 None 140.8469587256898 107.22333761590232 139.55264955620825 172.15555031207256 None 95.56588077277405 90.1997015196242 99.2201447281791 65.47127334688835 None 49.999955876705236 None 29.999955876705236 None 1.0 1.0 1.0 1.0 0.0 1.0 1.0 1.0 1.0 0.0 1.0 1.0 1.0 1.0
160.8037373754419 164.58572687404413 3.0 2.0 3.0 5.0 None 2.0 1.0 2.0 1.0 5.0 1.0 None 0.0 None 128.167420612927 105.04702013496797 125.92443376904461 168.2193878713104 None 93.64776582815396 70.43295451997083 79.00873813591154 44.72456310474482 161.2978401965795 49.99990539535969 None 29.999905395359686 None 1.0 1.0 1.0 1.0 0.0 1.0 1.0 1.0 1.0 1.0 1.0 1.0 1.0 1.0
173.78682618449096 152.29002439980042 4.0 3.0 3.0 4.0 None 3.0 2.0 3.0 2.0 5.0 1.0 None 0.0 None 136.4794348859455 103.76213768752855 135.35754533845432 167.03923337704185 None 93.13465375342827 89.16784212213149 97.715511442553 72.46133488956303 181.50264483255796 49.99998100482496 None 29.999981004824956 None 1.0 1.0 1.0 1.0 0.0 1.0 1.0 1.0 1.0 1.0 1.0 1.0 1.0 1.0
215.90911193212764 122.57935648551855 3.0 3.0 3.0 3.0 None 2.0 2.0 2.0 2.0 4.0 1.0 None 0.0 None 135.57649294724166 105.92309720235434 134.81548304378126 170.5341317178826 None 94.92872504033869 84.74975542236467 94.12206060550706 67.27962175505925 211.87534186604105 49.99993550621909 None 29.999935506219092 None 1.0 1.0 1.0 1.0 0.0 1.0 1.0 1.0 1.0 1.0 1.0 1.0 1.0 1.0
144.30343468728717 183.40519792445107 4.0 3.0 4.0 5.0 None 3.0 3.0 3.0 2.0 None 1.0 None 0.0 None 140.360647602532 103.67601447441032 139.600086241745 166.3649292407893 None 93.35249290988013 95.83000079681158 105.95588362508599 70.37309988674332 None 39.99997144868132 None 29.99997144868132 None 1.0 1.0 1.0 1.0 0.0 1.0 1.0 1.0 1.0 0.0 1.0 1.0 1.0 1.0
258.96551710310007 102.19893480823272 2.0 1.0 2.0 3.0 None 1.0 1.0 1.0 1.0 3.0 1.0 None 0.0 None 132.22562546930453 104.80830524821324 131.4650105829523 167.74452169869392 None 93.62750946487311 85.81510416060256 94.6198369851758 68.062870473447 148.03885854217185 49.99996362989366 None 29.999963629893657 None 1.0 1.0 1.0 1.0 0.0 1.0 1.0 1.0 1.0 1.0 1.0 1.0 1.0 1.0
148.9357773253479 177.70075448147983 4.0 3.0 4.0 5.0 None 3.0 2.0 3.0 1.0 5.0 0.0 None 0.0 None 126.10480213073866 105.64488334090247 126.08484387221138 169.56737990590003 None 95.17693792131574 79.32810476929696 88.31383754856807 54.2202415575635 167.41673795003751 39.99992431600971 None 29.999924316009714 None 1.0 1.0 1.0 1.0 0.0 1.0 1.0 1.0 1.0 1.0 1.0 1.0 1.0 1.0
157.88015638677385 167.6334797589366 4.0 3.0 4.0 5.0 None 2.0 2.0 3.0 1.0 None 0.0 None 0.0 None 134.3844389511083 105.65916099079213 133.99400556476363 169.5733860238965 None 92.70143217680615 91.55970034785645 100.73428557909695 66.80531959543396 None 29.999952747673053 None 29.999952747673053 None 1.0 1.0 1.0 1.0 0.0 1.0 1.0 1.0 1.0 0.0 1.0 1.0 1.0 1.0
174.42411776033353 151.73360392950622 3.0 3.0 3.0 4.0 None 2.0 2.0 2.0 1.0 3.0 1.0 None 0.0 None 131.98372144651887 103.95739281196275 131.98372144651887 168.63746869483208 None 93.08966731854485 85.11627699401978 93.66512813905356 52.24109796044428 122.96485050812642 49.999993281635895 None 29.9999932816359 None 1.0 1.0 1.0 1.0 0.0 1.0 1.0 1.0 1.0 1.0 1.0 1.0 1.0 1.0
236.6104401555318 111.85474310686811 3.0 3.0 3.0 4.0 None 2.0 2.0 2.0 1.0 3.0 1.0 None 0.0 None 138.4126637684968 105.02230092130851 137.29084118181345 167.98096999003369 None 94.58256847648668 77.55961980305756 93.31383749593425 58.93055121945582 136.28996435993764 49.99990569509801 None 29.99990569509801 None 1.0 1.0 1.0 1.0 0.0 1.0 1.0 1.0 1.0 1.0 1.0 1.0 1.0 1.0
213.98027914618254 123.68429513973815 2.0 1.0 2.0 3.0 None 1.0 1.0 1.0 0.0 4.0 0.0 None 0.0 None 130.51406178124827 106.40412466863498 130.51406178124827 169.98864235266748 None 94.39150317408169 83.58264499909468 92.29659460716033 65.8892476996848 210.09660811729074 39.9999305682895 None 29.9999305682895 None 1.0 1.0 1.0 1.0 0.0 1.0 1.0 1.0 1.0 1.0 1.0 1.0 1.0 1.0
150.03127778638796 176.40321665247598 4.0 3.0 4.0 5.0 None 3.0 3.0 3.0 2.0 None 1.0 None 0.0 None 137.64881671976025 106.9687961185759 137.1071951783808 170.4864404461186 None 96.48333754455237 89.35592570470776 98.10202350014951 79.28240532160169 None 49.9999975123974 None 29.999997512397403 None 1.0 1.0 1.0 1.0 0.0 1.0 1.0 1.0 1.0 0.0 1.0 1.0 1.0 1.0
187.32495655089517 141.2838977107107 3.0 2.0 3.0 4.0 None 1.0 1.0 1.0 0.0 None 0.0 None 0.0 None 136.9741330530147 104.89359382029323 134.7312192959291 168.42131981010002 None 94.7000938908806 80.49596818862705 96.37911048974718 61.56029680751332 None 49.99995892212838 None 29.99995892212838 None 1.0 1.0 1.0 1.0 0.0 1.0 1.0 1.0 1.0 0.0 1.0 1.0 1.0 1.0
213.40568506582295 124.0173146832373 2.0 1.0 2.0 3.0 None 1.0 1.0 1.0 0.0 3.0 0.0 None 0.0 None 136.51110967512898 106.54596581441768 136.51110967512898 170.3725093943179 None 95.06001321716897 85.13952037491632 99.87584120980446 66.35137432495341 177.05972085827173 49.99994273460158 None 29.999942734601582 None 1.0 1.0 1.0 1.0 0.0 1.0 1.0 1.0 1.0 1.0 1.0 1.0 1.0 1.0
176.461551446854 149.98168033205198 3.0 2.0 3.0 4.0 None 2.0 2.0 2.0 1.0 2.0 1.0 None 0.0 None 132.32357281805227 105.80738282226815 131.5388797121865 168.38073298503505 None 94.44280181337476 83.51877243007678 93.89255156461832 65.73726707279926 100.9167741848295 49.99994994684409 None 29.99994994684409 None 1.0 1.0 1.0 1.0 0.0 1.0 1.0 1.0 1.0 1.0 1.0 1.0 1.0 1.0
186.23354381973604 142.11188520161357 3.0 3.0 3.0 4.0 None 3.0 2.0 3.0 1.0 5.0 1.0 None 0.0 None 138.73462777373447 106.98619031463988 135.36986225510248 169.79033300548764 None 95.31584898817081 88.78890540223324 97.45141791996608 65.03774790287079 199.71194631686203 49.99994324411417 None 29.99994324411417 None 1.0 1.0 1.0 1.0 0.0 1.0 1.0 1.0 1.0 1.0 1.0 1.0 1.0 1.0
154.9834477183445 170.76662307898425 4.0 3.0 4.0 5.0 None 2.0 2.0 2.0 1.0 3.0 0.0 None 0.0 None 131.02528821361028 105.24997713860922 130.25275023917493 167.00760917478328 None 94.96584402981408 72.10307851165213 87.60204480216298 52.49254317313445 113.11593884479468 29.999917102212507 None 29.999917102212507 None 1.0 1.0 1.0 1.0 0.0 1.0 1.0 1.0 1.0 1.0 1.0 1.0 1.0 1.0
151.14173083702354 175.10716499957476 4.0 3.0 4.0 5.0 None 3.0 2.0 2.0 1.0 None 0.0 None 0.0 None 132.13327796262814 104.62864370304719 131.01089377952468 170.26132052191315 None 94.16878118992544 77.65332671269564 87.1129430102667 58.947294584134156 None 29.999978179802 None 29.999978179802 None 1.0 1.0 1.0 1.0 0.0 1.0 1.0 1.0 1.0 0.0 1.0 1.0 1.0 1.0
221.73349879847325 119.35950203020127 2.0 1.0 2.0 3.0 None 1.0 0.0 1.0 0.0 2.0 0.0 None 0.0 None 133.0516643775604 103.13544598260762 133.0516643775604 166.1558745629575 None 92.24612565694675 87.43290897727636 96.03473911350095 55.22212129997419 147.5655506165783 29.999963165289046 None 29.999963165289046 None 1.0 1.0 1.0 1.0 0.0 1.0 1.0 1.0 1.0 1.0 1.0 1.0 1.0 1.0
170.11093673471254 155.58082571300892 3.0 2.0 3.0 4.0 None 2.0 2.0 2.0 2.0 None 1.0 None 0.0 None 136.16467011414318 105.01770593756314 136.16467011414318 168.72228169159177 None 94.91643080176408 78.88439680760013 93.05238084118056 66.6145155102287 None 49.99997487455148 None 29.999974874551476 None 1.0 1.0 1.0 1.0 0.0 1.0 1.0 1.0 1.0 0.0 1.0 1.0 1.0 1.0
194.12145412997657 136.3373261271747 3.0 1.0 3.0 4.0 None 1.0 1.0 1.0 0.0 5.0 0.0 None 0.0 None 141.19076951715874 106.73981190348513 140.45894271856002 168.6501521926561 None 95.88242092486075 85.27485104436833 99.32780001338293 66.00730224302676 205.68869613346442 49.999997862388284 None 29.999997862388287 None 1.0 1.0 1.0 1.0 0.0 1.0 1.0 1.0 1.0 1.0 1.0 1.0 1.0 1.0
196.24834805224876 134.85973391711684 3.0 1.0 3.0 4.0 None 1.0 1.0 2.0 1.0 None 0.0 None 0.0 None 134.3825720754422 102.82038338316174 133.93245119756142 164.75254582489092 None 92.47034629977288 90.92203403828663 105.46534519324406 74.54986662981133 None 39.99993446834118 None 29.999934468341177 None 1.0 1.0 1.0 1.0 0.0 1.0 1.0 1.0 1.0 0.0 1.0 1.0 1.0 1.0
238.24458145783473 111.087521227357 1.0 1.0 1.0 2.0 None 1.0 1.0 1.0 0.0 1.0 0.0 None 0.0 None 139.84640840604467 105.79068185198977 140.60746788096154 169.65601695773503 None 94.18110401814826 89.77918508019162 98.98104436618141 72.59676699786627 146.12091094826556 49.99995338223749 None 29.99995338223749 None 1.0 1.0 1.0 1.0 0.0 1.0 1.0 1.0 1.0 1.0 1.0 1.0 1.0 1.0
198.7003936193483 133.1955086646738 3.0 3.0 3.0 4.0 None 2.0 2.0 2.0 1.0 3.0 1.0 None 0.0 None 129.11413540154024 105.5789798398444 128.35361641907153 167.60074824533072 None 93.6718103946339 76.05687417135366 84.80420054648935 57.48082875672131 153.47873407494458 49.99990162967772 None 29.99990162967772 None 1.0 1.0 1.0 1.0 0.0 1.0 1.0 1.0 1.0 1.0 1.0 1.0 1.0 1.0
198.11333222548203 133.590201642148 3.0 2.0 3.0 4.0 None 2.0 1.0 2.0 1.0 2.0 0.0 None 0.0 None 131.67901459465963 103.59588225563262 129.43459648600992 167.0896466669622 None 92.7463756614648 72.71422528044062 81.90296142121274 52.397701903942306 112.4053538732281 29.999975393077893 None 29.999975393077893 None 1.0 1.0 1.0 1.0 0.0 1.0 1.0 1.0 1.0 1.0 1.0 1.0 1.0 1.0
222.05270428670224 119.18792020577492 4.0 3.0 4.0 4.0 None 2.0 2.0 2.0 1.0 4.0 0.0 None 0.0 None 131.74400824165747 101.56815748516749 130.98255194966393 166.6159839115733 None 90.54396923229615 71.43883635422023 88.1724972618882 52.188578241028814 192.3761802290261 29.99997081817363 None 29.99997081817363 None 1.0 1.0 1.0 1.0 0.0 1.0 1.0 1.0 1.0 1.0 1.0 1.0 1.0 1.0
166.6931232022247 158.77079684860558 4.0 3.0 4.0 5.0 None 2.0 2.0 2.0 1.0 4.0 0.0 None 0.0 None 135.3452404006416 106.08720696924506 134.64686813796905 169.8356969182088 None 95.19952808961246 84.04387278869174 93.89229704290021 58.29505199022053 153.46458090619285 29.999918021489332 None 29.999918021489332 None 1.0 1.0 1.0 1.0 0.0 1.0 1.0 1.0 1.0 1.0 1.0 1.0 1.0 1.0
173.1112434637361 152.88435037753158 3.0 2.0 3.0 4.0 None 2.0 2.0 2.0 1.0 5.0 0.0 None 0.0 None 129.59869150297598 104.9708121064784 127.35504471974414 168.675305576953 None 94.00518304306027 77.81403500376106 86.95944254237219 52.935772446264416 195.94298973287584 29.999994917609122 None 29.999994917609122 None 1.0 1.0 1.0 1.0 0.0 1.0 1.0 1.0 1.0 1.0 1.0 1.0 1.0 1.0
212.817309102027 124.36018532360967 3.0 2.0 3.0 3.0 None 2.0 2.0 3.0 1.0 None 0.0 None 0.0 None 141.6532522651151 102.64620746154077 141.6532522651151 165.858262447141 None 92.10405917269745 90.92238568619877 107.25280531560321 65.26621370564237 None 39.99997337578386 None 29.99997337578386 None 1.0 1.0 1.0 1.0 0.0 1.0 1.0 1.0 1.0 0.0 1.0 1.0 1.0 1.0
239.66051746970317 110.4312061053015 3.0 3.0 3.0 4.0 None 2.0 1.0 2.0 1.0 5.0 1.0 None 0.0 None 130.57128405198762 105.75192428799132 128.32652297067648 170.35899964608603 None 94.62318449446585 72.88303556362048 89.59815147438724 53.52879047420339 260.7957773298534 49.99991723360226 None 29.99991723360226 None 1.0 1.0 1.0 1.0 0.0 1.0 1.0 1.0 1.0 1.0 1.0 1.0 1.0 1.0
215.9908675006914 122.53295848221583 3.0 3.0 3.0 3.0 None 2.0 2.0 2.0 1.0 4.0 0.0 None 0.0 None 136.89544966044448 104.71083047405997 136.17462477912156 166.8334070271925 None 92.96429230596175 84.36153623174513 93.46776742731456 59.30662561613098 198.4174119032688 29.999992742231093 None 29.999992742231093 None 1.0 1.0 1.0 1.0 0.0 1.0 1.0 1.0 1.0 1.0 1.0 1.0 1.0 1.0
179.11678832691433 147.75834385605262 3.0 3.0 3.0 4.0 None 2.0 2.0 2.0 1.0 3.0 1.0 None 0.0 None 129.41901948369127 105.59457189076838 128.65771775552247 166.90328659291484 None 95.25910028904394 82.44844512279809 92.56794774265421 54.502943219977944 120.10914801928075 49.9999997594147 None 29.9999997594147 None 1.0 1.0 1.0 1.0 0.0 1.0 1.0 1.0 1.0 1.0 1.0 1.0 1.0 1.0
197.80270991906193 133.79998692044975 3.0 3.0 3.0 4.0 None 2.0 2.0 2.0 1.0 None 1.0 None 0.0 None 135.8642670817097 106.31699192857155 135.48077008330398 172.26874414673688 None 95.20044138749726 84.10198088082416 94.76590215284047 58.40221920948292 None 69.99991842956962 None 29.99991842956962 None 1.0 1.0 1.0 1.0 0.0 1.0 1.0 1.0 1.0 0.0 1.0 1.0 1.0 1.0
246.13566683542902 107.5260661742927 2.0 1.0 2.0 4.0 None 1.0 1.0 1.0 0.0 4.0 0.0 None 0.0 None 135.5509383346429 101.87902169272303 135.5509383346429 169.50337850078847 None 91.64086216269892 85.86652356835803 94.41454781758921 73.58524433541284 172.50415619344636 29.999903096238175 None 29.999903096238175 None 1.0 1.0 1.0 1.0 0.0 1.0 1.0 1.0 1.0 1.0 1.0 1.0 1.0 1.0
207.62013694154592 127.47318439276113 4.0 3.0 4.0 4.0 None 2.0 2.0 2.0 2.0 None 1.0 None 0.0 None 132.46781789792877 103.83361727121962 129.98532338753728 167.7137140788513 None 93.35820246530596 78.87373661507036 87.82046233843846 59.87206383624602 None 39.99992269732535 None 29.999922697325353 None 1.0 1.0 1.0 1.0 0.0 1.0 1.0 1.0 1.0 0.0 1.0 1.0 1.0 1.0
170.6343735255321 155.10356707841095 4.0 3.0 4.0 4.0 None 2.0 2.0 2.0 1.0 4.0 0.0 None 0.0 None 135.81813115497812 106.26493562508671 132.43112125239122 169.5114115802203 None 94.76321184272223 86.64095459134273 95.18834861502285 54.009550932374545 139.83700653976948 39.99993761381828 None 29.999937613818283 None 1.0 1.0 1.0 1.0 0.0 1.0 1.0 1.0 1.0 1.0 1.0 1.0 1.0 1.0
184.12687584973514 143.73784314680245 3.0 2.0 3.0 4.0 None 2.0 2.0 2.0 1.0 3.0 1.0 None 0.0 None 131.68966286664977 102.87981414411463 130.996635672771 166.42420620526235 None 91.53468605188968 78.51828351776791 87.4483037329269 60.2042898617882 147.74654807672408 39.999996435998824 None 29.999996435998824 None 1.0 1.0 1.0 1.0 0.0 1.0 1.0 1.0 1.0 1.0 1.0 1.0 1.0 1.0
156.01236831469686 169.64039637302795 4.0 3.0 4.0 5.0 None 3.0 2.0 3.0 1.0 5.0 0.0 None 0.0 None 134.9329367683107 104.52211233194576 132.97464824955728 166.14949203347356 None 92.63534804148583 84.53145395351832 99.91109351228503 59.511297617346756 177.35582316032975 29.999923863086266 None 29.999923863086266 None 1.0 1.0 1.0 1.0 0.0 1.0 1.0 1.0 1.0 1.0 1.0 1.0 1.0 1.0
215.94168973075443 122.56086368963292 4.0 3.0 4.0 4.0 None 2.0 2.0 2.0 1.0 4.0 0.0 None 0.0 None 137.10275881901313 106.18628317320466 134.38671148730845 170.88669774964495 None 95.71881863748656 85.89330379620709 96.49459529528549 54.376928160094906 205.234988291995 39.999911240464684 None 29.99991124046468 None 1.0 1.0 1.0 1.0 0.0 1.0 1.0 1.0 1.0 1.0 1.0 1.0 1.0 1.0
187.80506523548124 140.92271668400073 4.0 3.0 4.0 4.0 None 2.0 2.0 2.0 1.0 5.0 1.0 None 0.0 None 134.86489335972976 103.39407546126876 132.6201233311265 167.37604452533057 None 92.72088208285301 85.05807134699589 94.27840081486328 67.0116420234035 213.12186608120498 49.99991031995097 None 29.999910319950967 None 1.0 1.0 1.0 1.0 0.0 1.0 1.0 1.0 1.0 1.0 1.0 1.0 1.0 1.0
161.46116214369576 163.9155797506649 4.0 3.0 4.0 5.0 None 2.0 2.0 3.0 2.0 None 1.0 None 0.0 None 139.6673474088788 104.68011382925455 137.42158385822685 169.8723641095849 None 94.14043940847485 91.22880229604387 100.33665426103407 73.22309186060716 None 49.99997221636441 None 29.999972216364416 None 1.0 1.0 1.0 1.0 0.0 1.0 1.0 1.0 1.0 0.0 1.0 1.0 1.0 1.0
158.5329809679311 166.94318014087986 3.0 3.0 3.0 5.0 None 2.0 2.0 2.0 1.0 4.0 0.0 None 0.0 None 128.16414045672096 106.56651473241028 125.92070428334371 168.94648745472807 None 94.12541283656162 76.34970482281796 85.39003817749595 58.293909282591954 147.8059966537593 39.99991533035454 None 29.999915330354543 None 1.0 1.0 1.0 1.0 0.0 1.0 1.0 1.0 1.0 1.0 1.0 1.0 1.0 1.0
250.04967138405408 105.842970532645 3.0 3.0 3.0 3.0 None 2.0 2.0 2.0 2.0 4.0 1.0 None 0.0 None 132.53540500860407 105.00464859456935 131.41336506513218 168.86830275593232 None 94.15472522213882 78.67980016727128 87.22700534688038 67.08464608762762 229.7098916554134 49.999974820126056 None 29.999974820126056 None 1.0 1.0 1.0 1.0 0.0 1.0 1.0 1.0 1.0 1.0 1.0 1.0 1.0 1.0
198.83775439681895 133.10349475775115 4.0 3.0 4.0 4.0 None 3.0 2.0 3.0 1.0 5.0 1.0 None 0.0 None 128.7272304685768 103.98941159440375 125.57722004905659 169.10100949202712 None 92.99754981492268 78.0427448499031 87.11083766840622 59.54382525088639 213.0683352540678 39.999900905614346 None 29.999900905614346 None 1.0 1.0 1.0 1.0 0.0 1.0 1.0 1.0 1.0 1.0 1.0 1.0 1.0 1.0
154.7405195544694 171.03471072865207 4.0 3.0 4.0 5.0 None 3.0 3.0 3.0 2.0 None 1.0 None 0.0 None 133.57893881949937 105.03229453515871 133.3754817144951 165.62897330173587 None 93.42799559213513 89.43295772391107 98.62551916254242 69.74481669433152 None 49.999980100736394 None 29.999980100736394 None 1.0 1.0 1.0 1.0 0.0 1.0 1.0 1.0 1.0 0.0 1.0 1.0 1.0 1.0
206.0355048105867 128.4535887362269 2.0 1.0 2.0 3.0 None 1.0 1.0 1.0 1.0 5.0 0.0 None 0.0 None 130.11538778608448 104.83708766311678 129.60298645660205 169.15226889030984 None 94.09156357402519 79.09859379598043 87.64850037891135 53.945048950758675 228.58378237034285 29.999988867364568 None 29.999988867364568 None 1.0 1.0 1.0 1.0 0.0 1.0 1.0 1.0 1.0 1.0 1.0 1.0 1.0 1.0
193.36299000901076 136.8721077325432 3.0 3.0 3.0 3.0 None 2.0 2.0 2.0 1.0 3.0 1.0 None 0.0 None 132.51770088137673 104.80303575632803 132.07685924762666 168.54525362643898 None 93.79390714865045 79.83093743878997 88.83349126797117 59.655093896166576 158.23813377228237 49.99994349912694 None 29.99994349912694 None 1.0 1.0 1.0 1.0 0.0 1.0 1.0 1.0 1.0 1.0 1.0 1.0 1.0 1.0
139.5595151583447 189.63952382588593 5.0 3.0 5.0 5.0 None 3.0 3.0 3.0 2.0 None 1.0 None 0.0 None 139.60355345344306 105.76827312715716 139.6007133291726 169.14107700883105 None 95.1755734766395 88.01090141932467 96.60289100374149 76.96610308886673 None 49.99994229623934 None 29.99994229623934 None 1.0 1.0 1.0 1.0 0.0 1.0 1.0 1.0 1.0 0.0 1.0 1.0 1.0 1.0
216.8644928060886 122.03934197593526 3.0 3.0 3.0 3.0 None 3.0 3.0 3.0 2.0 5.0 1.0 None 0.0 None 137.6550703822544 105.67500075353377 136.5331565989251 168.81415126633595 None 94.28896409321983 88.40748924855029 97.51727330492888 65.28793863251462 226.29138374297042 49.999976978039626 None 29.999976978039626 None 1.0 1.0 1.0 1.0 0.0 1.0 1.0 1.0 1.0 1.0 1.0 1.0 1.0 1.0
233.01824210713897 113.57909046378975 3.0 2.0 3.0 3.0 None 1.0 1.0 2.0 0.0 4.0 0.0 None 0.0 None 141.7409125725776 105.16090420669137 141.7409125725776 168.3875062571898 None 93.9986029974832 91.4730356988737 101.27051487649082 73.30567776536692 224.7726462795244 49.999955284585226 None 29.999955284585223 None 1.0 1.0 1.0 1.0 0.0 1.0 1.0 1.0 1.0 1.0 1.0 1.0 1.0 1.0
162.66358319815123 162.70390384650523 3.0 3.0 3.0 5.0 None 2.0 2.0 2.0 1.0 None 1.0 None 0.0 None 130.2935936153942 105.54468383922294 129.53254137346312 168.7509615536453 None 94.82484234794296 77.35487746858432 86.00896762067346 52.02591691871646 None 49.999941806429675 None 29.99994180642967 None 1.0 1.0 1.0 1.0 0.0 1.0 1.0 1.0 1.0 0.0 1.0 1.0 1.0 1.0
154.4265859270313 171.38240699373844 4.0 3.0 4.0 5.0 None 3.0 3.0 3.0 2.0 None 0.0 None 0.0 None 136.68054379572854 103.53606643776597 135.91904492195923 167.4104740204436 None 92.66478767261205 92.43281818394722 101.49611443940493 67.75298084493518 None 29.999937346903398 None 29.999937346903398 None 1.0 1.0 1.0 1.0 0.0 1.0 1.0 1.0 1.0 0.0 1.0 1.0 1.0 1.0
211.77143308903118 124.97436322713737 3.0 2.0 3.0 4.0 None 2.0 1.0 2.0 1.0 4.0 1.0 None 0.0 None 127.68232184335699 105.29844109306154 125.43919718686632 168.3930221322832 None 94.28503005083084 71.94672610304995 81.16920978253253 52.05964532084546 204.6746525368652 49.999915552673144 None 29.99991555267314 None 1.0 1.0 1.0 1.0 0.0 1.0 1.0 1.0 1.0 1.0 1.0 1.0 1.0 1.0
151.6483431778584 174.52218366118095 4.0 3.0 4.0 5.0 None 3.0 3.0 3.0 2.0 5.0 1.0 None 0.0 None 133.6668101742264 106.2518545120938 131.66662275332922 168.27753729320324 None 95.31959799784575 86.51701153459676 89.5621473215454 67.18242172326781 160.6803732053389 39.99992815463857 None 29.99992815463857 None 1.0 1.0 1.0 1.0 0.0 1.0 1.0 1.0 1.0 1.0 1.0 1.0 1.0 1.0
213.23844093007747 124.1145821764773 2.0 1.0 2.0 3.0 None 1.0 1.0 1.0 0.0 5.0 0.0 None 0.0 None 134.47074605763606 102.82939559749222 133.34874604712695 165.67951845453632 None 92.272748208211 84.6747826394587 93.22397225551774 67.57979910757032 228.44062508321682 39.99997197816295 None 29.99997197816295 None 1.0 1.0 1.0 1.0 0.0 1.0 1.0 1.0 1.0 1.0 1.0 1.0 1.0 1.0
147.33211340848484 179.63497154637182 4.0 3.0 4.0 5.0 None 3.0 3.0 3.0 2.0 None 1.0 None 0.0 None 137.38654882705654 105.26608517242113 136.6254823820027 167.62277150401346 None 94.52958947463111 92.1086594593707 101.71115375832903 80.41246635936072 None 59.9999589649498 None 29.9999589649498 None 1.0 1.0 1.0 1.0 0.0 1.0 1.0 1.0 1.0 0.0 1.0 1.0 1.0 1.0
159.00736689483438 166.44511834161938 4.0 3.0 4.0 5.0 None 2.0 2.0 2.0 1.0 None 0.0 None 0.0 None 132.63502932260218 105.76280362761904 131.8747369848159 169.13997633146494 None 95.06854679044778 79.34427933853573 88.56597459849769 58.95289752076014 None 29.999953880212082 None 29.999953880212082 None 1.0 1.0 1.0 1.0 0.0 1.0 1.0 1.0 1.0 0.0 1.0 1.0 1.0 1.0
203.43183811061326 130.09762997672703 3.0 3.0 3.0 3.0 None 2.0 2.0 2.0 2.0 5.0 0.0 None 0.0 None 129.75817477309192 101.86289408418241 127.51396476185036 165.2471199647479 None 91.41993540950189 79.49137024271839 88.04017037378074 61.33807332809687 214.1261248053152 29.999909875112678 None 29.999909875112678 None 1.0 1.0 1.0 1.0 0.0 1.0 1.0 1.0 1.0 1.0 1.0 1.0 1.0 1.0
194.7709052145735 135.8827180622443 3.0 3.0 3.0 4.0 None 2.0 2.0 2.0 1.0 None 0.0 None 0.0 None 136.49165338353953 106.78523065194538 135.36939563588103 169.99358486658235 None 96.48026812188549 77.98688088753808 93.21050804033538 59.974709103145884 None 39.99996284464335 None 29.999962844643346 None 1.0 1.0 1.0 1.0 0.0 1.0 1.0 1.0 1.0 0.0 1.0 1.0 1.0 1.0
311.89967096274455 84.8542094267271 3.0 2.0 3.0 3.0 None 1.0 1.0 2.0 1.0 3.0 0.0 None 0.0 None 139.35406457120501 104.65135410303522 138.23149993290326 166.3401211780049 None 94.17640259972264 96.44612036502306 99.49098321402526 73.5851812785466 200.80256080699382 49.999996060162246 None 29.999996060162246 None 1.0 1.0 1.0 1.0 0.0 1.0 1.0 1.0 1.0 1.0 1.0 1.0 1.0 1.0
234.99629780614617 112.62305086113489 3.0 3.0 3.0 3.0 None 3.0 3.0 3.0 2.0 5.0 1.0 None 0.0 None 142.1170350687156 103.4492577554001 142.1170350687156 166.44994392038848 None 93.28355666978165 91.64621268503286 100.88433157745708 80.81561330846822 259.0371782600491 49.99993087196306 None 29.99993087196306 None 1.0 1.0 1.0 1.0 0.0 1.0 1.0 1.0 1.0 1.0 1.0 1.0 1.0 1.0
175.28201461175883 150.9909619570548 3.0 2.0 3.0 4.0 None 2.0 2.0 2.0 1.0 None 0.0 None 0.0 None 129.43952623236697 104.20631406760684 128.6783025479694 166.89608195411904 None 93.49637765799986 77.18104939307113 85.73249788080865 58.7960576967691 None 29.99995897977466 None 29.99995897977466 None 1.0 1.0 1.0 1.0 0.0 1.0 1.0 1.0 1.0 0.0 1.0 1.0 1.0 1.0
199.84586239135214 132.43206380811841 3.0 3.0 3.0 4.0 None 2.0 2.0 2.0 1.0 5.0 1.0 None 0.0 None 133.01642838296127 107.94569035449015 130.77039503233777 171.86958438660017 None 96.50596501932019 81.42562896257954 90.83751595228415 60.72800290498465 222.84478298597853 49.99993801942202 None 29.99993801942202 None 1.0 1.0 1.0 1.0 0.0 1.0 1.0 1.0 1.0 1.0 1.0 1.0 1.0 1.0
151.50313409668234 174.6894554875057 4.0 3.0 4.0 5.0 None 2.0 2.0 2.0 1.0 None 1.0 None 0.0 None 132.2572239385382 103.42225168769355 130.06115539791372 166.1611854244303 None 92.07185772662217 87.70452277862083 96.8972597245423 61.41441323100867 None 39.99993740071745 None 29.99993740071745 None 1.0 1.0 1.0 1.0 0.0 1.0 1.0 1.0 1.0 0.0 1.0 1.0 1.0 1.0
159.4283706248762 166.00558543167102 4.0 3.0 4.0 5.0 None 2.0 2.0 2.0 1.0 None 1.0 None 0.0 None 135.70875820067408 105.48273193756498 134.36983087270755 169.97119027040742 None 95.13282519892651 80.21936540821747 94.56077471699756 60.164132927044264 None 39.99995660753609 None 29.999956607536088 None 1.0 1.0 1.0 1.0 0.0 1.0 1.0 1.0 1.0 0.0 1.0 1.0 1.0 1.0
219.90697578234702 120.35088885126923 3.0 3.0 3.0 3.0 None 2.0 2.0 2.0 1.0 3.0 1.0 None 0.0 None 131.05194076325813 104.29060722374132 128.80945436688626 168.2004822372943 None 93.03937712441908 76.81057661378907 85.73503878903924 58.01213875705685 135.08116448110763 49.99995573231063 None 29.99995573231063 None 1.0 1.0 1.0 1.0 0.0 1.0 1.0 1.0 1.0 1.0 1.0 1.0 1.0 1.0
166.9525981174129 158.52403795110294 4.0 2.0 4.0 5.0 None 2.0 2.0 2.0 1.0 None 1.0 None 0.0 None 140.47051741439753 103.57154504218893 138.52846221408169 167.00039853109368 None 92.70117071999886 91.08357933287633 100.45728654881238 67.77796653899023 None 39.99998173395262 None 29.999981733952627 None 1.0 1.0 1.0 1.0 0.0 1.0 1.0 1.0 1.0 0.0 1.0 1.0 1.0 1.0
211.22643466409133 125.29681733296444 2.0 1.0 2.0 3.0 None 1.0 0.0 0.0 0.0 3.0 0.0 None 0.0 None 129.09858326543744 104.06268415574121 128.3482568019843 165.88378015322357 None 92.82150437378584 77.23909304249452 86.27751087082476 51.189035827680904 181.3126421608423 29.999944572869573 None 29.999944572869573 None 1.0 1.0 1.0 1.0 0.0 1.0 1.0 1.0 1.0 1.0 1.0 1.0 1.0 1.0
176.41833882341868 150.01841745313365 3.0 2.0 3.0 4.0 None 2.0 2.0 2.0 1.0 None 0.0 None 0.0 None 129.12892565327212 102.783160049164 128.57790647442744 165.49366397579738 None 92.10406387701192 76.99527246642043 85.5487442750007 59.08428454607549 None 29.99994313159592 None 29.99994313159592 None 1.0 1.0 1.0 1.0 0.0 1.0 1.0 1.0 1.0 0.0 1.0 1.0 1.0 1.0
164.10963463280837 161.27023900343866 3.0 3.0 3.0 5.0 None 2.0 2.0 2.0 1.0 5.0 1.0 None 0.0 None 131.3620221703426 104.63028046051346 130.1695845382798 169.05848627584626 None 92.88153281050381 77.72850672266458 86.44869967716924 59.36383265872553 178.70284068139065 49.99999823771114 None 29.999998237711143 None 1.0 1.0 1.0 1.0 0.0 1.0 1.0 1.0 1.0 1.0 1.0 1.0 1.0 1.0
217.57409572704157 121.64131907137983 3.0 3.0 3.0 3.0 None 2.0 2.0 2.0 1.0 4.0 1.0 None 0.0 None 133.6006571158827 104.50608116311653 131.35511253726696 168.20553020890492 None 93.68627239310297 77.42846557813519 86.08120081225451 58.45327156316937 188.35700516386984 39.99991606880473 None 29.99991606880473 None 1.0 1.0 1.0 1.0 0.0 1.0 1.0 1.0 1.0 1.0 1.0 1.0 1.0 1.0
137.49557946685343 192.48618830236836 5.0 3.0 5.0 None None 3.0 3.0 3.0 2.0 None 1.0 None 0.0 None 137.80330894912993 105.24304038506916 137.73896845754575 None None 94.01351853281172 91.86896126562152 102.5927930347482 73.38033939550455 None 39.99995877695831 None 29.99995877695831 None 1.0 1.0 1.0 0.0 0.0 1.0 1.0 1.0 1.0 0.0 1.0 1.0 1.0 1.0
191.633194387215 138.10759709261364 4.0 3.0 4.0 4.0 None 2.0 3.0 3.0 2.0 None 0.0 None 0.0 None 143.4099934399588 104.5251795700257 142.28769010225287 168.117329338282 None 93.79450809365954 96.87859931640199 106.07927048844198 86.62604339786171 None 39.99998329529932 None 29.999983295299323 None 1.0 1.0 1.0 1.0 0.0 1.0 1.0 1.0 1.0 0.0 1.0 1.0 1.0 1.0
229.15690909652625 115.49291751378922 3.0 3.0 3.0 4.0 None 3.0 2.0 3.0 2.0 4.0 1.0 None 0.0 None 136.5639739050733 104.4820389507448 135.8455187647386 165.7089632718218 None 94.77338906490886 86.16810972152676 101.09804814678103 61.9416502049679 206.92254595598962 49.999935398400225 None 29.999935398400225 None 1.0 1.0 1.0 1.0 0.0 1.0 1.0 1.0 1.0 1.0 1.0 1.0 1.0 1.0
198.02813330554244 133.64767701549235 4.0 3.0 4.0 4.0 None 2.0 2.0 3.0 2.0 5.0 0.0 None 0.0 None 142.70106816322965 104.0732509612138 141.93960385129785 166.82929461018173 None 93.615398773668 96.80722886043895 105.67711899581897 79.13305954781762 227.2765406616408 29.99999956048294 None 29.99999956048294 None 1.0 1.0 1.0 1.0 0.0 1.0 1.0 1.0 1.0 1.0 1.0 1.0 1.0 1.0
187.29780120903925 141.3043817341018 3.0 2.0 3.0 4.0 None 1.0 1.0 1.0 0.0 None 0.0 None 0.0 None 133.93317578102634 107.13391150845315 131.83900005645447 171.01379463948177 None 96.02951300480473 83.55531110571708 92.1048823787104 71.31739982527027 None 49.99992506395735 None 29.999925063957345 None 1.0 1.0 1.0 1.0 0.0 1.0 1.0 1.0 1.0 0.0 1.0 1.0 1.0 1.0
147.6624264473998 179.23313761492128 4.0 3.0 4.0 5.0 None 3.0 2.0 3.0 2.0 None 0.0 None 0.0 None 130.41124722566994 105.8977151291561 130.21920563671316 167.42806209473153 None 95.22832073024979 86.78022082420408 95.39915688925666 62.90850906865845 None 29.99996885215973 None 29.99996885215973 None 1.0 1.0 1.0 1.0 0.0 1.0 1.0 1.0 1.0 0.0 1.0 1.0 1.0 1.0
166.089368386844 159.34794777686915 3.0 3.0 3.0 5.0 None 2.0 2.0 2.0 2.0 2.0 0.0 None 0.0 None 129.61175548769785 105.64980575821137 129.21045886393935 168.76630091017768 None 95.25976326201906 78.29930587446347 86.84557232237623 59.273064759252776 94.55557905327534 29.99995850541119 None 29.99995850541119 None 1.0 1.0 1.0 1.0 0.0 1.0 1.0 1.0 1.0 1.0 1.0 1.0 1.0 1.0
216.26389651328583 122.378262977307 4.0 3.0 4.0 4.0 None 2.0 2.0 3.0 2.0 5.0 1.0 None 0.0 None 133.90744330988676 105.99479261180684 133.25634176348365 169.45270567383935 None 95.82027696814794 90.66444727532058 99.2154711711132 78.70378796411664 223.40190239168143 39.99999304348202 None 29.999993043482025 None 1.0 1.0 1.0 1.0 0.0 1.0 1.0 1.0 1.0 1.0 1.0 1.0 1.0 1.0
196.81478692051232 134.4716035522719 3.0 3.0 3.0 4.0 None 2.0 2.0 2.0 1.0 5.0 1.0 None 0.0 None 134.16830455091917 104.56526709666636 134.16830455091917 168.83601414107153 None 93.3941318375121 78.42237319406226 86.97096859868014 52.180250023533816 217.95625828125984 49.99998623359869 None 29.999986233598694 None 1.0 1.0 1.0 1.0 0.0 1.0 1.0 1.0 1.0 1.0 1.0 1.0 1.0 1.0
160.20624103467725 165.1995567031083 4.0 3.0 4.0 5.0 None 2.0 2.0 2.0 2.0 4.0 1.0 None 0.0 None 133.69919215624805 104.64051436862395 133.26587690772584 167.12294700508937 None 93.81309559522931 86.98464659218116 97.24236989321697 74.5791092459214 159.06290137571636 49.999990967673156 None 29.999990967673156 None 1.0 1.0 1.0 1.0 0.0 1.0 1.0 1.0 1.0 1.0 1.0 1.0 1.0 1.0
260.5317112481032 101.5845628665009 2.0 1.0 2.0 3.0 None 1.0 1.0 1.0 0.0 3.0 0.0 None 0.0 None 133.47751307498336 106.90758742164886 133.47751307498336 170.46005084462774 None 96.08430371520542 84.87018420648154 94.52026358883617 59.0288282913842 155.6285621386141 39.99995177773286 None 29.99995177773286 None 1.0 1.0 1.0 1.0 0.0 1.0 1.0 1.0 1.0 1.0 1.0 1.0 1.0 1.0
136.14288519711425 194.39870075972934 4.0 4.0 4.0 5.0 None 3.0 3.0 4.0 3.0 None 1.0 None 0.0 None 135.76041022559724 103.44461413905519 135.66493037833038 166.57373607236548 None 92.21777972345393 97.30892288475204 107.43421211192886 80.83984633166308 None 49.999934094755375 None 29.999934094755375 None 1.0 1.0 1.0 1.0 0.0 1.0 1.0 1.0 1.0 0.0 1.0 1.0 1.0 1.0
199.679815862769 132.54218953301168 2.0 1.0 2.0 4.0 None 1.0 0.0 1.0 0.0 3.0 0.0 None 0.0 None 130.85998562288782 106.5120826920049 130.85998562288782 170.38633904203488 None 96.19957546575438 78.76389095055958 87.90251305208145 59.732655461593104 140.76861398283236 39.99997055514725 None 29.99997055514725 None 1.0 1.0 1.0 1.0 0.0 1.0 1.0 1.0 1.0 1.0 1.0 1.0 1.0 1.0
165.5474642685987 159.86955835855778 4.0 2.0 4.0 5.0 None 2.0 2.0 2.0 1.0 None 1.0 None 0.0 None 136.49902424498833 103.83121982583941 134.76177466891446 166.4436810369184 None 92.84790697346135 85.08312313282956 100.52108065620823 67.06842010001333 None 49.999940482847364 None 29.999940482847368 None 1.0 1.0 1.0 1.0 0.0 1.0 1.0 1.0 1.0 0.0 1.0 1.0 1.0 1.0
168.70850974125946 156.87412591451192 4.0 3.0 4.0 5.0 None 2.0 2.0 3.0 2.0 None 1.0 None 0.0 None 135.6636903213665 106.62452032685914 134.57520049560125 169.80768677737086 None 95.99109887601196 91.58126296090045 100.29384826072169 72.04041774746985 None 49.999974385632015 None 29.999974385632015 None 1.0 1.0 1.0 1.0 0.0 1.0 1.0 1.0 1.0 0.0 1.0 1.0 1.0 1.0
233.67543740602395 113.25965747103264 2.0 1.0 2.0 3.0 None 1.0 1.0 1.0 1.0 4.0 1.0 None 0.0 None 127.81532604572816 104.59934906018789 126.90358687832578 164.52884061216741 None 93.8368719354536 73.8658740320451 83.06116452352327 54.67926278299278 208.20101354682464 49.99991664162455 None 29.99991664162455 None 1.0 1.0 1.0 1.0 0.0 1.0 1.0 1.0 1.0 1.0 1.0 1.0 1.0 1.0
140.615892334101 188.21485651932733 4.0 3.0 4.0 5.0 None 3.0 3.0 3.0 2.0 4.0 0.0 None 0.0 None 139.99811740251988 103.49975434675659 138.87492686008284 167.08223912108502 None 92.57813708349707 91.25394423993534 107.34994998166871 73.04849962001725 134.97499372614308 29.999934468521364 None 29.999934468521364 None 1.0 1.0 1.0 1.0 0.0 1.0 1.0 1.0 1.0 1.0 1.0 1.0 1.0 1.0
162.20751694683744 163.16136575023262 4.0 3.0 4.0 5.0 None 2.0 2.0 2.0 1.0 4.0 0.0 None 0.0 None 126.70021039052791 102.3404972363527 125.86647161089262 165.40580903114673 None 92.47958258781287 71.86030319057689 80.92840220254118 52.59155105539365 143.80872319290378 29.9999358884434 None 29.9999358884434 None 1.0 1.0 1.0 1.0 0.0 1.0 1.0 1.0 1.0 1.0 1.0 1.0 1.0 1.0
206.01321895443226 128.46748443775334 4.0 3.0 4.0 4.0 None 2.0 2.0 3.0 1.0 5.0 1.0 None 0.0 None 134.71169135489708 104.34460328124781 132.46670329353634 167.2045756271446 None 93.11595683927439 83.64860936679956 98.28993386442379 58.903445778034026 208.21232318211986 39.99999111139316 None 29.999991111393157 None 1.0 1.0 1.0 1.0 0.0 1.0 1.0 1.0 1.0 1.0 1.0 1.0 1.0 1.0
206.46353614048834 128.18728427663459 2.0 1.0 2.0 3.0 None 1.0 1.0 1.0 0.0 4.0 1.0 None 0.0 None 128.7184793299649 104.89634479094508 128.7184793299649 167.6133048663839 None 93.64823758462964 69.8434223450455 79.06291444262325 44.53159425069422 196.89860462678953 49.99998639626764 None 29.999986396267637 None 1.0 1.0 1.0 1.0 0.0 1.0 1.0 1.0 1.0 1.0 1.0 1.0 1.0 1.0
228.04008814382127 116.05854135308137 2.0 1.0 2.0 3.0 None 1.0 1.0 1.0 1.0 None 1.0 None 0.0 None 131.05389897376807 106.26480748460291 131.05389897376807 171.41434277930253 None 94.76736894324493 75.44265954410977 89.77916914195316 61.56119978527967 None 39.9999478068426 None 29.999947806842602 None 1.0 1.0 1.0 1.0 0.0 1.0 1.0 1.0 1.0 0.0 1.0 1.0 1.0 1.0
164.51575745409835 160.87212805365647 4.0 3.0 4.0 5.0 None 2.0 2.0 3.0 2.0 4.0 1.0 None 0.0 None 137.15005019952736 105.23791634729204 132.96408431932082 168.62967648063741 None 94.46218355346099 84.88247539073038 100.26346530109512 73.96783964526634 157.39729996731705 49.999983503941 None 29.999983503941003 None 1.0 1.0 1.0 1.0 0.0 1.0 1.0 1.0 1.0 1.0 1.0 1.0 1.0 1.0
173.88552859124326 152.20358021980218 3.0 3.0 3.0 4.0 None 2.0 2.0 2.0 1.0 5.0 1.0 None 0.0 None 129.29404110188278 105.84793054556518 129.2323321702604 170.2984006803241 None 94.99643139231772 83.8634083207904 92.88966680431396 66.24043625143351 202.4495131642206 39.99999674180951 None 29.99999674180951 None 1.0 1.0 1.0 1.0 0.0 1.0 1.0 1.0 1.0 1.0 1.0 1.0 1.0 1.0
206.20631459391723 128.34718496433817 2.0 1.0 2.0 3.0 None 1.0 1.0 1.0 0.0 2.0 0.0 None 0.0 0.0 140.37160124704215 103.44823136529119 140.37160124704215 165.6150163339572 None 93.23623008875765 91.57650543093511 106.38327595460233 66.5252224088051 114.95915838124954 39.999990004411856 None 29.999990004411853 29.999990004411853 1.0 1.0 1.0 1.0 0.0 1.0 1.0 1.0 1.0 1.0 1.0 1.0 1.0 1.0
158.42864162594267 167.05312706327084 3.0 2.0 3.0 5.0 None 2.0 2.0 2.0 1.0 None 0.0 None 0.0 None 135.41662322993372 106.32610145258043 135.41662322993372 171.26445573701815 None 94.96654735324759 91.57093868851071 100.14760239346897 67.58190500171489 None 49.999925787982434 None 29.999925787982438 None 1.0 1.0 1.0 1.0 0.0 1.0 1.0 1.0 1.0 0.0 1.0 1.0 1.0 1.0
197.42784196929017 134.05404088911015 4.0 3.0 4.0 4.0 None 2.0 2.0 3.0 2.0 5.0 1.0 None 0.0 None 137.91912290919674 104.92900639755926 134.87513257759525 167.98492541244403 None 93.21498723143871 90.01536991453574 104.81260367355587 72.34571679713486 211.87013204092995 49.9999218257736 None 29.999921825773594 None 1.0 1.0 1.0 1.0 0.0 1.0 1.0 1.0 1.0 1.0 1.0 1.0 1.0 1.0
295.50414296459934 89.5621960981121 2.0 2.0 2.0 2.0 None 1.0 1.0 2.0 1.0 3.0 0.0 None 0.0 None 140.8395403561363 107.43031599374211 140.8395403561363 171.3273596480559 None 96.81601903989295 90.68557484470482 105.8538968686729 79.92970225880481 250.43635286335623 49.99999325409604 None 29.999993254096037 None 1.0 1.0 1.0 1.0 0.0 1.0 1.0 1.0 1.0 1.0 1.0 1.0 1.0 1.0
212.4098075509105 124.5987664371694 2.0 1.0 2.0 3.0 None 1.0 0.0 1.0 0.0 4.0 0.0 None 0.0 None 131.87204613413306 103.63327103338914 130.75042796359895 168.2719442359084 None 93.45360712533318 80.4019391620736 91.01808615951109 54.680362071942994 179.0004320591082 49.99995400285674 None 29.999954002856743 None 1.0 1.0 1.0 1.0 0.0 1.0 1.0 1.0 1.0 1.0 1.0 1.0 1.0 1.0
160.49061922362498 164.9068346052221 4.0 3.0 4.0 5.0 None 2.0 2.0 2.0 1.0 None 1.0 None 0.0 None 138.26887056140814 104.6659299552352 137.50757019608008 168.84812208225625 None 93.37128425684739 80.53039147856217 89.07724124292908 60.56326551935118 None 39.999943185872255 None 29.999943185872258 None 1.0 1.0 1.0 1.0 0.0 1.0 1.0 1.0 1.0 0.0 1.0 1.0 1.0 1.0
165.74529456858156 159.67874122090979 3.0 3.0 3.0 5.0 None 2.0 2.0 2.0 1.0 5.0 1.0 None 0.0 None 130.24131248100062 104.23691308995824 129.47963448154212 166.32937825398696 None 93.45476883586676 76.66768890345325 86.84699230281039 58.314278693423475 184.91722933869107 49.999986388262855 None 29.99998638826285 None 1.0 1.0 1.0 1.0 0.0 1.0 1.0 1.0 1.0 1.0 1.0 1.0 1.0 1.0
141.02838945425268 187.66434263638203 4.0 3.0 4.0 5.0 None 3.0 2.0 2.0 1.0 None 0.0 None 0.0 None 123.70132407904308 105.69084336931621 121.69614777470278 168.9476229185548 None 95.03040887987598 76.74450985677248 85.29086756911764 58.53070899406017 None 29.999923475879548 None 29.999923475879548 None 1.0 1.0 1.0 1.0 0.0 1.0 1.0 1.0 1.0 0.0 1.0 1.0 1.0 1.0
147.94610346340437 178.88946974900608 4.0 3.0 4.0 5.0 None 2.0 2.0 2.0 2.0 None 1.0 None 0.0 None 133.4635816493212 106.26785214681105 131.40432588272728 169.46152141586174 None 95.92357604773065 87.30333170645908 96.47511930208195 69.5434276061105 None 49.99998625091594 None 29.99998625091594 None 1.0 1.0 1.0 1.0 0.0 1.0 1.0 1.0 1.0 0.0 1.0 1.0 1.0 1.0
214.99255010818538 123.10193998202342 2.0 1.0 2.0 3.0 None 1.0 0.0 1.0 0.0 3.0 0.0 None 0.0 None 129.6200655720861 103.80160905617956 129.52160216535202 166.72385762708592 None 93.01514158383071 76.80826165269494 87.43537205250527 57.710694537860796 147.82624539890443 29.999916626887746 None 29.999916626887746 None 1.0 1.0 1.0 1.0 0.0 1.0 1.0 1.0 1.0 1.0 1.0 1.0 1.0 1.0
213.33093264300425 124.06077108512514 3.0 2.0 3.0 3.0 None 2.0 2.0 2.0 1.0 4.0 1.0 None 0.0 None 132.57441799561403 102.45840089722206 131.54270260361153 165.9099930583668 None 91.32321859807146 72.13081831728114 86.52924580987289 51.64335554755688 204.2849623577968 39.99991971759137 None 29.99991971759137 None 1.0 1.0 1.0 1.0 0.0 1.0 1.0 1.0 1.0 1.0 1.0 1.0 1.0 1.0
205.50344905607508 128.7861596560275 4.0 3.0 4.0 4.0 None 2.0 2.0 3.0 2.0 4.0 1.0 None 0.0 None 140.30151106821083 102.78077310954794 138.05724627014476 166.53539876743895 None 91.36059849624903 91.97516233252207 100.87482275594661 67.4825515817752 199.2356303916179 39.999910242734266 None 29.999910242734266 None 1.0 1.0 1.0 1.0 0.0 1.0 1.0 1.0 1.0 1.0 1.0 1.0 1.0 1.0
137.190324201407 192.9144796038653 5.0 3.0 5.0 None None 3.0 3.0 3.0 2.0 None 1.0 None 0.0 None 141.7668912369411 106.15131524489672 141.30373618622565 None None 94.68965858163732 91.54048630351262 107.59051421712763 75.2021568276888 None 49.999985701981586 None 29.999985701981583 None 1.0 1.0 1.0 0.0 0.0 1.0 1.0 1.0 1.0 0.0 1.0 1.0 1.0 1.0
178.78699548323166 148.0309008407842 3.0 3.0 3.0 4.0 None 3.0 3.0 3.0 2.0 None 1.0 None 0.0 None 139.2268793617149 104.50354235622025 139.2268793617149 167.62605465367108 None 93.76957593571026 97.34722515201946 100.39081573697943 74.90406419864043 None 49.999909375437866 None 29.999909375437863 None 1.0 1.0 1.0 1.0 0.0 1.0 1.0 1.0 1.0 0.0 1.0 1.0 1.0 1.0
178.1068375607807 148.59620417979866 3.0 2.0 3.0 4.0 None 2.0 2.0 2.0 1.0 4.0 1.0 None 0.0 None 133.91977586535344 104.84008737284074 131.67550228260004 167.85486428873128 None 94.11464285361143 82.75923151251794 91.30447364511791 64.97424531420039 174.8125420697931 49.99991698724986 None 29.99991698724986 None 1.0 1.0 1.0 1.0 0.0 1.0 1.0 1.0 1.0 1.0 1.0 1.0 1.0 1.0
161.61592408790926 163.75861567703006 4.0 3.0 4.0 5.0 None 2.0 2.0 2.0 1.0 4.0 0.0 None 0.0 None 130.48199556432144 105.2778334466821 129.7212811832091 169.6465156289401 None 94.7775424954394 77.78364846598464 86.99245760186191 52.91021925025363 152.4482499327657 29.999923037214344 None 29.999923037214344 None 1.0 1.0 1.0 1.0 0.0 1.0 1.0 1.0 1.0 1.0 1.0 1.0 1.0 1.0
171.77309073680183 154.0753553800365 3.0 3.0 3.0 4.0 None 2.0 2.0 2.0 1.0 5.0 1.0 None 0.0 None 130.18333528535467 105.13498356441326 129.42159743248513 165.72601653868477 None 93.6146369670977 77.41793706901865 86.54557443890648 58.59571115463551 185.550034996473 49.999905916255244 None 29.999905916255248 None 1.0 1.0 1.0 1.0 0.0 1.0 1.0 1.0 1.0 1.0 1.0 1.0 1.0 1.0
216.68140623546788 122.14246002833937 3.0 3.0 3.0 4.0 None 2.0 2.0 2.0 1.0 4.0 1.0 None 0.0 None 131.4496401123262 106.52419769975546 130.6882717349662 171.2933269213918 None 96.02071940368688 77.60637903313506 88.21091695350881 59.00762768015709 204.35458881667998 39.99994040972553 None 29.999940409725532 None 1.0 1.0 1.0 1.0 0.0 1.0 1.0 1.0 1.0 1.0 1.0 1.0 1.0 1.0
143.82917073679113 184.00996031905834 4.0 3.0 4.0 5.0 None 3.0 2.0 2.0 1.0 None 1.0 None 0.0 None 130.14824821862112 106.5456779724688 128.29529934400318 171.7470860835595 None 95.13679144465142 82.64628555347207 85.68998616798885 65.03605078490654 None 49.999965295465685 None 29.999965295465685 None 1.0 1.0 1.0 1.0 0.0 1.0 1.0 1.0 1.0 0.0 1.0 1.0 1.0 1.0
244.00471404751443 108.46511758312317 2.0 1.0 2.0 3.0 None 1.0 1.0 1.0 1.0 None 1.0 None 0.0 None 136.45686476649405 105.02919788971202 136.45686476649405 169.17531862912858 None 93.62691289847264 90.20321660141083 99.42312314307485 60.45964529724961 None 39.999907248142804 None 29.999907248142804 None 1.0 1.0 1.0 1.0 0.0 1.0 1.0 1.0 1.0 0.0 1.0 1.0 1.0 1.0
197.90316508900943 133.73207036934747 4.0 3.0 4.0 4.0 None 3.0 2.0 3.0 2.0 4.0 0.0 None 0.0 None 130.386060505305 106.05777160489863 128.12320108162385 167.84050886539677 None 95.10139212377514 85.26800139976207 95.4384189731224 66.37450434636725 191.65916760938674 29.99997757871996 None 29.99997757871996 None 1.0 1.0 1.0 1.0 0.0 1.0 1.0 1.0 1.0 1.0 1.0 1.0 1.0 1.0
204.18381635124723 129.61850000135104 2.0 2.0 2.0 3.0 None 2.0 2.0 2.0 2.0 5.0 1.0 None 0.0 None 131.1855253926306 105.88887399107001 130.275932597571 167.6285502459193 None 94.26312203016305 78.76373947618015 89.28123236327258 65.78941766179913 208.8948653715354 39.99999788991029 None 29.99999788991029 None 1.0 1.0 1.0 1.0 0.0 1.0 1.0 1.0 1.0 1.0 1.0 1.0 1.0 1.0
226.6643815330387 116.76294184819817 3.0 3.0 3.0 4.0 None 2.0 2.0 2.0 1.0 4.0 1.0 None 0.0 None 130.72344412915822 106.13316293078663 129.9632230964552 168.15501475082024 None 95.12693131037996 80.59630849789 89.14880742101536 54.15878439114398 137.7835585140212 49.999934502615076 None 29.99993450261508 None 1.0 1.0 1.0 1.0 0.0 1.0 1.0 1.0 1.0 1.0 1.0 1.0 1.0 1.0
214.07304042928587 123.63070075020697 4.0 3.0 4.0 4.0 None 3.0 3.0 3.0 2.0 None 1.0 None 0.0 None 134.85715618377844 105.55265937572125 132.6145048941633 169.73701020396146 None 93.52567759151209 92.86275604584627 101.9981460738052 74.09465779974502 None 49.9999566312047 None 29.999956631204697 None 1.0 1.0 1.0 1.0 0.0 1.0 1.0 1.0 1.0 0.0 1.0 1.0 1.0 1.0
161.98772811781038 163.38274699890732 4.0 3.0 4.0 5.0 None 2.0 2.0 2.0 1.0 None 1.0 None 0.0 None 133.41231478848923 105.96091123673357 131.1686244670579 168.44909356702098 None 94.93558769433979 85.00785366842373 94.73090032966256 67.90996985851068 None 49.99995231115001 None 29.999952311150007 None 1.0 1.0 1.0 1.0 0.0 1.0 1.0 1.0 1.0 0.0 1.0 1.0 1.0 1.0
149.87586783857387 176.58613345615865 4.0 3.0 4.0 5.0 None 3.0 2.0 2.0 1.0 None 1.0 None 0.0 None 128.8919730625771 106.67088738169551 128.13056483364227 168.14725590913037 None 95.98701069375394 71.66837860682696 86.2549026954295 52.127003661729574 None 49.999953284107335 None 29.999953284107335 None 1.0 1.0 1.0 1.0 0.0 1.0 1.0 1.0 1.0 0.0 1.0 1.0 1.0 1.0
155.60912713123656 170.07999779909622 4.0 3.0 4.0 5.0 None 2.0 2.0 3.0 2.0 None 0.0 None 0.0 None 141.9113319228719 105.18017131736161 140.69860334055906 169.62271463692642 None 94.22297724898974 90.24596342059212 101.02494311569242 80.1241594619662 None 29.999948277984792 None 29.999948277984792 None 1.0 1.0 1.0 1.0 0.0 1.0 1.0 1.0 1.0 0.0 1.0 1.0 1.0 1.0
167.7964279517554 157.72683794919323 4.0 3.0 4.0 5.0 None 2.0 2.0 2.0 1.0 None 1.0 None 0.0 None 135.94569109121548 107.4324224115604 135.80062279851688 170.6609413366116 None 95.48836379069846 79.10972936648108 87.97992536612773 60.28973689914482 None 49.999992156515084 None 29.999992156515084 None 1.0 1.0 1.0 1.0 0.0 1.0 1.0 1.0 1.0 0.0 1.0 1.0 1.0 1.0
160.40584689077042 164.99398564955195 4.0 3.0 4.0 5.0 None 2.0 2.0 2.0 2.0 None 1.0 None 0.0 None 134.69699812253077 104.10247150631636 133.42628674912 163.61168833301477 None 93.68521919527993 83.64126455439947 92.81120195252083 66.43106880337865 None 49.99992711129941 None 29.999927111299407 None 1.0 1.0 1.0 1.0 0.0 1.0 1.0 1.0 1.0 0.0 1.0 1.0 1.0 1.0
248.24135101106694 106.61398631696984 3.0 1.0 3.0 3.0 None 1.0 1.0 1.0 0.0 3.0 0.0 None 0.0 None 142.44226705156996 102.66391526121078 142.12958401162913 166.4986465039483 None 91.70407703139625 91.48105784144126 108.09948729313535 74.93647769477887 179.07115545964828 39.999952722765926 None 29.999952722765926 None 1.0 1.0 1.0 1.0 0.0 1.0 1.0 1.0 1.0 1.0 1.0 1.0 1.0 1.0
197.3000023386276 134.14090058942924 4.0 3.0 4.0 4.0 None 2.0 2.0 2.0 1.0 5.0 1.0 None 0.0 None 136.3797248690168 104.19958558328929 135.1815587914693 166.34854094077667 None 93.15884625276064 79.84985101134389 93.96921959264724 60.49468485778566 213.98925564901782 39.999912949388914 None 29.999912949388918 None 1.0 1.0 1.0 1.0 0.0 1.0 1.0 1.0 1.0 1.0 1.0 1.0 1.0 1.0
226.40602934955237 116.89618017698047 3.0 1.0 3.0 3.0 None 1.0 1.0 1.0 1.0 5.0 0.0 None 0.0 None 136.943570496267 107.02009278125684 136.18255788613558 170.65824540313514 None 94.8651051993703 90.45375714418387 100.77230385735439 79.83408457762376 228.11675210759822 39.999919267534864 None 29.99991926753486 None 1.0 1.0 1.0 1.0 0.0 1.0 1.0 1.0 1.0 1.0 1.0 1.0 1.0 1.0
198.38975678323607 133.40406495339974 3.0 1.0 3.0 4.0 None 1.0 1.0 1.0 0.0 5.0 0.0 None 0.0 None 141.38484685142836 106.05644549507308 140.62440814725596 170.56276180916623 None 94.83165199826261 85.95943957341456 100.59832183010055 59.98571236108883 224.89602452866137 39.999993474594206 None 29.999993474594202 None 1.0 1.0 1.0 1.0 0.0 1.0 1.0 1.0 1.0 1.0 1.0 1.0 1.0 1.0
189.64666304932592 139.55426145893406 4.0 3.0 4.0 4.0 None 3.0 2.0 3.0 2.0 5.0 1.0 None 0.0 None 135.7057347848567 104.2513837521554 133.46115260311552 168.19504949886482 None 93.29518299173596 80.44819811545891 95.34632525124015 66.92812916887753 204.9119248461338 49.99992805953501 None 29.99992805953501 None 1.0 1.0 1.0 1.0 0.0 1.0 1.0 1.0 1.0 1.0 1.0 1.0 1.0 1.0
239.9616670077227 110.29261602499304 3.0 2.0 3.0 3.0 None 1.0 1.0 2.0 1.0 5.0 0.0 None 0.0 None 138.1035739235554 106.69060033027637 136.9815899253963 169.68685901499873 None 96.15343033616979 98.6696177134204 107.45149089871609 81.8111825618826 248.1556699311544 49.99993158700997 None 29.99993158700997 None 1.0 1.0 1.0 1.0 0.0 1.0 1.0 1.0 1.0 1.0 1.0 1.0 1.0 1.0
139.9007812502054 189.17692784479104 4.0 3.0 4.0 5.0 None 3.0 3.0 3.0 2.0 None 1.0 None 0.0 None 133.03098647361227 106.19684354999782 132.31122561683355 170.02261067332336 None 95.7426698019598 82.90365741058342 91.76366138473819 65.1728920522951 None 39.99995887795484 None 29.999958877954843 None 1.0 1.0 1.0 1.0 0.0 1.0 1.0 1.0 1.0 0.0 1.0 1.0 1.0 1.0
232.58470965423572 113.7907992289983 3.0 2.0 3.0 3.0 None 2.0 2.0 2.0 1.0 4.0 1.0 None 0.0 None 129.6077216232289 105.65190220254914 127.36368629494373 169.688694813261 None 94.48115617500028 75.87470942038772 85.0855811532401 50.53797397507534 202.11228564251448 49.99997001629698 None 29.999970016296977 None 1.0 1.0 1.0 1.0 0.0 1.0 1.0 1.0 1.0 1.0 1.0 1.0 1.0 1.0
280.6816309449682 94.29188476245191 3.0 1.0 3.0 3.0 None 1.0 1.0 1.0 0.0 3.0 0.0 None 0.0 None 135.0450159888715 101.30000745337814 134.89144936024326 164.7746894267355 None 90.61845604374071 83.44790229151317 92.82104102391592 72.26914571985046 192.17126350913327 49.999992185145615 None 29.999992185145615 None 1.0 1.0 1.0 1.0 0.0 1.0 1.0 1.0 1.0 1.0 1.0 1.0 1.0 1.0
210.2431873699397 125.88279473441847 3.0 2.0 3.0 4.0 None 2.0 1.0 2.0 1.0 4.0 0.0 None 0.0 None 130.97727248175386 106.32164093160088 129.0079415383238 168.80701554087824 None 95.13692769373883 81.17463109287999 89.72437982543234 54.579300304400576 172.6971805308001 39.99998415408868 None 29.99998415408868 None 1.0 1.0 1.0 1.0 0.0 1.0 1.0 1.0 1.0 1.0 1.0 1.0 1.0 1.0
191.90559339655175 137.91156126080665 3.0 3.0 3.0 4.0 None 2.0 2.0 2.0 2.0 4.0 0.0 None 0.0 None 131.2159668898932 105.08928979171867 130.45494821731876 166.71950055018453 None 94.35132954448943 77.79569872967599 87.0317251248999 65.34680754366883 165.93527782153538 29.9999686432892 None 29.9999686432892 None 1.0 1.0 1.0 1.0 0.0 1.0 1.0 1.0 1.0 1.0 1.0 1.0 1.0 1.0
161.57323811629203 163.8018790027043 4.0 2.0 4.0 5.0 None 2.0 2.0 2.0 1.0 None 0.0 None 0.0 None 142.64928828421492 102.13853429490213 139.68106822021068 167.63795865427198 None 91.60268975455593 87.03636553829786 96.25469708666317 69.0619039338042 None 29.999935682242363 None 29.999935682242363 None 1.0 1.0 1.0 1.0 0.0 1.0 1.0 1.0 1.0 0.0 1.0 1.0 1.0 1.0
147.96954432291102 178.8611306543174 4.0 3.0 4.0 5.0 None 3.0 3.0 3.0 1.0 None 2.0 None 0.0 None 137.89886962442665 106.92933787447333 135.65452786757797 169.53706889846185 None 95.5111547254285 92.43583235113542 106.74797457522644 67.65725769161003 None 69.9999808728902 None 29.999980872890212 None 1.0 1.0 1.0 1.0 0.0 1.0 1.0 1.0 1.0 0.0 1.0 1.0 1.0 1.0
225.93158161313386 117.14165771352029 3.0 3.0 3.0 3.0 None 2.0 2.0 2.0 1.0 3.0 1.0 None 0.0 None 131.6738881104881 103.3445528635333 131.20877585700933 166.8450608422471 None 93.3768938094841 78.97022686127416 87.66574281020922 58.719817533842615 105.14250944781847 39.9999199592954 None 29.9999199592954 None 1.0 1.0 1.0 1.0 0.0 1.0 1.0 1.0 1.0 1.0 1.0 1.0 1.0 1.0
149.89530070703938 176.56324030948826 4.0 3.0 4.0 5.0 None 3.0 2.0 3.0 1.0 None 1.0 None 0.0 None 137.5223946767734 106.18976664858045 136.76232872091185 168.66076259629224 None 95.28387762660392 87.123616609602 95.67502014283272 68.29155515451816 None 49.99993109480303 None 29.99993109480303 None 1.0 1.0 1.0 1.0 0.0 1.0 1.0 1.0 1.0 0.0 1.0 1.0 1.0 1.0
148.38638547224247 178.35868105939406 4.0 3.0 4.0 5.0 None 3.0 3.0 3.0 2.0 5.0 1.0 None 0.0 None 132.8492249842677 104.91394468250726 132.08885484749982 169.00986963974535 None 94.2447030677917 85.13880026715589 94.70671205621278 67.5047864715126 165.98864896804943 49.99994578030668 None 29.999945780306682 None 1.0 1.0 1.0 1.0 0.0 1.0 1.0 1.0 1.0 1.0 1.0 1.0 1.0 1.0
272.32648691848976 97.18481775120742 2.0 1.0 2.0 2.0 None 1.0 1.0 1.0 0.0 2.0 0.0 None 0.0 None 130.74451472967704 104.82837118027248 127.65095457295939 165.4987879514058 None 94.94610670011156 79.9356049067149 89.16217694355922 68.0804571572162 167.97808194306734 29.99991864029579 None 29.99991864029579 None 1.0 1.0 1.0 1.0 0.0 1.0 1.0 1.0 1.0 1.0 1.0 1.0 1.0 1.0
179.75271221857543 147.23560870568625 3.0 3.0 3.0 4.0 None 3.0 2.0 2.0 1.0 3.0 2.0 None 0.0 None 130.77295415055704 109.05185783352742 130.4033603765041 173.5998345272119 None 97.9997455943239 72.88058432237969 87.53037893948054 51.34251544643904 138.7737597838726 79.99992139843032 None 29.999921398430317 None 1.0 1.0 1.0 1.0 0.0 1.0 1.0 1.0 1.0 1.0 1.0 1.0 1.0 1.0
203.24425813395277 130.2177008245762 2.0 1.0 2.0 3.0 None 1.0 1.0 1.0 0.0 2.0 0.0 None 0.0 None 133.6396114196008 104.81942739427095 131.39497845954216 166.96398692064105 None 93.98906326017968 85.28762643960908 94.27382142299219 60.21332931556502 139.7427385296459 49.99993624784031 None 29.999936247840314 None 1.0 1.0 1.0 1.0 0.0 1.0 1.0 1.0 1.0 1.0 1.0 1.0 1.0 1.0
190.1891674817565 139.1561903889121 4.0 3.0 4.0 4.0 None 3.0 2.0 2.0 1.0 4.0 1.0 None 0.0 None 135.5204442209983 106.0664138041591 133.99827133978386 170.12841823179593 None 94.803882421497 76.52921019803374 91.70158101779933 57.466944928281734 159.76838038163567 39.99991538412853 None 29.999915384128528 None 1.0 1.0 1.0 1.0 0.0 1.0 1.0 1.0 1.0 1.0 1.0 1.0 1.0 1.0
160.2572668263171 165.14695729013775 4.0 3.0 3.0 5.0 None 2.0 2.0 2.0 2.0 None 1.0 None 0.0 None 133.6145971641099 104.7876981711895 132.49207861976015 166.94954127709502 None 93.6885401466086 91.78498103481759 94.83047595592512 74.66289396565922 None 49.99991970179556 None 29.99991970179556 None 1.0 1.0 1.0 1.0 0.0 1.0 1.0 1.0 1.0 0.0 1.0 1.0 1.0 1.0
144.91399381345175 182.6324656683589 4.0 3.0 4.0 5.0 None 3.0 3.0 3.0 2.0 None 0.0 None 0.0 None 130.69947407971318 105.27043326816104 129.9391783133651 168.50678065980512 None 93.64305911516786 84.746439399608 93.45853529796375 67.45492270173327 None 29.999944018005348 None 29.999944018005348 None 1.0 1.0 1.0 1.0 0.0 1.0 1.0 1.0 1.0 0.0 1.0 1.0 1.0 1.0
217.92941295938456 121.44299220836454 3.0 2.0 3.0 3.0 None 2.0 1.0 1.0 1.0 3.0 1.0 None 0.0 None 129.63108099360528 104.3534292488625 129.28039170434533 169.8944004110392 None 93.54662777672105 72.56912190135502 81.27226529527783 59.530189705385254 182.3540134817116 49.99997616046339 None 29.999976160463387 None 1.0 1.0 1.0 1.0 0.0 1.0 1.0 1.0 1.0 1.0 1.0 1.0 1.0 1.0
262.74966149986176 100.7270565028451 2.0 1.0 2.0 3.0 None 1.0 1.0 1.0 0.0 3.0 0.0 None 0.0 None 133.94440734404128 106.3586992083545 133.94440734404128 171.7246702919087 None 95.38938820558988 83.16351842501106 86.20757025722531 64.74316970850765 187.89457970754424 49.99999611683369 None 29.999996116833692 None 1.0 1.0 1.0 1.0 0.0 1.0 1.0 1.0 1.0 1.0 1.0 1.0 1.0 1.0
189.12829657901148 139.93675446097717 3.0 3.0 3.0 4.0 None 3.0 3.0 3.0 2.0 5.0 1.0 None 0.0 None 137.10854619668874 105.40912179899715 136.815299602356 167.91969613293642 None 94.66462236537626 87.90582386562816 96.60215545214601 71.56938460729573 216.2789700128485 49.999925891260915 None 29.99992589126092 None 1.0 1.0 1.0 1.0 0.0 1.0 1.0 1.0 1.0 1.0 1.0 1.0 1.0 1.0
190.0698144136792 139.24357258748003 2.0 1.0 2.0 4.0 None 1.0 1.0 1.0 0.0 4.0 0.0 None 0.0 None 135.80392029751212 104.5976354969782 135.80392029751212 167.83356647303216 None 93.98911674843168 85.54098880559556 88.5841257568609 67.52747326777548 183.75495535634863 49.999921120897824 None 29.99992112089782 None 1.0 1.0 1.0 1.0 0.0 1.0 1.0 1.0 1.0 1.0 1.0 1.0 1.0 1.0
