213.6732922616705 182.66204253642863 5.0 4.0 5.0 None None 4.0 4.0 5.0 3.0 7.0 1.0 None 1.0 None 158.316258574436 149.3203148536079 158.316258574436 None None 136.5437179283312 136.2459015539584 153.286304013292 105.38611471852055 237.6001302468544 29.999903790633894 None 29.999903790633894 None 1.0 1.0 1.0 0.0 0.0 1.0 1.0 1.0 1.0 1.0 1.0 1.0 1.0 1.0
287.4050487490398 135.80137220929873 4.0 4.0 4.0 5.0 None 3.0 3.0 3.0 3.0 None 1.0 None 1.0 None 157.84009895090057 151.92722787442133 158.7636023140163 252.54669016571987 None 139.25160210988147 122.56384995529876 142.88202157543208 95.26599432704938 None 39.99993284681407 None 29.99993284681407 None 1.0 1.0 1.0 1.0 0.0 1.0 1.0 1.0 1.0 0.0 1.0 1.0 1.0 1.0
265.1634481911814 147.192232814304 4.0 4.0 4.0 6.0 None 3.0 3.0 3.0 2.0 4.0 0.0 None 0.0 None 157.2746038862094 153.63996005501247 158.1743334669391 252.6129740670068 None 140.82840452576178 128.73996376736116 145.42623179165295 95.79221484966016 182.96664827816576 29.999937365515226 None 29.999937365515226 None 1.0 1.0 1.0 1.0 0.0 1.0 1.0 1.0 1.0 1.0 1.0 1.0 1.0 1.0
259.0452402054319 150.66866300669275 4.0 4.0 4.0 6.0 None 3.0 3.0 4.0 2.0 None 1.0 None 0.0 None 161.57059628068902 151.38683860461543 163.79601522637762 250.32296340949893 None 138.31571861069745 132.84841757114123 153.28033403649965 98.35097800785515 None 39.99996509479466 None 29.99996509479466 None 1.0 1.0 1.0 1.0 0.0 1.0 1.0 1.0 1.0 0.0 1.0 1.0 1.0 1.0
230.8243195100123 169.0896352812903 4.0 4.0 4.0 7.0 None 4.0 4.0 4.0 3.0 6.0 1.0 None 1.0 None 155.25321669859602 151.16291135074584 154.14060483682948 252.2973212467793 None 140.19665524015852 124.18150553227059 146.67624156069883 95.85887954622548 211.4596316710845 39.99997589978324 None 29.99997589978324 None 1.0 1.0 1.0 1.0 0.0 1.0 1.0 1.0 1.0 1.0 1.0 1.0 1.0 1.0
277.4514746151723 140.6732476521704 4.0 3.0 4.0 5.0 None 3.0 3.0 3.0 2.0 None 1.0 None 1.0 None 158.01653788801482 147.38853706281284 157.53457524465117 246.6095522251681 None 133.93098617609857 133.44225325661245 149.03658141349692 103.10516077202698 None 29.9999460811913 None 29.9999460811913 None 1.0 1.0 1.0 1.0 0.0 1.0 1.0 1.0 1.0 0.0 1.0 1.0 1.0 1.0
232.08241747558196 168.17301553706218 5.0 4.0 5.0 7.0 None 4.0 4.0 5.0 4.0 None 1.0 None 1.0 None 157.48421130538125 152.0366071499387 157.48421130538125 252.4781793539339 None 139.04228418747783 141.7641774105629 157.48421130538125 105.81176243159013 None 39.99991664910305 None 29.99991664910305 None 1.0 1.0 1.0 1.0 0.0 1.0 1.0 1.0 1.0 0.0 1.0 1.0 1.0 1.0
230.14653546337797 169.58760609373 4.0 4.0 4.0 7.0 None 4.0 4.0 4.0 3.0 6.0 1.0 None 1.0 None 160.36507518513085 149.61910084026837 160.36507518513085 246.34543532059206 None 137.20699056051305 134.33539089549282 150.20335743146163 112.02852613221835 209.66843480615213 29.999976352478075 None 29.999976352478075 None 1.0 1.0 1.0 1.0 0.0 1.0 1.0 1.0 1.0 1.0 1.0 1.0 1.0 1.0
195.99930532560035 199.1333588410536 5.0 5.0 5.0 None None 4.0 4.0 4.0 3.0 None 1.0 None 1.0 None 152.6566762536535 152.31450378691204 150.43305795295282 None None 138.88948877970952 130.28608998517305 145.10776416246273 96.53723049092106 None 39.999952062857176 None 29.999952062857176 None 1.0 1.0 1.0 0.0 0.0 1.0 1.0 1.0 1.0 0.0 1.0 1.0 1.0 1.0
276.04352974037016 141.39074383199366 4.0 4.0 4.0 6.0 None 4.0 3.0 4.0 2.0 7.0 1.0 None 1.0 None 154.69103251159112 152.60647535628559 154.02612016420468 252.54693767286528 None 140.8067459530356 126.15831766641398 146.84026266688235 87.95504096048413 299.7019334281881 39.99992242406234 None 29.99992242406234 None 1.0 1.0 1.0 1.0 0.0 1.0 1.0 1.0 1.0 1.0 1.0 1.0 1.0 1.0
258.6770589464547 150.88311332656323 4.0 4.0 4.0 6.0 None 4.0 3.0 4.0 3.0 None 1.0 None 1.0 None 159.34518958590425 155.83841655107508 158.23267461395162 253.31973667241132 None 142.89035999725454 135.6580250932626 151.2702673036245 113.26375877604087 None 49.999926239210275 None 29.999926239210275 None 1.0 1.0 1.0 1.0 0.0 1.0 1.0 1.0 1.0 0.0 1.0 1.0 1.0 1.0
224.9861423153167 173.47735108636022 5.0 4.0 5.0 7.0 None 4.0 4.0 4.0 3.0 None 1.0 None 0.0 None 160.72359870766041 149.88104654916938 160.72359870766041 248.35342775098505 None 137.03338980205578 142.4358752020391 158.00843451425288 114.16814678172682 None 39.99991684023272 None 29.99991684023272 None 1.0 1.0 1.0 1.0 0.0 1.0 1.0 1.0 1.0 0.0 1.0 1.0 1.0 1.0
248.06786219164852 157.3359791759192 4.0 4.0 4.0 7.0 None 4.0 4.0 4.0 3.0 None 1.0 None 1.0 None 159.79668271461594 152.14601713399387 162.02002511873886 249.3121237898957 None 139.5189198005606 138.26526664188924 153.69542353442773 111.2720838414794 None 29.999928501480188 None 29.999928501480188 None 1.0 1.0 1.0 1.0 0.0 1.0 1.0 1.0 1.0 0.0 1.0 1.0 1.0 1.0
243.34453350882202 160.3898778296782 4.0 4.0 4.0 7.0 None 4.0 4.0 4.0 2.0 4.0 1.0 None 1.0 None 157.66422293656228 148.94070063887463 158.77608141660022 249.2533496398519 None 136.70190491180904 135.63512010888232 151.138741626852 99.56226411316092 165.19054268175927 39.999905014609034 None 29.999905014609034 None 1.0 1.0 1.0 1.0 0.0 1.0 1.0 1.0 1.0 1.0 1.0 1.0 1.0 1.0
244.97730532445482 159.32088055384384 4.0 4.0 4.0 7.0 None 4.0 4.0 4.0 3.0 None 1.0 None 1.0 None 161.5330911567697 151.77820846384935 163.32232370682084 250.21965959983433 None 139.4304599269969 142.66143726438483 158.81795416253163 122.51150870335076 None 29.99992542045666 None 29.99992542045666 None 1.0 1.0 1.0 1.0 0.0 1.0 1.0 1.0 1.0 0.0 1.0 1.0 1.0 1.0
274.07131875281124 142.40818841464292 4.0 4.0 4.0 6.0 None 4.0 4.0 4.0 3.0 4.0 0.0 None 0.0 None 160.86423331802362 148.80392431162073 161.97604749618878 248.59970146975394 None 135.725108807281 131.43209693875718 146.62320454243874 97.09505992847747 184.33748074368376 29.999924303048548 None 29.999924303048548 None 1.0 1.0 1.0 1.0 0.0 1.0 1.0 1.0 1.0 1.0 1.0 1.0 1.0 1.0
256.4494993454868 152.19370714161187 4.0 4.0 4.0 6.0 None 3.0 3.0 3.0 2.0 None 1.0 None 1.0 None 155.86973589961443 154.38124302652238 156.98149393425896 253.189886062527 None 141.6026629335976 129.53749740957875 146.22356906605134 96.5113521785304 None 39.99997214003761 None 29.999972140037617 None 1.0 1.0 1.0 1.0 0.0 1.0 1.0 1.0 1.0 0.0 1.0 1.0 1.0 1.0
286.0893399656422 136.42591508193664 4.0 3.0 4.0 5.0 None 3.0 3.0 3.0 2.0 7.0 0.0 None 0.0 None 158.79135228987835 150.93603096417428 159.02739212718197 251.18907888598523 None 138.3674927176118 127.81012876959335 143.43183114347636 102.96140832999887 315.07271860738894 29.99990846870099 None 29.99990846870099 None 1.0 1.0 1.0 1.0 0.0 1.0 1.0 1.0 1.0 1.0 1.0 1.0 1.0 1.0
245.59996070909037 158.9169635341696 4.0 4.0 4.0 7.0 None 4.0 4.0 4.0 2.0 None 1.0 None 1.0 None 160.09734954964227 154.8144481953469 161.20917366040234 254.13155049254337 None 142.6911910356523 126.20391686656181 146.41660865526705 82.11826717691146 None 39.99992054688896 None 29.999920546888955 None 1.0 1.0 1.0 1.0 0.0 1.0 1.0 1.0 1.0 0.0 1.0 1.0 1.0 1.0
251.93995643036078 154.91786437134024 4.0 4.0 4.0 6.0 None 4.0 4.0 4.0 3.0 7.0 1.0 None 1.0 None 161.9329127451736 151.0864234984312 162.38061097346127 251.89169523749229 None 138.7776583669931 140.66798535202162 162.38061097346127 120.01683719145629 270.5994789786857 39.99997972787435 None 29.999979727874347 None 1.0 1.0 1.0 1.0 0.0 1.0 1.0 1.0 1.0 1.0 1.0 1.0 1.0 1.0
243.32036833223484 160.40580682792492 4.0 4.0 4.0 7.0 None 4.0 3.0 4.0 2.0 6.0 1.0 None 1.0 None 157.37229719736638 148.72212297478174 157.37229719736638 247.97419943525156 None 137.3008187374602 132.44009195073872 142.35188033257418 97.81850322496287 231.19580752711673 29.99992609972956 None 29.99992609972956 None 1.0 1.0 1.0 1.0 0.0 1.0 1.0 1.0 1.0 1.0 1.0 1.0 1.0 1.0
245.07019561474814 159.2604922932179 4.0 4.0 4.0 7.0 None 3.0 3.0 3.0 2.0 None 0.0 None 0.0 None 157.59969720046362 150.9738014996665 158.24694428690998 251.53810310838784 None 138.0009696696594 128.72407612352924 144.21037592340426 86.84468673473472 None 29.999905966560984 None 29.999905966560984 None 1.0 1.0 1.0 1.0 0.0 1.0 1.0 1.0 1.0 0.0 1.0 1.0 1.0 1.0
230.0905403566908 169.6288771346051 5.0 4.0 5.0 7.0 None 4.0 4.0 4.0 3.0 None 1.0 None 1.0 None 158.0981183186457 154.7174745078999 158.0981183186457 254.862763457179 None 141.7022768250483 137.50135535563476 147.36188261649596 89.4862058090845 None 39.99992065964777 None 29.999920659647767 None 1.0 1.0 1.0 1.0 0.0 1.0 1.0 1.0 1.0 0.0 1.0 1.0 1.0 1.0
225.2026569198374 173.31056628649378 5.0 4.0 5.0 7.0 None 4.0 4.0 5.0 4.0 None 1.0 None 1.0 None 158.70059711623142 148.47772465969663 157.58773067742194 249.3474031820008 None 136.553000495042 134.29821694361846 156.07386882669675 111.71739511704651 None 29.999913452029762 None 29.999913452029762 None 1.0 1.0 1.0 1.0 0.0 1.0 1.0 1.0 1.0 0.0 1.0 1.0 1.0 1.0
264.5189482368788 147.55086643187587 4.0 3.0 4.0 6.0 None 3.0 3.0 4.0 2.0 None 0.0 None 0.0 None 163.4176288010778 152.6591258348566 164.25213017712778 250.78896918972092 None 139.57484199731934 140.63576828027263 155.67449009554065 120.96464126040723 None 29.999934509500886 None 29.999934509500886 None 1.0 1.0 1.0 1.0 0.0 1.0 1.0 1.0 1.0 0.0 1.0 1.0 1.0 1.0
284.24232609804585 137.31241414952777 4.0 4.0 4.0 6.0 None 4.0 4.0 4.0 2.0 7.0 1.0 None 1.0 None 155.69475895509058 149.69037544762173 155.69475895509058 251.31159128395305 None 138.00454489354453 135.41947024839305 145.27987902459085 97.41859337455891 286.9261855002 29.999952657189265 None 29.999952657189265 None 1.0 1.0 1.0 1.0 0.0 1.0 1.0 1.0 1.0 1.0 1.0 1.0 1.0 1.0
238.2311585906582 163.83247359789522 5.0 4.0 5.0 7.0 None 4.0 4.0 4.0 3.0 None 0.0 None 0.0 None 160.416002751023 150.1680361376475 160.70732705055858 249.99022980279636 None 137.86300349906895 142.76867411327316 157.9930005407022 115.07476978432283 None 29.999943042635614 None 29.999943042635614 None 1.0 1.0 1.0 1.0 0.0 1.0 1.0 1.0 1.0 0.0 1.0 1.0 1.0 1.0
241.34947235293092 161.71570469781483 4.0 4.0 4.0 7.0 None 4.0 4.0 4.0 3.0 None 1.0 None 1.0 None 159.1429238573466 149.50256098910626 160.20675083738223 249.18018118176738 None 137.1654998285536 129.10567717357256 144.57369266036994 104.25619625869841 None 39.99990029633268 None 29.999900296332687 None 1.0 1.0 1.0 1.0 0.0 1.0 1.0 1.0 1.0 0.0 1.0 1.0 1.0 1.0
221.54505393232873 176.17184092912214 5.0 4.0 5.0 None None 4.0 4.0 4.0 4.0 None 1.0 None 1.0 None 158.57140433822832 153.07373908230466 157.45976787059155 None None 140.79852460288652 138.75547974491275 153.98786289808075 104.20140458134865 None 29.99996368667637 None 29.99996368667637 None 1.0 1.0 1.0 0.0 0.0 1.0 1.0 1.0 1.0 0.0 1.0 1.0 1.0 1.0
256.1469218126928 152.3734883237857 3.0 3.0 4.0 6.0 None 3.0 3.0 3.0 2.0 None 1.0 None 1.0 None 160.95910289663615 151.93760930284662 163.39364198580557 252.97852889561818 None 139.6831682482408 142.77917845976384 153.02593681467545 106.35388881324056 None 49.99991494668126 None 29.999914946681262 None 1.0 1.0 1.0 1.0 0.0 1.0 1.0 1.0 1.0 0.0 1.0 1.0 1.0 1.0
230.6591765181217 169.21069687827318 4.0 4.0 4.0 7.0 None 4.0 4.0 4.0 4.0 None 1.0 None 1.0 None 160.67176148830097 149.1845651998282 160.67176148830097 249.19322493568873 None 136.32137309623872 136.57763536674787 153.10970398946026 105.8515226060329 None 29.99998187556211 None 29.99998187556211 None 1.0 1.0 1.0 1.0 0.0 1.0 1.0 1.0 1.0 0.0 1.0 1.0 1.0 1.0
234.33210111566683 166.55848607244258 4.0 4.0 4.0 7.0 None 4.0 4.0 4.0 2.0 7.0 0.0 None 0.0 None 157.36044422597521 149.2738148237755 157.36044422597521 251.5743874657452 None 137.3936574027603 128.494867564324 148.950221882078 95.00969737590921 263.32148412025686 29.999995294776046 None 29.999995294776046 None 1.0 1.0 1.0 1.0 0.0 1.0 1.0 1.0 1.0 1.0 1.0 1.0 1.0 1.0
250.120144541695 156.0450081760356 5.0 5.0 5.0 7.0 None 4.0 4.0 4.0 3.0 None 1.0 None 1.0 None 152.77225414048976 152.73440293233264 152.74957359268657 254.21437343141352 None 139.9605345024116 135.40610526566658 150.33761650084642 95.17394985834284 None 29.99998552749369 None 29.99998552749369 None 1.0 1.0 1.0 1.0 0.0 1.0 1.0 1.0 1.0 0.0 1.0 1.0 1.0 1.0
307.27711633032516 127.01889573202862 4.0 4.0 4.0 5.0 None 4.0 4.0 4.0 2.0 None 1.0 None 1.0 None 158.64598763854298 151.5610249518423 158.65912362408494 251.70443228000585 None 138.32578155203123 135.86466984737456 145.72429475676705 105.1214704924522 None 39.99998969846673 None 29.999989698466727 None 1.0 1.0 1.0 1.0 0.0 1.0 1.0 1.0 1.0 0.0 1.0 1.0 1.0 1.0
276.9851318509231 140.91009051347362 4.0 4.0 4.0 5.0 None 3.0 3.0 4.0 1.0 None 1.0 None 0.0 None 158.64588673589245 148.56567915774005 159.50321454462664 249.44469631549205 None 137.03142292780777 136.29233381203952 151.82841646298104 98.5027233276885 None 49.999945635498506 None 29.999945635498502 None 1.0 1.0 1.0 1.0 0.0 1.0 1.0 1.0 1.0 0.0 1.0 1.0 1.0 1.0
273.6213831699686 142.64236057806664 4.0 4.0 4.0 6.0 None 4.0 4.0 4.0 3.0 6.0 1.0 None 0.0 None 159.70627880290095 150.07177306981015 160.64061971318927 250.33917812861964 None 137.84215540229783 137.13670953368114 157.92519895749106 105.23452960383264 267.3127110799022 49.99992524488338 None 29.99992524488338 None 1.0 1.0 1.0 1.0 0.0 1.0 1.0 1.0 1.0 1.0 1.0 1.0 1.0 1.0
291.0915826080425 134.08151362643233 4.0 4.0 4.0 5.0 None 4.0 4.0 4.0 3.0 7.0 1.0 None 1.0 None 161.49491141742587 149.41935405502227 163.36240591835238 248.17878855587324 None 136.8888373924602 141.16786417091262 158.21312437569034 113.52961569699798 307.2087915908856 29.9999396775431 None 29.9999396775431 None 1.0 1.0 1.0 1.0 0.0 1.0 1.0 1.0 1.0 1.0 1.0 1.0 1.0 1.0
252.73972371886177 154.4276436869715 4.0 4.0 4.0 7.0 None 4.0 3.0 4.0 2.0 None 0.0 None 0.0 None 157.2378528224793 153.87609356660604 158.35094235875357 253.55388683820686 None 141.223616146098 128.68808819563773 149.52985660073983 96.06667159993273 None 39.999996138826454 None 29.999996138826454 None 1.0 1.0 1.0 1.0 0.0 1.0 1.0 1.0 1.0 0.0 1.0 1.0 1.0 1.0
246.0960440708322 158.59661681016803 4.0 4.0 4.0 7.0 None 4.0 4.0 4.0 3.0 None 1.0 None 1.0 None 158.45133209073788 150.39526119857965 159.56408296813615 249.35353290284348 None 138.41051859493734 128.99578366289944 145.55389785758697 95.09608513166464 None 49.99997375336385 None 29.99997375336385 None 1.0 1.0 1.0 1.0 0.0 1.0 1.0 1.0 1.0 0.0 1.0 1.0 1.0 1.0
253.62158282153786 153.89068850447032 4.0 3.0 4.0 6.0 None 3.0 3.0 3.0 2.0 7.0 1.0 None 1.0 None 155.1312877417064 149.72714972611658 156.24400877579052 246.84645891812033 None 137.36974140753784 130.69353917546118 147.23878776921612 88.26027807743388 279.5121053647223 29.99991508070603 None 29.99991508070603 None 1.0 1.0 1.0 1.0 0.0 1.0 1.0 1.0 1.0 1.0 1.0 1.0 1.0 1.0
242.49333962107002 160.95287425621615 4.0 4.0 4.0 7.0 None 4.0 4.0 4.0 3.0 None 1.0 None 1.0 None 158.47949324743038 148.29430961910992 160.17914202474248 248.61153420522723 None 135.49651383331715 134.2905930486232 155.03021246864552 104.25845341094248 None 29.999932057990087 None 29.999932057990087 None 1.0 1.0 1.0 1.0 0.0 1.0 1.0 1.0 1.0 0.0 1.0 1.0 1.0 1.0
246.25859875914654 158.49192757802268 4.0 4.0 4.0 7.0 None 4.0 4.0 4.0 4.0 None 0.0 None 0.0 None 161.71155133517647 149.82034611161893 163.84547644487478 251.45574342458315 None 138.9255527190555 146.35704598593705 161.67763934148587 128.8738645451396 None 29.99996305316433 None 29.99996305316433 None 1.0 1.0 1.0 1.0 0.0 1.0 1.0 1.0 1.0 0.0 1.0 1.0 1.0 1.0
258.58235594032374 150.93837264367502 5.0 4.0 5.0 6.0 None 4.0 4.0 4.0 2.0 None 1.0 None 1.0 None 155.70625220262633 150.40337661388477 155.70625220262633 249.34758072123682 None 138.70705996548932 125.2829530162707 140.53672463862435 89.07537747820214 None 39.99995614060289 None 29.999956140602894 None 1.0 1.0 1.0 1.0 0.0 1.0 1.0 1.0 1.0 0.0 1.0 1.0 1.0 1.0
246.89615024298706 158.0826592945575 4.0 4.0 4.0 7.0 None 4.0 3.0 4.0 3.0 None 1.0 None 1.0 None 157.92036452605308 151.69171368187256 157.92036452605308 252.02903475598015 None 139.55218820950768 129.26188478519876 144.4982973124822 96.76413713755994 None 49.999975352135884 None 29.999975352135884 None 1.0 1.0 1.0 1.0 0.0 1.0 1.0 1.0 1.0 0.0 1.0 1.0 1.0 1.0
286.8093510019035 136.08342916176733 4.0 4.0 4.0 6.0 None 4.0 3.0 4.0 3.0 None 1.0 None 1.0 None 160.48271886510366 151.11619828811232 162.70625376227483 251.9859436366729 None 138.44024258071929 136.5059590524061 152.54870388191776 113.14504576884767 None 29.999980729369213 None 29.999980729369213 None 1.0 1.0 1.0 1.0 0.0 1.0 1.0 1.0 1.0 0.0 1.0 1.0 1.0 1.0
283.09308015147894 137.86984824608083 4.0 4.0 4.0 6.0 None 4.0 4.0 4.0 2.0 5.0 1.0 None 1.0 None 158.24595230693154 152.0255161038308 158.24595230693154 249.66694101563564 None 140.24442074914307 129.08532976679544 145.41539891622105 83.04510530960809 223.57743098688152 29.999975150620866 None 29.999975150620866 None 1.0 1.0 1.0 1.0 0.0 1.0 1.0 1.0 1.0 1.0 1.0 1.0 1.0 1.0
236.57831344576113 164.97708277452983 4.0 4.0 4.0 7.0 None 4.0 4.0 4.0 3.0 None 1.0 None 1.0 None 160.12695652843834 151.86301222727982 160.12695652843834 250.76353117074666 None 139.0638688591379 137.24993655624093 152.25716287003215 98.027585926994 None 49.99992506395735 None 29.999925063957345 None 1.0 1.0 1.0 1.0 0.0 1.0 1.0 1.0 1.0 0.0 1.0 1.0 1.0 1.0
245.27270279041647 159.12900031664273 4.0 4.0 4.0 7.0 None 4.0 4.0 4.0 3.0 None 1.0 None 1.0 None 160.20486420469217 150.00528117820392 162.11050543318083 253.09789339309037 None 137.92000308680468 141.75457269806554 157.49007730223974 114.75355507863124 None 29.99995952884548 None 29.99995952884548 None 1.0 1.0 1.0 1.0 0.0 1.0 1.0 1.0 1.0 0.0 1.0 1.0 1.0 1.0
220.35356898446645 177.12442861659014 4.0 4.0 4.0 7.0 None 4.0 4.0 4.0 3.0 None 2.0 None 1.0 None 158.02452825463064 150.54108248285667 158.02452825463064 249.58244957480917 None 138.1932803913257 134.848121636876 155.30901839490238 111.97046093868374 None 49.99993302227335 None 29.999933022273357 None 1.0 1.0 1.0 1.0 0.0 1.0 1.0 1.0 1.0 0.0 1.0 1.0 1.0 1.0
286.08484532614943 136.42805845064623 4.0 4.0 4.0 5.0 None 3.0 3.0 3.0 1.0 5.0 0.0 None 0.0 None 159.05144405940842 153.97049449610972 160.16439803128085 249.09374329215578 None 141.63498395034898 131.94085280120115 146.76441283219984 98.03467743448262 248.17255930864386 29.999951307772147 None 29.999951307772147 None 1.0 1.0 1.0 1.0 0.0 1.0 1.0 1.0 1.0 1.0 1.0 1.0 1.0 1.0
237.70401334398804 164.19579733186333 4.0 4.0 4.0 7.0 None 4.0 4.0 4.0 3.0 None 0.0 None 0.0 None 156.28038653942303 154.10348463455682 156.96435337589702 253.89364068445394 None 141.44161297604086 135.58807643967467 145.44871224702416 97.91970313704905 None 29.999936523948865 None 29.999936523948865 None 1.0 1.0 1.0 1.0 0.0 1.0 1.0 1.0 1.0 0.0 1.0 1.0 1.0 1.0
269.70873649060263 144.71166380388982 4.0 4.0 4.0 6.0 None 3.0 4.0 4.0 3.0 7.0 1.0 None 1.0 None 160.87098125362195 149.97702968669404 160.87098125362195 249.16063072175007 None 137.03915106833705 142.31232050464763 157.84536594198408 105.43697802750047 285.6208424133081 29.99994146242817 None 29.99994146242817 None 1.0 1.0 1.0 1.0 0.0 1.0 1.0 1.0 1.0 1.0 1.0 1.0 1.0 1.0
209.78054637167642 186.0515699623025 5.0 4.0 5.0 None None 4.0 4.0 5.0 3.0 None 1.0 None 1.0 None 158.7182689593852 150.48976712303283 158.80721539393932 None None 138.8382252799562 140.64578127348028 156.00387852029613 104.98994682174362 None 29.999955438132165 None 29.999955438132165 None 1.0 1.0 1.0 0.0 0.0 1.0 1.0 1.0 1.0 0.0 1.0 1.0 1.0 1.0
233.39395208245008 167.2279836377767 4.0 4.0 4.0 7.0 None 4.0 4.0 4.0 2.0 None 0.0 None 0.0 None 159.7873154565196 149.55399907307142 159.7873154565196 251.71245495488347 None 137.41654980816014 137.62954928350325 159.52208862118266 98.79788362959097 None 39.99992017186936 None 29.99992017186936 None 1.0 1.0 1.0 1.0 0.0 1.0 1.0 1.0 1.0 0.0 1.0 1.0 1.0 1.0
283.91372056329976 137.47134137287352 4.0 4.0 4.0 6.0 None 3.0 3.0 4.0 2.0 6.0 1.0 None 0.0 None 159.8164401603023 154.4151630953714 159.9404868627042 252.24250762035257 None 141.6551601095695 122.46601095104128 144.45535671104898 86.54353021627927 280.83473423706755 49.99998180741039 None 29.999981807410393 None 1.0 1.0 1.0 1.0 0.0 1.0 1.0 1.0 1.0 1.0 1.0 1.0 1.0 1.0
242.55010978610972 160.9152023654749 4.0 4.0 4.0 7.0 None 4.0 4.0 4.0 2.0 5.0 1.0 None 1.0 None 157.15885114212978 148.53131889977337 158.2713727863801 245.77784233584964 None 135.11291962199655 136.33713486372736 151.95142625832102 89.05015976442648 189.06218067635695 29.999957013324718 None 29.999957013324718 None 1.0 1.0 1.0 1.0 0.0 1.0 1.0 1.0 1.0 1.0 1.0 1.0 1.0 1.0
294.02614161143447 132.74329889884237 4.0 4.0 4.0 5.0 None 3.0 3.0 4.0 3.0 None 1.0 None 0.0 None 163.2950866981622 150.85689530577153 165.10142216854007 251.29625108599342 None 138.81884047214547 142.5561704131179 157.59257388480236 113.76024351888586 None 39.999990138128375 None 29.999990138128375 None 1.0 1.0 1.0 1.0 0.0 1.0 1.0 1.0 1.0 0.0 1.0 1.0 1.0 1.0
208.0546989857095 187.59489783348187 5.0 5.0 5.0 None None 4.0 4.0 5.0 3.0 None 1.0 None 1.0 None 155.563365235362 153.48927334154575 155.563365235362 None None 140.60168920377686 127.98926602932016 142.81528255733076 95.6071658880669 None 49.99990181553601 None 29.999901815536013 None 1.0 1.0 1.0 0.0 0.0 1.0 1.0 1.0 1.0 0.0 1.0 1.0 1.0 1.0
250.89563180715353 155.56269241865365 4.0 4.0 4.0 6.0 None 4.0 4.0 4.0 3.0 None 1.0 None 1.0 None 158.37155316200963 150.33651681601108 159.13489102757725 246.56152212982434 None 138.72645810426403 133.60806544786863 149.10155322724486 103.36065667603191 None 29.999933622766914 None 29.999933622766914 None 1.0 1.0 1.0 1.0 0.0 1.0 1.0 1.0 1.0 0.0 1.0 1.0 1.0 1.0
285.29204765263387 136.8071781920896 4.0 4.0 4.0 6.0 None 3.0 3.0 3.0 1.0 7.0 0.0 None 0.0 None 157.33787650979605 151.71647967519485 158.44940708778225 251.61670599859062 None 139.05824898896458 128.88953066556442 143.80346891116142 88.11909398467297 290.22851105537427 29.999902113455533 None 29.999902113455533 None 1.0 1.0 1.0 1.0 0.0 1.0 1.0 1.0 1.0 1.0 1.0 1.0 1.0 1.0
252.6974411842845 154.45348325287006 4.0 4.0 4.0 6.0 None 4.0 3.0 4.0 2.0 None 1.0 None 0.0 None 157.0890270173115 151.46470296707224 157.8635965793552 250.69540907444198 None 140.40742590517237 133.90889560545736 149.23666040176028 99.43536850697816 None 49.99993768418713 None 29.99993768418713 None 1.0 1.0 1.0 1.0 0.0 1.0 1.0 1.0 1.0 0.0 1.0 1.0 1.0 1.0
226.47288250545412 172.33851385743742 5.0 5.0 5.0 7.0 None 4.0 4.0 4.0 2.0 6.0 1.0 None 1.0 None 155.12238139329963 149.7470640201343 152.74286180005544 249.2571547498005 None 136.6418067943096 130.07054075938643 144.8917504982339 89.34275535369612 223.35043814023652 29.99990619193809 None 29.99990619193809 None 1.0 1.0 1.0 1.0 0.0 1.0 1.0 1.0 1.0 1.0 1.0 1.0 1.0 1.0
266.21348775648124 146.61165491247644 4.0 4.0 4.0 6.0 None 3.0 4.0 4.0 3.0 None 2.0 None 1.0 None 159.37281307137715 151.95055861907863 161.59763082912292 253.56881854512284 None 139.43088793866298 140.28350453087856 155.54627680947394 111.99782455665117 None 49.99993923076978 None 29.99993923076978 None 1.0 1.0 1.0 1.0 0.0 1.0 1.0 1.0 1.0 0.0 1.0 1.0 1.0 1.0
237.52692007315832 164.31821701716484 4.0 4.0 4.0 7.0 None 4.0 4.0 4.0 2.0 None 1.0 None 1.0 None 155.39210276146414 150.0742844524625 155.39210276146414 251.40770200718325 None 137.45478910873442 130.02927196939186 144.85233443701586 88.97468342522377 None 29.999999475987327 None 29.999999475987327 None 1.0 1.0 1.0 1.0 0.0 1.0 1.0 1.0 1.0 0.0 1.0 1.0 1.0 1.0
227.2509755700164 171.74843761220637 4.0 4.0 4.0 7.0 None 4.0 4.0 4.0 3.0 None 1.0 None 0.0 None 161.35068326682662 149.37072879887816 161.4538695706911 249.30642449368412 None 137.07382722266806 138.1651011126093 153.60742823969517 103.45935819429923 None 39.999992666058965 None 29.999992666058965 None 1.0 1.0 1.0 1.0 0.0 1.0 1.0 1.0 1.0 0.0 1.0 1.0 1.0 1.0
266.49632779985376 146.45605184215756 3.0 3.0 3.0 6.0 None 3.0 3.0 3.0 2.0 None 0.0 None 0.0 None 163.6274616090941 150.46919827667966 165.7945190104561 252.42281880451748 None 137.59487370606257 142.50313842411344 163.6274616090941 106.44870454878487 None 29.999902778133517 None 29.999902778133517 None 1.0 1.0 1.0 1.0 0.0 1.0 1.0 1.0 1.0 0.0 1.0 1.0 1.0 1.0
243.60908788159625 160.21569777795045 3.0 3.0 3.0 7.0 None 3.0 3.0 3.0 2.0 None 1.0 None 1.0 None 156.3524760401628 150.0944511808531 157.66365764553734 249.036087179176 None 138.38286350682486 133.6752820476737 148.50017270679422 96.92123137508953 None 39.99992709034872 None 29.999927090348724 None 1.0 1.0 1.0 1.0 0.0 1.0 1.0 1.0 1.0 0.0 1.0 1.0 1.0 1.0
222.34942493630703 175.53452189579673 5.0 4.0 5.0 7.0 None 4.0 4.0 4.0 3.0 None 1.0 None 0.0 None 155.74140117636833 149.84934693934733 155.60625186141476 249.57604872226946 None 137.3927344007544 132.58704845400945 147.89040662548973 99.1999670751633 None 39.99993825996185 None 29.99993825996185 None 1.0 1.0 1.0 1.0 0.0 1.0 1.0 1.0 1.0 0.0 1.0 1.0 1.0 1.0
275.0314381073357 141.9110494007157 4.0 4.0 4.0 6.0 None 4.0 4.0 4.0 3.0 6.0 1.0 None 0.0 None 159.09138774807903 151.8695833375705 159.56975095907083 251.4620602851928 None 139.091738206015 137.49541612300354 154.0625373310622 98.21810794133881 261.12652956598356 39.99990531714773 None 29.99990531714773 None 1.0 1.0 1.0 1.0 0.0 1.0 1.0 1.0 1.0 1.0 1.0 1.0 1.0 1.0
224.92386816904866 173.52538135555167 4.0 4.0 4.0 7.0 None 4.0 4.0 4.0 2.0 None 0.0 None 0.0 None 156.91930381294867 148.27935323882733 156.68370747997957 247.30364172336078 None 135.67626832110037 135.18850837888954 151.65406735143256 88.75523138881967 None 29.99998865465801 None 29.99998865465801 None 1.0 1.0 1.0 1.0 0.0 1.0 1.0 1.0 1.0 0.0 1.0 1.0 1.0 1.0
278.66025264996176 140.06303241613514 4.0 4.0 4.0 6.0 None 3.0 3.0 4.0 2.0 5.0 0.0 None 0.0 None 160.84809277950615 150.23088206778027 160.84809277950615 248.07874988657036 None 138.73596689241063 140.01550468722826 150.2641110402714 95.99232390556148 233.5536026391966 29.99997396052126 None 29.99997396052126 None 1.0 1.0 1.0 1.0 0.0 1.0 1.0 1.0 1.0 1.0 1.0 1.0 1.0 1.0
276.4423232860738 141.18677464452563 4.0 4.0 4.0 6.0 None 4.0 4.0 4.0 2.0 7.0 0.0 None 0.0 None 160.32135665966968 150.33224923833146 160.32135665966968 248.35600135803003 None 138.57648626174935 141.9124501898122 162.29685226823256 114.34078932187424 288.93286023493823 29.99990017898893 None 29.99990017898893 None 1.0 1.0 1.0 1.0 0.0 1.0 1.0 1.0 1.0 1.0 1.0 1.0 1.0 1.0
222.9314841859571 175.07621295627914 4.0 4.0 4.0 7.0 None 4.0 4.0 4.0 3.0 7.0 1.0 None 1.0 None 163.3871634619584 149.3482768602011 165.61099033332425 249.90647471663485 None 137.2867335203396 141.1586678574571 156.84010015707935 112.36888780043762 229.6106981873821 29.999993006849056 None 29.999993006849056 None 1.0 1.0 1.0 1.0 0.0 1.0 1.0 1.0 1.0 1.0 1.0 1.0 1.0 1.0
315.87019928272355 123.56341335342532 3.0 2.0 3.0 5.0 None 2.0 2.0 2.0 2.0 6.0 0.0 None 0.0 None 160.97281239665404 150.0521988845899 161.01497537457968 248.13098687278233 None 137.30955291102057 127.41848001941912 142.86868736165522 94.25035782868531 292.3236781304678 29.999923136716127 None 29.999923136716127 None 1.0 1.0 1.0 1.0 0.0 1.0 1.0 1.0 1.0 1.0 1.0 1.0 1.0 1.0
283.83654624069516 137.50871942650514 4.0 4.0 4.0 6.0 None 3.0 3.0 4.0 2.0 7.0 1.0 None 0.0 None 160.05373974198116 152.3952506238497 160.48195510658616 249.8371033277415 None 140.80618314415705 132.49113058892164 147.31321144859848 97.86513752498436 299.8874206535474 49.999964634379694 None 29.999964634379698 None 1.0 1.0 1.0 1.0 0.0 1.0 1.0 1.0 1.0 1.0 1.0 1.0 1.0 1.0
285.09086363390844 136.90372080853246 4.0 3.0 4.0 5.0 None 3.0 3.0 3.0 2.0 5.0 1.0 None 1.0 None 157.21857866292152 150.17229390930152 157.21857866292152 250.6917491673574 None 138.05517607484688 129.8712780050413 145.25178010625086 89.26041285045184 234.18519221017408 29.999990319525963 None 29.999990319525963 None 1.0 1.0 1.0 1.0 0.0 1.0 1.0 1.0 1.0 1.0 1.0 1.0 1.0 1.0
264.4854121336328 147.56957552078472 4.0 4.0 4.0 6.0 None 3.0 3.0 4.0 2.0 None 1.0 None 1.0 None 156.46131714341735 151.50162648546814 157.57271396944526 252.28438666784223 None 139.62033022957237 129.60783720566522 150.750617605782 96.49553005737127 None 39.999971233080096 None 29.999971233080096 None 1.0 1.0 1.0 1.0 0.0 1.0 1.0 1.0 1.0 0.0 1.0 1.0 1.0 1.0
285.3671788254836 136.7711597410745 4.0 3.0 4.0 5.0 None 3.0 3.0 3.0 2.0 None 1.0 None 1.0 None 158.33888260887213 148.03192096838018 159.25688658519624 246.13828324750597 None 135.24232699405192 129.26662755193556 150.66411191881258 88.71653308269381 None 29.99996473433089 None 29.99996473433089 None 1.0 1.0 1.0 1.0 0.0 1.0 1.0 1.0 1.0 0.0 1.0 1.0 1.0 1.0
223.58556867426864 174.56403931356135 4.0 4.0 4.0 7.0 None 4.0 4.0 4.0 3.0 None 1.0 None 1.0 None 158.44051648258116 149.04815668481302 159.48396590257337 248.92425970541044 None 135.0204842997947 131.95981469047862 148.00797509102853 97.30436347775392 None 29.999959722869935 None 29.999959722869935 None 1.0 1.0 1.0 1.0 0.0 1.0 1.0 1.0 1.0 0.0 1.0 1.0 1.0 1.0
236.52064493023127 165.01730752304115 4.0 4.0 5.0 7.0 None 4.0 4.0 5.0 4.0 6.0 1.0 None 1.0 None 162.34635936968635 149.68229705911244 163.46085894301885 247.0879141269227 None 136.15076426174556 147.3578213836996 168.08908740846422 129.19146176098656 212.98477492452653 29.99993247722839 None 29.99993247722839 None 1.0 1.0 1.0 1.0 0.0 1.0 1.0 1.0 1.0 1.0 1.0 1.0 1.0 1.0
282.9444835151311 137.9422546611084 4.0 4.0 4.0 6.0 None 3.0 3.0 4.0 2.0 None 1.0 None 1.0 None 161.5758276362761 150.54356074602651 162.68773794026288 249.16855266437116 None 137.1106968455806 136.46902947886701 151.40080307592197 105.46429606518198 None 29.999971828345583 None 29.999971828345583 None 1.0 1.0 1.0 1.0 0.0 1.0 1.0 1.0 1.0 0.0 1.0 1.0 1.0 1.0
192.3567291115041 202.90426116247454 5.0 5.0 5.0 None None 5.0 4.0 5.0 3.0 None 1.0 None 1.0 None 154.9655032982448 149.40356302980206 153.85285939234026 None None 137.686009429567 134.2645813250022 149.22195027827757 103.9553408357403 None 29.99992121403646 None 29.99992121403646 None 1.0 1.0 1.0 0.0 0.0 1.0 1.0 1.0 1.0 0.0 1.0 1.0 1.0 1.0
308.6878789478367 126.43839509680083 3.0 3.0 3.0 5.0 None 3.0 3.0 3.0 2.0 None 1.0 None 1.0 None 154.3009922066021 155.30047579456726 156.5258106198691 256.0275556727217 None 142.7186027401356 128.11294846968445 142.9380557942042 87.28991620197475 None 49.99999790761112 None 29.99999790761112 None 1.0 1.0 1.0 1.0 0.0 1.0 1.0 1.0 1.0 0.0 1.0 1.0 1.0 1.0
226.19454565142294 172.5505798011026 4.0 4.0 4.0 7.0 None 4.0 4.0 4.0 2.0 None 1.0 None 1.0 None 157.14018631621917 152.06093451105937 159.05265950871123 252.08963820656234 None 140.08403206534592 129.9650595629417 144.8972565129882 88.98831590823396 None 39.999978067378635 None 29.99997806737863 None 1.0 1.0 1.0 1.0 0.0 1.0 1.0 1.0 1.0 0.0 1.0 1.0 1.0 1.0
284.4271288097293 137.2231972503212 4.0 3.0 4.0 6.0 None 3.0 3.0 3.0 2.0 6.0 1.0 None 1.0 None 155.22291141097594 149.09723246197206 155.22291141097594 248.34302180843798 None 137.18229779022306 127.11266596470197 144.05627447458 90.08398615355276 258.636003555413 29.99998264803544 None 29.99998264803544 None 1.0 1.0 1.0 1.0 0.0 1.0 1.0 1.0 1.0 1.0 1.0 1.0 1.0 1.0
231.29640012816034 168.74451992496918 4.0 4.0 4.0 7.0 None 3.0 3.0 4.0 2.0 None 0.0 None 0.0 None 151.86047285208411 150.4652972929417 151.86047285208411 250.2860350752933 None 138.41485045040378 123.7815906489468 139.0311099169813 88.64649387844443 None 29.999930630815726 None 29.999930630815726 None 1.0 1.0 1.0 1.0 0.0 1.0 1.0 1.0 1.0 0.0 1.0 1.0 1.0 1.0
250.00820430675282 156.1148767426501 4.0 3.0 4.0 7.0 None 3.0 3.0 4.0 3.0 None 1.0 None 0.0 None 159.87156676554065 152.9985547602923 162.09639351737388 254.6013122117264 None 140.41328870854127 141.62466933100865 157.10781133895603 104.40914347375119 None 39.99998086951024 None 29.999980869510235 None 1.0 1.0 1.0 1.0 0.0 1.0 1.0 1.0 1.0 0.0 1.0 1.0 1.0 1.0
282.4905164050709 138.1639302327368 3.0 3.0 3.0 5.0 None 2.0 3.0 3.0 2.0 None 0.0 None 0.0 None 161.43693004762684 151.84685524527987 163.87125198198652 252.25038209965612 None 139.54202844577873 141.80293590995564 158.72247058073276 106.44819884054722 None 29.999968417074413 None 29.999968417074413 None 1.0 1.0 1.0 1.0 0.0 1.0 1.0 1.0 1.0 0.0 1.0 1.0 1.0 1.0
227.51970005549123 171.54558480202252 4.0 4.0 4.0 7.0 None 3.0 3.0 4.0 2.0 None 1.0 None 0.0 None 159.9853829284319 153.3025685625643 159.9853829284319 252.45159874035056 None 140.593209762451 137.3753556038176 152.31056706837737 99.04863785608798 None 39.99998957157506 None 29.999989571575053 None 1.0 1.0 1.0 1.0 0.0 1.0 1.0 1.0 1.0 0.0 1.0 1.0 1.0 1.0
215.09804350527222 181.4521385874128 5.0 5.0 5.0 None None 4.0 4.0 4.0 3.0 None 0.0 None 0.0 None 157.2673093706636 150.56010941690062 157.2673093706636 None None 137.9292913303221 133.97532623927665 149.59090512448472 103.04109785304104 None 29.99998946515268 None 29.99998946515268 None 1.0 1.0 1.0 0.0 0.0 1.0 1.0 1.0 1.0 0.0 1.0 1.0 1.0 1.0
227.61404523457438 171.47447979221351 5.0 5.0 5.0 7.0 None 4.0 4.0 4.0 3.0 None 1.0 None 1.0 None 156.09168193214023 152.0769044048507 156.09168193214023 252.50603161129183 None 139.3560768583794 127.69957068662578 143.23332875546475 87.073576647028 None 29.999930081419016 None 29.999930081419016 None 1.0 1.0 1.0 1.0 0.0 1.0 1.0 1.0 1.0 0.0 1.0 1.0 1.0 1.0
271.2189065277658 143.90589689957451 3.0 3.0 3.0 6.0 None 2.0 2.0 3.0 2.0 None 1.0 None 0.0 None 160.37469935446052 153.3719863923503 160.6139349689776 252.7547020161452 None 140.26859784787288 134.92637439941822 149.85688510755278 104.111631539442 None 39.999915934806594 None 29.999915934806598 None 1.0 1.0 1.0 1.0 0.0 1.0 1.0 1.0 1.0 0.0 1.0 1.0 1.0 1.0
212.75481673811362 183.45060571786357 5.0 4.0 5.0 None None 4.0 4.0 5.0 3.0 None 1.0 None 0.0 None 159.02583079734126 148.91854431917193 159.21892859216365 None None 137.0306571293043 136.10307060770714 156.50408885869842 105.07421675937671 None 39.99994202731936 None 29.999942027319364 None 1.0 1.0 1.0 0.0 0.0 1.0 1.0 1.0 1.0 0.0 1.0 1.0 1.0 1.0
281.3878825372006 138.70533317951273 4.0 4.0 4.0 6.0 None 4.0 4.0 4.0 3.0 None 0.0 None 0.0 None 160.54925461192164 151.3711375370852 161.0135157343263 253.49621190022185 None 138.81701568617234 142.20055079490277 157.8350089702044 120.41491291601379 None 29.999968449811078 None 29.999968449811078 None 1.0 1.0 1.0 1.0 0.0 1.0 1.0 1.0 1.0 0.0 1.0 1.0 1.0 1.0
234.74620730556927 166.2646670546401 4.0 4.0 4.0 7.0 None 4.0 4.0 4.0 3.0 None 1.0 None 1.0 None 164.6182196775846 150.4844261740314 166.09227901826688 251.20087601232098 None 138.11275037368424 143.40384997841875 163.92512501928545 98.40110059438487 None 39.99990706800895 None 29.99990706800895 None 1.0 1.0 1.0 1.0 0.0 1.0 1.0 1.0 1.0 0.0 1.0 1.0 1.0 1.0
229.2815313925649 170.227404549103 4.0 4.0 4.0 7.0 None 4.0 4.0 4.0 3.0 None 0.0 None 0.0 None 159.75341853534638 151.48619207512974 159.76889132595537 253.61376761139593 None 139.629690591507 127.92216666899498 144.12291564152855 95.23598523447546 None 29.99995501077387 None 29.99995501077387 None 1.0 1.0 1.0 1.0 0.0 1.0 1.0 1.0 1.0 0.0 1.0 1.0 1.0 1.0
217.42311986681926 179.5117282095276 4.0 4.0 4.0 None None 4.0 4.0 4.0 4.0 None 1.0 None 1.0 None 161.8921638707324 151.31051051961734 162.0344714851717 None None 138.95341134951033 136.84384270083575 152.09277191479376 113.5119288790086 None 39.99991380449415 None 29.99991380449415 None 1.0 1.0 1.0 0.0 0.0 1.0 1.0 1.0 1.0 0.0 1.0 1.0 1.0 1.0
276.49973259831296 141.15746020160216 4.0 4.0 4.0 6.0 None 4.0 4.0 4.0 3.0 7.0 1.0 None 1.0 None 158.55183528501283 153.1920422080448 158.55183528501283 252.73578234541185 None 140.8875104089903 134.33337647700742 154.06021056301662 103.94881478866282 294.2821355902749 29.99995935438471 None 29.99995935438471 None 1.0 1.0 1.0 1.0 0.0 1.0 1.0 1.0 1.0 1.0 1.0 1.0 1.0 1.0
216.59295910215278 180.19976347242246 4.0 4.0 4.0 None None 4.0 3.0 4.0 2.0 None 1.0 None 1.0 None 154.82548378049322 147.56398354281345 155.9360163276912 None None 135.3240965631603 123.02771756821052 138.66542496110358 88.50532749685091 None 39.99993367933179 None 29.999933679331793 None 1.0 1.0 1.0 0.0 0.0 1.0 1.0 1.0 1.0 0.0 1.0 1.0 1.0 1.0
243.56585114600827 160.24413856194903 4.0 4.0 4.0 7.0 None 4.0 4.0 4.0 2.0 None 1.0 None 0.0 None 160.9837034750531 152.2537407679731 160.9837034750531 251.87057891467074 None 138.8095617577648 136.4855710776688 157.73205013340265 98.17065274559366 None 39.99991177082276 None 29.99991177082276 None 1.0 1.0 1.0 1.0 0.0 1.0 1.0 1.0 1.0 0.0 1.0 1.0 1.0 1.0
274.2162233426194 142.3329353903105 4.0 4.0 4.0 6.0 None 4.0 4.0 4.0 3.0 None 1.0 None 1.0 None 160.2897316632821 151.37566952773176 161.28448101901273 252.8418348209462 None 139.2011972541384 137.53320043415096 157.57515169683194 106.7848090093393 None 29.999933916945405 None 29.999933916945405 None 1.0 1.0 1.0 1.0 0.0 1.0 1.0 1.0 1.0 0.0 1.0 1.0 1.0 1.0
257.4545322598433 151.5995840407574 4.0 4.0 4.0 6.0 None 4.0 3.0 4.0 2.0 None 1.0 None 0.0 None 155.722900901251 148.79318242229152 154.68562350201324 251.04815431484292 None 136.3379168227625 131.51021932151494 152.25145487707357 90.06799695636103 None 39.999948526916796 None 29.999948526916793 None 1.0 1.0 1.0 1.0 0.0 1.0 1.0 1.0 1.0 0.0 1.0 1.0 1.0 1.0
245.79997135432012 158.7876507265265 4.0 4.0 4.0 7.0 None 4.0 4.0 4.0 2.0 None 1.0 None 1.0 None 156.82412053112006 149.10408375077208 157.23632428258338 248.44392569016742 None 137.4440746364981 134.21347066665754 149.14952872392251 94.6657004278977 None 29.999996623520857 None 29.999996623520857 None 1.0 1.0 1.0 1.0 0.0 1.0 1.0 1.0 1.0 0.0 1.0 1.0 1.0 1.0
268.4328025719863 145.39951759261325 4.0 4.0 4.0 6.0 None 3.0 3.0 4.0 3.0 None 0.0 None 0.0 None 157.9545012232079 149.8954935596732 159.06730555082973 249.32412600224947 None 137.29179057780703 136.91112885792043 151.93880258571303 97.08579319735163 None 39.999999025663925 None 29.99999902566392 None 1.0 1.0 1.0 1.0 0.0 1.0 1.0 1.0 1.0 0.0 1.0 1.0 1.0 1.0
219.27714284303693 177.99392811287439 4.0 4.0 4.0 None None 4.0 3.0 3.0 2.0 7.0 1.0 None 1.0 None 153.98499665347543 153.02033505812977 153.98499665347543 None None 141.05716567651456 119.88825875147108 135.7468781028214 81.19512835519444 222.68640800668837 29.99992137579627 None 29.99992137579627 None 1.0 1.0 1.0 0.0 0.0 1.0 1.0 1.0 1.0 1.0 1.0 1.0 1.0 1.0
272.2276087689746 143.37267324389103 3.0 3.0 4.0 6.0 None 3.0 3.0 3.0 2.0 None 1.0 None 1.0 None 156.20621017648614 151.59111732139365 157.10981129912074 249.70143147989563 None 139.4972118708955 130.63847947588846 140.54802185045122 96.50900612944237 None 39.99990812806003 None 29.999908128060028 None 1.0 1.0 1.0 1.0 0.0 1.0 1.0 1.0 1.0 0.0 1.0 1.0 1.0 1.0
252.38710300570628 154.64340108978374 4.0 3.0 4.0 6.0 None 3.0 3.0 3.0 2.0 6.0 0.0 None 0.0 None 160.7772666230265 151.12417939780372 160.7772666230265 248.82933872943764 None 138.61818976391461 134.63178761743325 149.89516321228805 103.43618272976539 221.88814227754656 29.99999183344331 None 29.99999183344331 None 1.0 1.0 1.0 1.0 0.0 1.0 1.0 1.0 1.0 1.0 1.0 1.0 1.0 1.0
225.79384300743448 172.85679485385657 4.0 4.0 4.0 7.0 None 4.0 4.0 4.0 3.0 None 1.0 None 1.0 None 160.93113542918405 150.6369151068067 161.13273904252387 250.6322078075054 None 138.62622486413306 132.01032298279142 147.34121304819183 97.71743437681356 None 29.999964384024775 None 29.999964384024775 None 1.0 1.0 1.0 1.0 0.0 1.0 1.0 1.0 1.0 0.0 1.0 1.0 1.0 1.0
214.53779931390957 181.92598285625039 4.0 4.0 4.0 None None 4.0 3.0 4.0 3.0 None 0.0 None 0.0 None 155.17392868602207 150.87924812333878 155.17392868602207 None None 138.61125752788848 129.4597393692962 144.711576057712 104.61152396698853 None 29.99992762717898 None 29.99992762717898 None 1.0 1.0 1.0 0.0 0.0 1.0 1.0 1.0 1.0 0.0 1.0 1.0 1.0 1.0
265.00133624240783 147.28227620821363 4.0 4.0 4.0 6.0 None 3.0 3.0 4.0 2.0 None 1.0 None 0.0 None 162.9901778844423 154.07166424359036 165.04408017682323 254.686856698086 None 141.8338480414542 138.0027005743735 160.16205459959613 110.32502132958147 None 39.9999270223076 None 29.9999270223076 None 1.0 1.0 1.0 1.0 0.0 1.0 1.0 1.0 1.0 0.0 1.0 1.0 1.0 1.0
267.15429061533916 146.09535152926725 4.0 3.0 4.0 6.0 None 3.0 3.0 4.0 2.0 None 0.0 None 0.0 None 158.4538471892894 149.16168461376472 158.4538471892894 250.99848268835754 None 137.20031463637773 135.33038467680933 155.7383762464113 105.09218160593088 None 29.999962129363976 None 29.999962129363976 None 1.0 1.0 1.0 1.0 0.0 1.0 1.0 1.0 1.0 0.0 1.0 1.0 1.0 1.0
252.94358732762606 154.30318045361733 4.0 4.0 4.0 6.0 None 4.0 4.0 4.0 3.0 None 1.0 None 1.0 None 157.25391759317586 149.88152954274153 158.3670943922425 252.38612075876034 None 137.2740818488088 128.75303829739755 149.53432511922597 95.3606374815639 None 29.999960616793786 None 29.999960616793786 None 1.0 1.0 1.0 1.0 0.0 1.0 1.0 1.0 1.0 0.0 1.0 1.0 1.0 1.0
225.36184808512093 173.1881431202058 4.0 4.0 4.0 7.0 None 4.0 4.0 4.0 3.0 None 1.0 None 1.0 None 159.99548984548218 151.78840483975537 160.9816940411376 248.51400464214186 None 138.8327111186166 135.6155010323094 151.04244410568018 105.15028104563143 None 29.999905180943593 None 29.999905180943593 None 1.0 1.0 1.0 1.0 0.0 1.0 1.0 1.0 1.0 0.0 1.0 1.0 1.0 1.0
238.7270951373737 163.49212466871631 4.0 4.0 4.0 7.0 None 4.0 4.0 4.0 3.0 None 0.0 None 0.0 None 162.2079702093032 149.37629232689238 162.2079702093032 249.55174635464633 None 136.21297850837504 147.76994336407 164.3081415953108 122.52196148764193 None 29.999914269001827 None 29.999914269001827 None 1.0 1.0 1.0 1.0 0.0 1.0 1.0 1.0 1.0 0.0 1.0 1.0 1.0 1.0
254.48633833866216 153.36776132972665 4.0 4.0 4.0 6.0 None 4.0 4.0 4.0 2.0 None 1.0 None 1.0 None 163.14479721022082 152.51146849758604 165.09910849379656 250.44436714464996 None 140.41020174982825 137.5822852106102 153.30620977213178 102.52694480195609 None 39.99997598327871 None 29.99997598327871 None 1.0 1.0 1.0 1.0 0.0 1.0 1.0 1.0 1.0 0.0 1.0 1.0 1.0 1.0
237.44851286605342 164.37247607449592 4.0 4.0 4.0 7.0 None 4.0 3.0 4.0 2.0 None 1.0 None 0.0 None 159.0691852893452 150.82820891728215 159.46331148552846 249.2763612885309 None 137.82711222931644 129.39270004231585 144.96006835384918 87.28394777511801 None 39.999944230203376 None 29.999944230203376 None 1.0 1.0 1.0 1.0 0.0 1.0 1.0 1.0 1.0 0.0 1.0 1.0 1.0 1.0
267.2101769792431 146.06479603893175 4.0 4.0 4.0 6.0 None 4.0 4.0 4.0 2.0 7.0 1.0 None 0.0 None 159.0459446361724 153.52079652303698 160.15752313748493 253.39174951442547 None 141.04759246749745 130.91484207394447 146.40920801746728 91.05568944013481 279.871252468454 39.99993209769989 None 29.99993209769989 None 1.0 1.0 1.0 1.0 0.0 1.0 1.0 1.0 1.0 1.0 1.0 1.0 1.0 1.0
259.22908187507664 150.56181088049638 4.0 4.0 4.0 6.0 None 3.0 3.0 4.0 2.0 None 1.0 None 1.0 None 157.77431152053276 151.9365171742662 157.77431152053276 254.75976763862974 None 138.9258630955956 130.89961735924751 140.8107281151592 97.51617913636431 None 39.999900264989144 None 29.999900264989144 None 1.0 1.0 1.0 1.0 0.0 1.0 1.0 1.0 1.0 0.0 1.0 1.0 1.0 1.0
258.5527578743532 150.95565145341476 4.0 4.0 4.0 6.0 None 4.0 3.0 4.0 2.0 7.0 0.0 None 0.0 None 160.69413156163853 153.21782041356138 160.69413156163853 253.35352691366407 None 141.0664715534419 135.09080840085298 150.2781412263131 104.78288988229363 268.480514373834 29.9999927527766 None 29.9999927527766 None 1.0 1.0 1.0 1.0 0.0 1.0 1.0 1.0 1.0 1.0 1.0 1.0 1.0 1.0
255.13933435192249 152.97523644929078 4.0 4.0 4.0 6.0 None 3.0 3.0 4.0 3.0 6.0 1.0 None 1.0 None 161.89229353559273 151.285851347117 162.945886785729 250.46528677268984 None 137.22225944650978 142.52342664610984 152.7694171390155 113.38010282698916 250.40682198852485 29.999970160124196 None 29.999970160124196 None 1.0 1.0 1.0 1.0 0.0 1.0 1.0 1.0 1.0 1.0 1.0 1.0 1.0 1.0
243.90100247870083 160.02394251498978 4.0 3.0 4.0 7.0 None 3.0 3.0 3.0 2.0 None 1.0 None 1.0 None 159.3525440196331 149.5182052260346 160.46427072643954 247.43382956870846 None 136.6749465064934 129.87607326297476 145.38389232751874 97.14408551974773 None 29.999979162717633 None 29.999979162717633 None 1.0 1.0 1.0 1.0 0.0 1.0 1.0 1.0 1.0 0.0 1.0 1.0 1.0 1.0
245.9188970240232 158.71086147636413 4.0 4.0 4.0 7.0 None 3.0 3.0 4.0 2.0 7.0 0.0 None 0.0 None 161.64610908280136 150.28872926944098 162.27100349535937 248.9205346877874 None 139.25125639080676 139.85349813155474 156.49710753914243 103.71784882970529 275.66298897185595 29.999924131721702 None 29.999924131721702 None 1.0 1.0 1.0 1.0 0.0 1.0 1.0 1.0 1.0 1.0 1.0 1.0 1.0 1.0
220.43805941945047 177.0565396138493 5.0 4.0 5.0 7.0 None 4.0 4.0 4.0 3.0 None 1.0 None 1.0 None 159.9656145504345 151.53863762970187 159.9656145504345 249.29910076282093 None 138.98813983369323 132.05192512524297 153.5103832595436 97.5302829122945 None 29.99999033185665 None 29.99999033185665 None 1.0 1.0 1.0 1.0 0.0 1.0 1.0 1.0 1.0 0.0 1.0 1.0 1.0 1.0
218.24657258968708 178.83442354615153 4.0 4.0 4.0 7.0 None 4.0 4.0 4.0 3.0 None 1.0 None 1.0 None 158.20764366550645 151.2238094861357 158.38443282031525 248.39502444071303 None 139.5956351131782 130.97610324770622 147.53985489349498 87.44198831620005 None 29.999911537844802 None 29.999911537844802 None 1.0 1.0 1.0 1.0 0.0 1.0 1.0 1.0 1.0 0.0 1.0 1.0 1.0 1.0
270.1011673946933 144.50141173572294 4.0 4.0 4.0 6.0 None 4.0 4.0 4.0 2.0 None 1.0 None 1.0 None 157.577603457369 149.97736581264675 159.80222119379744 251.63858516285367 None 137.5907576951501 135.0166785500071 149.94964085395836 89.16935876448295 None 29.999911736351716 None 29.999911736351716 None 1.0 1.0 1.0 1.0 0.0 1.0 1.0 1.0 1.0 0.0 1.0 1.0 1.0 1.0
208.82512085850036 186.90280096352336 4.0 4.0 4.0 None None 4.0 4.0 4.0 4.0 None 0.0 None 0.0 None 163.32448515916283 150.95883209938395 163.32448515916283 None None 139.10988307899737 147.79622177508074 163.94538699360868 130.3149121062223 None 29.999939156444835 None 29.999939156444835 None 1.0 1.0 1.0 0.0 0.0 1.0 1.0 1.0 1.0 0.0 1.0 1.0 1.0 1.0
231.17408425590247 168.83380386529404 4.0 4.0 4.0 7.0 None 4.0 4.0 4.0 4.0 4.0 1.0 None 1.0 None 164.96569697399798 152.85811327990592 164.96569697399798 249.28287185444668 None 139.99420719582636 141.84008025862727 157.3615215173268 114.47304273262597 164.96569697399798 39.99994415790189 None 29.999944157901894 None 1.0 1.0 1.0 1.0 0.0 1.0 1.0 1.0 1.0 1.0 1.0 1.0 1.0 1.0
251.6411301479391 155.10183083764716 4.0 4.0 4.0 6.0 None 4.0 4.0 4.0 3.0 7.0 1.0 None 1.0 None 157.17456987762856 153.43570864003576 157.17456987762856 249.82836868934172 None 141.78776216461966 127.71897365211953 144.1070955444816 87.61691012492906 260.6151898782772 29.999903472679225 None 29.999903472679225 None 1.0 1.0 1.0 1.0 0.0 1.0 1.0 1.0 1.0 1.0 1.0 1.0 1.0 1.0
234.8354196580504 166.20150425703474 4.0 4.0 4.0 7.0 None 4.0 4.0 4.0 3.0 None 1.0 None 1.0 None 157.08638691454905 152.7433754142011 157.97930894949968 252.81362721734064 None 140.1055404291044 137.12222936832885 152.05722950944195 106.66219294560337 None 29.999971732287225 None 29.999971732287225 None 1.0 1.0 1.0 1.0 0.0 1.0 1.0 1.0 1.0 0.0 1.0 1.0 1.0 1.0
226.5124389302114 172.30841795856148 4.0 4.0 4.0 7.0 None 4.0 4.0 4.0 3.0 None 1.0 None 1.0 None 162.83814020896935 151.9803570925817 165.06156160181175 251.7892150804968 None 138.9927812329719 150.90286654043135 165.78100156084855 124.40008452492964 None 49.99990745526324 None 29.99990745526324 None 1.0 1.0 1.0 1.0 0.0 1.0 1.0 1.0 1.0 0.0 1.0 1.0 1.0 1.0
251.33195899642726 155.29262635698 4.0 4.0 4.0 6.0 None 4.0 4.0 4.0 3.0 7.0 1.0 None 1.0 None 159.53541998668217 149.29192994597074 159.53541998668217 246.84906254006592 None 137.55441406623314 141.4573830422864 156.59179798161114 105.27483548917803 277.1355568364002 29.999951426423713 None 29.999951426423713 None 1.0 1.0 1.0 1.0 0.0 1.0 1.0 1.0 1.0 1.0 1.0 1.0 1.0 1.0
252.5787143695955 154.52608545187167 4.0 4.0 4.0 7.0 None 4.0 4.0 4.0 3.0 None 1.0 None 1.0 None 161.7592571172845 153.73212466952458 162.8705855480937 254.15667382844748 None 141.6167050601366 135.29932774876062 151.44386320209077 88.08365087800908 None 39.999906213958795 None 29.999906213958795 None 1.0 1.0 1.0 1.0 0.0 1.0 1.0 1.0 1.0 0.0 1.0 1.0 1.0 1.0
277.98935537697076 140.40105941133214 3.0 3.0 3.0 6.0 None 3.0 3.0 3.0 2.0 None 0.0 None 0.0 None 160.54715333391405 152.35322820381865 161.6583323857089 249.52890363682255 None 140.87121234896267 136.22513498166052 156.87348692633296 106.35099856828668 None 39.99993179279247 None 29.99993179279247 None 1.0 1.0 1.0 1.0 0.0 1.0 1.0 1.0 1.0 0.0 1.0 1.0 1.0 1.0
280.8707616586247 138.96070836820584 4.0 3.0 4.0 6.0 None 3.0 3.0 4.0 2.0 None 1.0 None 0.0 None 162.40529201550697 151.00761597198107 165.4299017659917 251.29546962278636 None 138.86853084949496 143.47736362321933 159.02531998630894 107.24984406532973 None 49.99999547525381 None 29.99999547525381 None 1.0 1.0 1.0 1.0 0.0 1.0 1.0 1.0 1.0 0.0 1.0 1.0 1.0 1.0
260.71106033428674 149.70596164948 4.0 4.0 4.0 6.0 None 4.0 4.0 4.0 3.0 None 0.0 None 0.0 None 159.35652642906945 150.0085572051641 160.53548376267568 251.0472695594547 None 137.86836701485893 134.39071061266182 155.3864053783331 96.27631589386476 None 29.999930323722445 None 29.999930323722445 None 1.0 1.0 1.0 1.0 0.0 1.0 1.0 1.0 1.0 0.0 1.0 1.0 1.0 1.0
250.94780599889987 155.53034960652775 4.0 4.0 4.0 7.0 None 4.0 4.0 4.0 3.0 None 1.0 None 0.0 None 158.18420374330844 152.0447363557713 158.18420374330844 252.42559991037535 None 139.3531166211475 142.32090362253538 158.02746116325187 104.12568738894602 None 39.999944615259764 None 29.999944615259768 None 1.0 1.0 1.0 1.0 0.0 1.0 1.0 1.0 1.0 0.0 1.0 1.0 1.0 1.0
206.34900405550528 189.1455700435628 5.0 4.0 5.0 None None 4.0 4.0 4.0 3.0 6.0 1.0 None 1.0 None 159.0934701729217 152.6679966299566 160.22453098866796 None None 139.07300393391446 135.46499813454852 151.0707846676487 96.53455766300188 198.24483089064398 29.999921670956955 None 29.999921670956955 None 1.0 1.0 1.0 0.0 0.0 1.0 1.0 1.0 1.0 1.0 1.0 1.0 1.0 1.0
232.36200376712492 167.97066373689987 4.0 4.0 4.0 7.0 None 3.0 3.0 3.0 2.0 None 1.0 None 0.0 None 157.93170480729862 155.91674647825408 158.94014263665736 258.0659800839227 None 143.1271392181911 128.41848158626905 143.9001242726032 95.62652794030365 None 49.999972283123434 None 29.999972283123434 None 1.0 1.0 1.0 1.0 0.0 1.0 1.0 1.0 1.0 0.0 1.0 1.0 1.0 1.0
253.98928961415754 153.66789701759313 4.0 4.0 4.0 6.0 None 4.0 4.0 4.0 3.0 None 1.0 None 1.0 None 157.8960296970398 152.19535427026915 157.68327195578735 251.50499414539166 None 139.9746482151702 143.1412298656232 159.85040467888615 114.86102690868297 None 29.999997713196464 None 29.999997713196464 None 1.0 1.0 1.0 1.0 0.0 1.0 1.0 1.0 1.0 0.0 1.0 1.0 1.0 1.0
248.31849493012663 157.17717687916277 4.0 4.0 4.0 7.0 None 4.0 4.0 4.0 3.0 None 1.0 None 1.0 None 153.59843989301982 152.48323446091928 153.65162855768068 252.14112395879965 None 140.8045932010259 129.29720956148492 145.74656228118704 95.97202215837031 None 49.99994747414259 None 29.999947474142584 None 1.0 1.0 1.0 1.0 0.0 1.0 1.0 1.0 1.0 0.0 1.0 1.0 1.0 1.0
227.30985513988844 171.7039499936358 4.0 4.0 4.0 7.0 None 4.0 4.0 4.0 3.0 None 1.0 None 1.0 None 156.65699706694548 153.7068057707496 157.68938225519292 254.94612330004378 None 140.67105044219335 136.0164548972947 151.62679470549796 96.99613280665868 None 49.99993186616443 None 29.999931866164435 None 1.0 1.0 1.0 1.0 0.0 1.0 1.0 1.0 1.0 0.0 1.0 1.0 1.0 1.0
229.53833920449674 170.03695389304005 4.0 4.0 4.0 7.0 None 4.0 4.0 4.0 3.0 7.0 0.0 None 0.0 None 158.49768803931747 149.0023481467837 160.4946907106201 248.84746322383333 None 136.39050474340226 139.45672370032975 149.70275555543284 103.80733668859405 241.55894577086494 29.999915303419623 None 29.999915303419623 None 1.0 1.0 1.0 1.0 0.0 1.0 1.0 1.0 1.0 1.0 1.0 1.0 1.0 1.0
245.84151556786946 158.76081755290429 4.0 4.0 4.0 7.0 None 4.0 4.0 4.0 2.0 None 1.0 None 1.0 None 160.17450626865718 151.2163439627253 160.17450626865718 247.58001930258422 None 138.79968768495476 137.31971554093755 158.98007696428581 103.32246112400048 None 39.99996142513294 None 29.999961425132934 None 1.0 1.0 1.0 1.0 0.0 1.0 1.0 1.0 1.0 0.0 1.0 1.0 1.0 1.0
252.7343225779603 154.4309439330723 4.0 4.0 4.0 6.0 None 4.0 4.0 4.0 3.0 None 1.0 None 1.0 None 156.5459501172428 152.28024706911458 157.2629971103005 250.47679929377227 None 139.80164117637185 136.58607204804036 151.5174210970663 97.48077529591029 None 39.999910774771124 None 29.999910774771124 None 1.0 1.0 1.0 1.0 0.0 1.0 1.0 1.0 1.0 0.0 1.0 1.0 1.0 1.0
256.09428211666267 152.40480840653854 4.0 4.0 4.0 6.0 None 3.0 3.0 4.0 2.0 7.0 1.0 None 1.0 None 157.47075854973576 150.83685469681114 158.58247113597358 247.53736211717245 None 137.7937957860389 131.26191242315332 151.70832204955707 88.19479756035571 258.2581538053687 29.99990403536493 None 29.99990403536493 None 1.0 1.0 1.0 1.0 0.0 1.0 1.0 1.0 1.0 1.0 1.0 1.0 1.0 1.0
257.15913473719786 151.77372579001116 4.0 4.0 4.0 6.0 None 3.0 3.0 3.0 2.0 None 1.0 None 1.0 None 159.0049271313781 153.84828965691676 159.65536292113978 255.78380904806818 None 141.84478519945807 130.76266488085835 145.58632089399467 88.98078139580535 None 29.999914283195277 None 29.999914283195277 None 1.0 1.0 1.0 1.0 0.0 1.0 1.0 1.0 1.0 0.0 1.0 1.0 1.0 1.0
245.3547226828494 159.07580491308084 4.0 4.0 5.0 7.0 None 4.0 4.0 4.0 3.0 None 1.0 None 1.0 None 158.37867953363266 152.98934120953191 159.59389202237617 253.5704902995177 None 140.98777792159495 132.57264259458566 149.4258016193382 98.40087276801049 None 49.99990583723916 None 29.99990583723916 None 1.0 1.0 1.0 1.0 0.0 1.0 1.0 1.0 1.0 0.0 1.0 1.0 1.0 1.0
258.86221657131694 150.77519043512933 4.0 4.0 4.0 6.0 None 3.0 3.0 4.0 3.0 None 1.0 None 0.0 None 163.6599627629472 149.80399354620562 165.43924165366036 250.35110041100654 None 137.20298758805046 141.97433778078613 163.6599627629472 121.75269555320395 None 39.99997725382855 None 29.999977253828547 None 1.0 1.0 1.0 1.0 0.0 1.0 1.0 1.0 1.0 0.0 1.0 1.0 1.0 1.0
258.59752676760075 150.9295177253412 4.0 4.0 4.0 6.0 None 3.0 3.0 4.0 2.0 None 0.0 None 0.0 None 161.01985847934085 150.78692787724023 162.93199117294137 250.20464311779565 None 138.27566820788198 130.41889900657483 150.65566690322353 105.5649323529523 None 29.99993447077733 None 29.99993447077733 None 1.0 1.0 1.0 1.0 0.0 1.0 1.0 1.0 1.0 0.0 1.0 1.0 1.0 1.0
275.1781336543791 141.83539760837712 4.0 3.0 4.0 6.0 None 3.0 3.0 4.0 2.0 5.0 1.0 None 1.0 None 160.29926796818822 150.3048773776821 160.29926796818822 250.00262494205293 None 137.94987507622346 136.15259816529155 151.7094347856281 97.69727258634914 216.5890540351596 29.99990063581078 None 29.99990063581078 None 1.0 1.0 1.0 1.0 0.0 1.0 1.0 1.0 1.0 1.0 1.0 1.0 1.0 1.0
279.50685246465804 139.63879474094506 3.0 3.0 3.0 6.0 None 3.0 3.0 3.0 2.0 None 1.0 None 1.0 None 160.10924513859567 150.7853637161999 160.91650589264776 249.94458502475894 None 137.99018254037702 145.07326544720115 160.10924513859567 108.88676386688769 None 29.99998588536354 None 29.99998588536354 None 1.0 1.0 1.0 1.0 0.0 1.0 1.0 1.0 1.0 0.0 1.0 1.0 1.0 1.0
222.39602170680328 175.4977436217603 4.0 4.0 4.0 None None 4.0 4.0 4.0 3.0 None 1.0 None 1.0 None 158.46930571037342 152.2402507485983 159.58189138259183 None None 140.52293805176944 137.31181483067587 152.57230686353245 105.36520535269844 None 39.999903409063 None 29.999903409063002 None 1.0 1.0 1.0 0.0 0.0 1.0 1.0 1.0 1.0 0.0 1.0 1.0 1.0 1.0
277.4183131761937 140.69006315099068 4.0 3.0 4.0 6.0 None 3.0 3.0 3.0 2.0 None 1.0 None 1.0 None 157.54333722978453 150.26367245099664 158.65563716587616 248.88430967995794 None 138.1415340008606 134.04869622541742 149.36854764680487 103.52884852609584 None 49.999924604752195 None 29.999924604752195 None 1.0 1.0 1.0 1.0 0.0 1.0 1.0 1.0 1.0 0.0 1.0 1.0 1.0 1.0
296.60108663030206 131.59088674765673 4.0 3.0 4.0 5.0 None 3.0 3.0 3.0 2.0 None 1.0 None 0.0 None 156.47950383500313 152.66672837274155 156.7481013926102 251.60907869423795 None 140.22152215828763 129.8125306555956 145.949961476827 87.57113927364419 None 49.99996966652928 None 29.999969666529285 None 1.0 1.0 1.0 1.0 0.0 1.0 1.0 1.0 1.0 0.0 1.0 1.0 1.0 1.0
245.4611514421214 159.00683171529525 4.0 3.0 4.0 7.0 None 3.0 3.0 3.0 2.0 None 0.0 None 0.0 None 158.93960616380465 150.3990042374822 158.93960616380465 253.34285795077724 None 138.52282798903653 139.53093587563313 155.06528351809746 119.90220358601606 None 29.999984664569677 None 29.999984664569677 None 1.0 1.0 1.0 1.0 0.0 1.0 1.0 1.0 1.0 0.0 1.0 1.0 1.0 1.0
293.7443807418026 132.87062684037127 3.0 3.0 3.0 5.0 None 2.0 2.0 3.0 2.0 None 0.0 None 0.0 None 159.77388296460583 149.94823523256076 159.9352998870629 248.2070923938605 None 138.1938300418069 132.99987353080792 149.52849614341582 110.51751916459452 None 29.999931219123233 None 29.999931219123233 None 1.0 1.0 1.0 1.0 0.0 1.0 1.0 1.0 1.0 0.0 1.0 1.0 1.0 1.0
227.32269764347032 171.69424964863867 5.0 4.0 5.0 7.0 None 4.0 4.0 4.0 3.0 None 1.0 None 1.0 None 156.4336371409604 152.74401660596916 156.4336371409604 256.88847821165695 None 140.599583225031 133.82751409320022 148.75917352040216 103.70985448891133 None 49.99996062649344 None 29.99996062649344 None 1.0 1.0 1.0 1.0 0.0 1.0 1.0 1.0 1.0 0.0 1.0 1.0 1.0 1.0
284.75634079243787 137.0645510171428 4.0 4.0 4.0 6.0 None 4.0 4.0 4.0 3.0 None 1.0 None 1.0 None 163.00641452552088 151.98627763446095 163.00641452552088 248.44324949740673 None 139.81903375864096 140.90686760603302 163.00641452552088 120.92872205598157 None 29.999930823290743 None 29.999930823290743 None 1.0 1.0 1.0 1.0 0.0 1.0 1.0 1.0 1.0 0.0 1.0 1.0 1.0 1.0
256.3713864138398 152.24007852809672 3.0 3.0 3.0 6.0 None 3.0 3.0 3.0 2.0 None 1.0 None 1.0 None 161.62623917544093 152.79892452471358 162.87464703461572 253.36455824719764 None 141.64833680193126 133.54138319437993 148.5288267108232 99.44888478615994 None 49.999970019374416 None 29.999970019374416 None 1.0 1.0 1.0 1.0 0.0 1.0 1.0 1.0 1.0 0.0 1.0 1.0 1.0 1.0
229.04743529722896 170.4013841034796 4.0 4.0 4.0 7.0 None 4.0 4.0 4.0 2.0 None 1.0 None 1.0 None 157.0524166029924 151.60620524555426 158.1656837771446 251.23767716644647 None 139.79620293297452 123.53284778741687 138.96994016974014 80.89125666664395 None 49.99991935992988 None 29.999919359929883 None 1.0 1.0 1.0 1.0 0.0 1.0 1.0 1.0 1.0 0.0 1.0 1.0 1.0 1.0
206.24959741624224 189.23673301156404 5.0 4.0 5.0 None None 4.0 4.0 5.0 3.0 None 1.0 None 1.0 None 158.03334134227703 150.70920349045662 158.03334134227703 None None 138.84724148151 136.69794766329238 153.0031553573605 105.30051554287111 None 39.99996991695538 None 29.999969916955383 None 1.0 1.0 1.0 0.0 0.0 1.0 1.0 1.0 1.0 0.0 1.0 1.0 1.0 1.0
231.01140107040396 168.95270025268172 4.0 4.0 4.0 7.0 None 4.0 4.0 4.0 3.0 7.0 1.0 None 1.0 None 159.68356633889204 150.77434844476096 161.8055744029071 251.0323594564353 None 138.32056825687624 139.58361171400742 154.8511263625361 104.37862284732678 258.22536096347534 39.99990801251589 None 29.99990801251589 None 1.0 1.0 1.0 1.0 0.0 1.0 1.0 1.0 1.0 1.0 1.0 1.0 1.0 1.0
238.89936712194017 163.37422936779117 4.0 4.0 4.0 7.0 None 4.0 4.0 4.0 2.0 None 1.0 None 1.0 None 161.269603674229 150.33686863889625 162.38290767689736 247.97737020844764 None 137.83503399764345 130.05023080916246 150.75286259043145 96.75721030019217 None 39.999968420174085 None 29.99996842017409 None 1.0 1.0 1.0 1.0 0.0 1.0 1.0 1.0 1.0 0.0 1.0 1.0 1.0 1.0
220.64720219610035 176.88871470625793 4.0 4.0 4.0 7.0 None 4.0 4.0 4.0 3.0 None 1.0 None 1.0 None 161.60527976429162 151.21289218206783 163.8299107125203 251.32601009612256 None 139.05037623758724 143.69145412877523 153.9382530065214 107.44398301674065 None 29.99994085880525 None 29.99994085880525 None 1.0 1.0 1.0 1.0 0.0 1.0 1.0 1.0 1.0 0.0 1.0 1.0 1.0 1.0
230.66323629518175 169.2077186936412 4.0 4.0 4.0 7.0 None 4.0 4.0 4.0 3.0 None 1.0 None 1.0 None 158.62235904323455 148.00117533162964 159.73450749615736 248.28258924021597 None 135.8669995249201 130.80835253056458 146.2457256745095 96.72579355323418 None 29.999985631486005 None 29.999985631486005 None 1.0 1.0 1.0 1.0 0.0 1.0 1.0 1.0 1.0 0.0 1.0 1.0 1.0 1.0
229.0394416600272 170.40733123133376 4.0 4.0 4.0 7.0 None 4.0 4.0 4.0 4.0 None 1.0 None 1.0 None 165.17579706117684 154.0286581550971 166.96105570632415 252.41649940125404 None 141.58339891420243 153.3592350791145 167.99692862126594 138.07700886421145 None 49.99998652567007 None 29.999986525670067 None 1.0 1.0 1.0 1.0 0.0 1.0 1.0 1.0 1.0 0.0 1.0 1.0 1.0 1.0
270.22558337546775 144.43488108144578 3.0 3.0 3.0 6.0 None 3.0 3.0 4.0 3.0 None 1.0 None 0.0 None 163.2086609419925 154.4236717778401 163.67140191902098 251.99262921425074 None 141.63955696798428 149.79983224078126 165.75233683412674 124.63527962849962 None 39.999979231376344 None 29.99997923137634 None 1.0 1.0 1.0 1.0 0.0 1.0 1.0 1.0 1.0 0.0 1.0 1.0 1.0 1.0
260.43799553293655 149.86292579979573 4.0 4.0 4.0 6.0 None 4.0 3.0 4.0 2.0 7.0 0.0 None 0.0 None 156.76147737018712 150.2476155750766 156.76147737018712 248.97337442280352 None 137.47783468695258 129.8766485422167 145.9730817227004 88.52360309394587 279.7990745115478 29.999903053944838 None 29.999903053944838 None 1.0 1.0 1.0 1.0 0.0 1.0 1.0 1.0 1.0 1.0 1.0 1.0 1.0 1.0
252.89088263575098 154.33533859825422 4.0 4.0 4.0 7.0 None 4.0 3.0 4.0 2.0 6.0 1.0 None 1.0 None 153.48957153420577 154.07901283923505 150.87867164083215 253.00065063242948 None 142.78733701262905 125.47740115725233 140.728372414854 83.3408200863479 238.3032385890125 49.999967983169086 None 29.999967983169086 None 1.0 1.0 1.0 1.0 0.0 1.0 1.0 1.0 1.0 1.0 1.0 1.0 1.0 1.0
262.7996322298035 148.51618957316677 4.0 4.0 4.0 6.0 None 4.0 3.0 4.0 2.0 None 1.0 None 1.0 None 156.7514813166668 148.4779149059727 155.6393194135248 250.00497528685463 None 135.36400078617493 122.57169148299415 143.85149960244559 95.55226819756928 None 29.999932749392837 None 29.999932749392837 None 1.0 1.0 1.0 1.0 0.0 1.0 1.0 1.0 1.0 0.0 1.0 1.0 1.0 1.0
289.4091260747006 134.8609856550474 4.0 4.0 4.0 5.0 None 4.0 3.0 4.0 3.0 6.0 1.0 None 1.0 None 163.27844030598635 146.95134336238496 163.3784176730829 245.48305860988665 None 134.60007811142802 131.3362960644431 152.65394499298574 106.14379193219314 282.4365957559162 29.999942525001313 None 29.999942525001313 None 1.0 1.0 1.0 1.0 0.0 1.0 1.0 1.0 1.0 1.0 1.0 1.0 1.0 1.0
229.81939047648268 169.82901189964613 4.0 4.0 4.0 7.0 None 4.0 4.0 4.0 3.0 None 0.0 None 0.0 None 161.02382847673397 153.82775727199956 162.5185349092762 251.08967137086574 None 141.5403261906251 142.854459552604 158.3097747873223 106.33278443425691 None 29.999923646993796 None 29.999923646993796 None 1.0 1.0 1.0 1.0 0.0 1.0 1.0 1.0 1.0 0.0 1.0 1.0 1.0 1.0
266.2347741722582 146.59993278994787 4.0 4.0 4.0 6.0 None 4.0 4.0 4.0 3.0 None 1.0 None 1.0 None 160.71125704637046 152.89279839302856 162.61588746368352 251.3533800911964 None 140.2661538184708 144.3833613709524 159.9017414810923 115.49033148575653 None 39.999905502699036 None 29.999905502699036 None 1.0 1.0 1.0 1.0 0.0 1.0 1.0 1.0 1.0 0.0 1.0 1.0 1.0 1.0
213.50320379861722 182.80756122430037 5.0 4.0 5.0 None None 4.0 4.0 5.0 3.0 None 1.0 None 1.0 None 157.56988059701894 148.91674529232972 156.45754282673397 None None 137.5511312939016 137.02826748330185 152.06488980016874 114.71940271881545 None 29.999925925769052 None 29.999925925769052 None 1.0 1.0 1.0 0.0 0.0 1.0 1.0 1.0 1.0 0.0 1.0 1.0 1.0 1.0
249.76048785589637 156.26971397701237 4.0 4.0 4.0 7.0 None 3.0 3.0 4.0 2.0 7.0 1.0 None 1.0 None 156.95877575475347 150.82471187048966 158.8712057246173 252.14862275236862 None 138.26831862986694 130.05003095130894 145.5525179826211 96.5031943061155 251.96806467327121 39.99995562654313 None 29.999955626543123 None 1.0 1.0 1.0 1.0 0.0 1.0 1.0 1.0 1.0 1.0 1.0 1.0 1.0 1.0
249.5224087244228 156.41881704943566 4.0 4.0 4.0 7.0 None 4.0 4.0 4.0 3.0 None 1.0 None 1.0 None 160.9949166231991 154.83642147529838 163.17079324453914 251.83448135475004 None 142.21348523537253 142.70847666318676 158.27966607518383 114.67721360302228 None 49.99997086407579 None 29.999970864075795 None 1.0 1.0 1.0 1.0 0.0 1.0 1.0 1.0 1.0 0.0 1.0 1.0 1.0 1.0
268.04417012841185 145.61032975013748 3.0 3.0 3.0 6.0 None 3.0 3.0 3.0 2.0 5.0 1.0 None 1.0 None 160.6597368917072 149.81463795911853 162.99864429763315 248.90770709404944 None 137.4712131364513 136.7576982058889 152.37152887894652 97.3272913619856 232.96563599525552 29.99994712469026 None 29.99994712469026 None 1.0 1.0 1.0 1.0 0.0 1.0 1.0 1.0 1.0 1.0 1.0 1.0 1.0 1.0
305.54891814468624 127.73732022025412 3.0 3.0 3.0 5.0 None 3.0 2.0 3.0 2.0 7.0 1.0 None 0.0 None 160.981819351283 154.02351840508697 161.12390634219503 253.2685921110956 None 142.71853408216154 131.49938644385253 146.81680600490432 106.06486702722314 333.64624708846065 39.99991212685025 None 29.999912126850244 None 1.0 1.0 1.0 1.0 0.0 1.0 1.0 1.0 1.0 1.0 1.0 1.0 1.0 1.0
228.08125186670532 171.12322771189372 4.0 4.0 4.0 7.0 None 4.0 4.0 4.0 2.0 None 1.0 None 0.0 None 158.46796714336384 149.31490674979102 158.46796714336384 248.94026849549215 None 136.61920541150943 130.2865437008589 145.1117741993808 96.37853285380274 None 49.99993166545467 None 29.999931665454664 None 1.0 1.0 1.0 1.0 0.0 1.0 1.0 1.0 1.0 0.0 1.0 1.0 1.0 1.0
289.84063211386734 134.66020866483137 4.0 4.0 4.0 5.0 None 3.0 3.0 4.0 3.0 6.0 1.0 None 1.0 None 159.47972142969638 152.02097345220318 159.47972142969638 250.28037619241397 None 140.26614327396027 134.61133775815597 154.33103647677063 112.303611503947 289.0950156976784 39.99995763585619 None 29.999957635856187 None 1.0 1.0 1.0 1.0 0.0 1.0 1.0 1.0 1.0 1.0 1.0 1.0 1.0 1.0
235.10219348761973 166.01291302735245 4.0 4.0 4.0 7.0 None 4.0 4.0 4.0 3.0 None 1.0 None 1.0 None 160.2836600948824 152.63258401740327 162.50677104089323 253.91957361502386 None 141.37061496852334 135.68330484247505 156.46243018608894 104.99608491755997 None 49.999968571331394 None 29.999968571331397 None 1.0 1.0 1.0 1.0 0.0 1.0 1.0 1.0 1.0 0.0 1.0 1.0 1.0 1.0
224.70373314622904 173.69537859257858 4.0 4.0 4.0 7.0 None 4.0 4.0 4.0 3.0 None 1.0 None 1.0 None 162.02643004587222 150.460728053964 163.13802825355543 248.9094207416613 None 137.17694602827015 139.91362703812698 155.05027707249366 111.4190066889154 None 39.99991462837979 None 29.99991462837979 None 1.0 1.0 1.0 1.0 0.0 1.0 1.0 1.0 1.0 0.0 1.0 1.0 1.0 1.0
245.05805732540375 159.2683808317858 4.0 4.0 4.0 7.0 None 4.0 4.0 4.0 3.0 None 1.0 None 1.0 None 159.85630544003118 151.98799633901842 160.9678197720072 253.68753216830447 None 139.9157010748866 133.4640347923435 148.91140517847202 111.159753631515 None 49.999900750861805 None 29.999900750861805 None 1.0 1.0 1.0 1.0 0.0 1.0 1.0 1.0 1.0 0.0 1.0 1.0 1.0 1.0
224.98685064844656 173.47680492219683 4.0 4.0 4.0 7.0 None 4.0 4.0 4.0 3.0 7.0 0.0 None 0.0 None 159.47059171499114 150.19548729376308 159.47059171499114 251.53093960334778 None 136.68940570854542 133.84330850393877 149.13095737580502 103.6716562275407 228.17227180391913 29.99994911190893 None 29.99994911190893 None 1.0 1.0 1.0 1.0 0.0 1.0 1.0 1.0 1.0 1.0 1.0 1.0 1.0 1.0
204.199416812628 191.13668691724848 5.0 5.0 5.0 None None 4.0 4.0 5.0 3.0 None 1.0 None 0.0 None 155.24161615798528 153.65719592551554 155.24161615798528 None None 141.86808145502175 134.62268335306518 150.21192488534697 103.51933329526142 None 49.99997409337905 None 29.999974093379056 None 1.0 1.0 1.0 0.0 0.0 1.0 1.0 1.0 1.0 0.0 1.0 1.0 1.0 1.0
263.936072382872 147.8767174476331 4.0 4.0 4.0 6.0 None 4.0 4.0 4.0 3.0 None 1.0 None 1.0 None 160.9777891381072 150.64542731498275 162.26828018067258 253.06937181074275 None 138.48995626701029 136.71416704624184 152.3291199165393 105.66592979839098 None 29.999991571227646 None 29.999991571227646 None 1.0 1.0 1.0 1.0 0.0 1.0 1.0 1.0 1.0 0.0 1.0 1.0 1.0 1.0
209.53779794289264 186.267109720401 4.0 4.0 4.0 None None 4.0 4.0 4.0 2.0 None 1.0 None 0.0 None 158.4672043095611 151.87978619830818 158.4672043095611 None None 139.49475662675502 130.89890878861448 145.72431227320462 89.4702428545782 None 49.99991195817981 None 29.99991195817981 None 1.0 1.0 1.0 0.0 0.0 1.0 1.0 1.0 1.0 0.0 1.0 1.0 1.0 1.0
286.7406158262718 136.1160499970719 4.0 4.0 4.0 5.0 None 4.0 3.0 4.0 2.0 5.0 0.0 None 0.0 None 158.57729583826728 152.74484170709516 158.65709116561882 252.38529062232422 None 140.37115976822838 129.8946298449788 145.5481913763229 95.91760960406368 233.49246297959976 29.99997336350477 None 29.99997336350477 None 1.0 1.0 1.0 1.0 0.0 1.0 1.0 1.0 1.0 1.0 1.0 1.0 1.0 1.0
298.6465229557715 130.68961799290798 3.0 3.0 3.0 5.0 None 3.0 2.0 3.0 2.0 None 0.0 None 0.0 None 160.02477133750554 152.53062231681375 162.24734630028908 250.81032365233028 None 140.15935395168938 130.2422202924102 150.17343244097532 96.06174135377836 None 29.99996015219488 None 29.99996015219488 None 1.0 1.0 1.0 1.0 0.0 1.0 1.0 1.0 1.0 0.0 1.0 1.0 1.0 1.0
234.96259233714187 166.1115482757223 4.0 4.0 4.0 7.0 None 4.0 4.0 4.0 2.0 7.0 1.0 None 1.0 None 156.95852626449863 150.37057239329397 157.95517528490768 252.96332378443014 None 138.04185394288885 135.533870970309 145.39295819919982 88.25095027035725 264.2080984696987 29.999941245827173 None 29.999941245827173 None 1.0 1.0 1.0 1.0 0.0 1.0 1.0 1.0 1.0 1.0 1.0 1.0 1.0 1.0
284.03461173623504 137.41283064559994 4.0 4.0 4.0 5.0 None 3.0 3.0 4.0 3.0 None 1.0 None 0.0 None 162.577556650664 152.3076645613031 162.577556650664 249.62703630267538 None 140.532429640879 135.57297019749547 150.9862309236626 105.19861741733624 None 39.99992367926768 None 29.999923679267685 None 1.0 1.0 1.0 1.0 0.0 1.0 1.0 1.0 1.0 0.0 1.0 1.0 1.0 1.0
221.48591729365225 176.2188787301223 5.0 5.0 5.0 7.0 None 4.0 4.0 5.0 3.0 None 1.0 None 1.0 None 158.85680820107393 151.8908976012861 159.86631032435295 251.5208224283423 None 139.03857672239704 135.5169716554881 155.83655298742397 97.0175366179138 None 49.99999028784165 None 29.999990287841648 None 1.0 1.0 1.0 1.0 0.0 1.0 1.0 1.0 1.0 0.0 1.0 1.0 1.0 1.0
223.37434246976676 174.72910974671422 4.0 4.0 4.0 7.0 None 4.0 4.0 4.0 3.0 None 1.0 None 1.0 None 161.4730320982247 151.41588719930758 161.5186513913261 251.944040669696 None 139.23266432070483 138.0421777437818 158.75805554217013 107.77381176117353 None 29.999994893785637 None 29.999994893785637 None 1.0 1.0 1.0 1.0 0.0 1.0 1.0 1.0 1.0 0.0 1.0 1.0 1.0 1.0
225.10375347512914 173.3867134486155 4.0 4.0 4.0 7.0 None 4.0 4.0 4.0 3.0 None 1.0 None 1.0 None 155.07939995482351 147.96654284353335 156.19172927006633 249.29314197569747 None 135.16101898964834 133.76936810473416 148.80204000460915 95.21243303270751 None 29.99991365468318 None 29.99991365468318 None 1.0 1.0 1.0 1.0 0.0 1.0 1.0 1.0 1.0 0.0 1.0 1.0 1.0 1.0
212.63077700504294 183.55762298265188 5.0 4.0 5.0 None None 4.0 4.0 4.0 3.0 None 1.0 None 1.0 None 159.61839140777982 148.93836292636507 159.61839140777982 None None 135.44771459077953 139.08116674946615 148.94044956571543 89.06008761848469 None 39.99999568924578 None 29.99999568924578 None 1.0 1.0 1.0 0.0 0.0 1.0 1.0 1.0 1.0 0.0 1.0 1.0 1.0 1.0
283.1791048627759 137.82796586956272 4.0 4.0 4.0 6.0 None 4.0 3.0 4.0 3.0 None 1.0 None 1.0 None 160.28475903359464 153.6048464739035 160.28475903359464 251.65147478516747 None 141.28363975742815 136.7922003224546 152.4051418791185 114.19523460144346 None 49.999933676990636 None 29.999933676990633 None 1.0 1.0 1.0 1.0 0.0 1.0 1.0 1.0 1.0 0.0 1.0 1.0 1.0 1.0
234.45532422674054 166.47094762605727 5.0 4.0 5.0 7.0 None 4.0 4.0 4.0 3.0 None 1.0 None 1.0 None 158.664306131001 147.57624758821524 158.664306131001 249.7427007301001 None 135.88716595291368 135.869297039409 150.79861152659063 113.56039825199383 None 29.999908467360026 None 29.999908467360026 None 1.0 1.0 1.0 1.0 0.0 1.0 1.0 1.0 1.0 0.0 1.0 1.0 1.0 1.0
242.76327701402838 160.77390485112213 4.0 4.0 4.0 7.0 None 4.0 4.0 4.0 3.0 None 0.0 None 0.0 None 168.04156126344378 153.76347962606266 170.26533719635415 253.26559897095902 None 142.14114604200105 153.60888847471722 172.8852462784616 129.55636485724 None 29.999965327903883 None 29.999965327903883 None 1.0 1.0 1.0 1.0 0.0 1.0 1.0 1.0 1.0 0.0 1.0 1.0 1.0 1.0
234.39148881296012 166.51628520157226 4.0 4.0 4.0 7.0 None 4.0 4.0 4.0 3.0 None 1.0 None 0.0 None 158.16605345459357 150.46291644650955 158.16605345459357 251.11071221386908 None 138.27033903964067 130.05475589130498 145.03071390571435 96.93485896761888 None 39.99990501533074 None 29.99990501533074 None 1.0 1.0 1.0 1.0 0.0 1.0 1.0 1.0 1.0 0.0 1.0 1.0 1.0 1.0
245.26454816442555 159.1342910832521 4.0 4.0 4.0 7.0 None 3.0 3.0 4.0 2.0 None 0.0 None 0.0 None 159.2940425747347 150.20799316810894 160.6111330914426 249.67157057458274 None 137.60227461562272 133.57178647183036 149.85708694824555 100.06485551115287 None 29.99996177277614 None 29.99996177277614 None 1.0 1.0 1.0 1.0 0.0 1.0 1.0 1.0 1.0 0.0 1.0 1.0 1.0 1.0
