171.56178324110317 79.33585057735075 7.0 7.0 8.0 10.0 None None 4.0 4.0 7.0 9.0 3.0 None 1.0 None 131.1404945522616 128.31228009106331 143.37815167398082 171.75189136990127 None None 85.82115417829624 85.82115417829624 130.37943769927398 165.56348529384655 59.99998379877019 None 29.999983798770188 None 1.0 1.0 1.0 1.0 0.0 0.0 1.0 1.0 1.0 1.0 1.0 1.0 1.0 1.0
204.86422488930515 66.43912575440865 6.0 6.0 6.0 9.0 None None 4.0 4.0 6.0 7.0 2.0 None 1.0 None 138.58043618658849 147.86755749940227 148.89916026476646 195.78350473803465 None None 106.03037067863687 106.03037067863687 141.9242274835455 163.4785123544566 59.99999362015063 None 29.999993620150633 None 1.0 1.0 1.0 1.0 0.0 0.0 1.0 1.0 1.0 1.0 1.0 1.0 1.0 1.0
183.66693661950893 74.10696911767543 6.0 6.0 7.0 10.0 None None 5.0 5.0 6.0 None 2.0 None 1.0 None 129.10214610646528 126.19362117356366 139.76493812845092 185.14030915522687 None None 90.5040259002144 90.5040259002144 127.58075302854661 None 49.99992569261792 None 29.99992569261792 None 1.0 1.0 1.0 1.0 0.0 0.0 1.0 1.0 1.0 0.0 1.0 1.0 1.0 1.0
227.91959644129673 59.71842795670124 6.0 6.0 6.0 8.0 None None 4.0 4.0 5.0 7.0 2.0 None 1.0 None 130.32072526487514 134.4507886423495 142.70456489939653 190.26512836116632 None None 91.65444534253965 91.65444534253965 118.2561249178259 157.85976934110118 59.999916001441704 None 29.999916001441704 None 1.0 1.0 1.0 1.0 0.0 0.0 1.0 1.0 1.0 1.0 1.0 1.0 1.0 1.0
212.31705584101763 64.10695526124795 6.0 6.0 6.0 8.0 None None 4.0 4.0 6.0 7.0 3.0 None 1.0 None 132.38001400336123 137.74379697106912 144.76410192821743 186.12973670346923 None None 83.41788191657741 83.41788191657741 138.33641302648397 162.5351148334434 59.99991411914294 None 29.999914119142943 None 1.0 1.0 1.0 1.0 0.0 0.0 1.0 1.0 1.0 1.0 1.0 1.0 1.0 1.0
217.45123904277574 62.59334304056333 6.0 6.0 6.0 8.0 None None 4.0 4.0 6.0 8.0 2.0 None 1.0 None 133.37993126559275 139.36909133929976 146.83878330767948 186.14559501827807 None None 96.35573175821685 96.35573175821685 141.9972196819353 180.72864260538887 39.99993566187089 None 29.999935661870893 None 1.0 1.0 1.0 1.0 0.0 0.0 1.0 1.0 1.0 1.0 1.0 1.0 1.0 1.0
221.87097200938592 61.34646581628626 5.0 6.0 6.0 8.0 None None 3.0 3.0 5.0 6.0 2.0 None 1.0 5.0 125.3607667267915 137.5115623152284 136.32207135499078 180.24416217635667 None None 74.16703057324628 74.16703057324628 113.41418145204653 130.5001667165538 49.99998920968585 None 29.99998920968585 109.99998920968585 1.0 1.0 1.0 1.0 0.0 0.0 1.0 1.0 1.0 1.0 1.0 1.0 1.0 1.0
196.4139912175878 69.29750734977789 6.0 7.0 6.0 9.0 None None 3.0 3.0 5.0 6.0 2.0 None 1.0 3.0 125.11702548160576 142.16302813989097 137.54454420712005 192.370496558564 None None 73.43474548230967 73.43474548230967 112.52622125820255 134.63082062649687 59.999962377092174 None 29.999962377092174 79.99996237709217 1.0 1.0 1.0 1.0 0.0 0.0 1.0 1.0 1.0 1.0 1.0 1.0 1.0 1.0
197.551525104497 68.89848100540007 6.0 5.0 6.0 7.0 None None 5.0 5.0 6.0 7.0 2.0 None 2.0 None 132.40846717081985 114.8189105672991 142.72692341040323 162.80317126901292 None None 94.73235487917748 94.73235487917748 133.53522132948484 147.56391705933999 49.999922807674864 None 29.999922807674864 None 1.0 1.0 1.0 1.0 0.0 0.0 1.0 1.0 1.0 1.0 1.0 1.0 1.0 1.0
243.96665352004123 55.790411532131344 5.0 5.0 5.0 7.0 None None 3.0 3.0 4.0 6.0 2.0 None 1.0 None 131.3109136116126 137.50035217689333 144.72598507255236 189.9314646375948 None None 93.12194617582975 93.12194617582975 120.7871448281748 166.4701742569493 59.99991219408804 None 29.99991219408804 None 1.0 1.0 1.0 1.0 0.0 0.0 1.0 1.0 1.0 1.0 1.0 1.0 1.0 1.0
225.47651797136763 60.3654878231196 6.0 6.0 7.0 8.0 None None 5.0 5.0 6.0 9.0 3.0 None 1.0 None 134.4508956266942 132.04270134662443 146.85813949486072 182.143450682965 None None 98.67578053282085 98.67578053282085 135.4337823585151 217.2668292083368 59.99993531578451 None 29.999935315784512 None 1.0 1.0 1.0 1.0 0.0 0.0 1.0 1.0 1.0 1.0 1.0 1.0 1.0 1.0
190.96676500617508 71.27418218327088 6.0 7.0 7.0 9.0 None None 4.0 4.0 6.0 7.0 3.0 None 2.0 None 126.18573627305386 135.51662691526928 133.45285461539572 179.98483487717544 None None 79.10569975826638 79.10569975826638 115.95607155850354 144.03024264057456 59.99996134870685 None 29.999961348706847 None 1.0 1.0 1.0 1.0 0.0 0.0 1.0 1.0 1.0 1.0 1.0 1.0 1.0 1.0
224.02133777446426 60.75760521394177 5.0 6.0 6.0 8.0 None None 3.0 3.0 5.0 4.0 2.0 None 1.0 4.0 129.24319051388755 144.77066213901549 145.54468595594068 195.42641673496672 None None 93.76036131125647 93.76036131125647 127.08754377754639 107.225980651535 59.99999919998123 None 29.999999199981232 109.99999919998123 1.0 1.0 1.0 1.0 0.0 0.0 1.0 1.0 1.0 1.0 1.0 1.0 1.0 1.0
204.0708862635243 66.69741210622082 6.0 6.0 6.0 9.0 None None 4.0 4.0 5.0 7.0 3.0 None 2.0 None 130.3366113401829 136.50488991593414 139.62848465497393 188.26736102394386 None None 81.30590469036991 81.30590469036991 107.78916111007055 157.02496638497928 59.99995083813076 None 29.999950838130758 None 1.0 1.0 1.0 1.0 0.0 0.0 1.0 1.0 1.0 1.0 1.0 1.0 1.0 1.0
201.41905782662644 67.57553206169702 6.0 6.0 6.0 9.0 None None 4.0 4.0 5.0 8.0 3.0 None 1.0 None 128.2571075961398 136.51407041217487 139.61039726227386 195.47317811588073 None None 77.59256517016053 77.59256517016053 116.85567427888628 171.61211683038624 59.999907010111485 None 29.999907010111485 None 1.0 1.0 1.0 1.0 0.0 0.0 1.0 1.0 1.0 1.0 1.0 1.0 1.0 1.0
225.0509423141703 60.479640120764714 5.0 4.0 6.0 7.0 None None 3.0 3.0 4.0 8.0 2.0 None 1.0 None 125.35210607969691 110.75877622015804 138.11329137966914 164.42191479703598 None None 79.82542086340851 79.82542086340851 110.12920503333214 171.28231958309283 59.99993448311881 None 29.999934483118807 None 1.0 1.0 1.0 1.0 0.0 0.0 1.0 1.0 1.0 1.0 1.0 1.0 1.0 1.0
192.49566986497592 70.70808402883708 7.0 7.0 7.0 10.0 None None 4.0 4.0 7.0 10.0 3.0 None 2.0 None 135.52624235702388 145.84328623165953 144.81267720081166 195.46983715863735 None None 91.31872851079163 91.31872851079163 138.73096991920573 199.49797574338442 59.999955722478546 None 29.999955722478546 None 1.0 1.0 1.0 1.0 0.0 0.0 1.0 1.0 1.0 1.0 1.0 1.0 1.0 1.0
181.87866926914603 74.83560361802678 6.0 6.0 7.0 9.0 None None 3.0 3.0 5.0 10.0 3.0 None 1.0 None 130.31969262404556 122.0673444712719 142.74808484101277 172.76140241814852 None None 76.4445956194968 76.4445956194968 114.01775418243534 188.512482172479 59.99991213537004 None 29.99991213537004 None 1.0 1.0 1.0 1.0 0.0 0.0 1.0 1.0 1.0 1.0 1.0 1.0 1.0 1.0
191.33977865110057 71.13523437705571 6.0 6.0 7.0 9.0 None None 4.0 4.0 5.0 9.0 2.0 None 1.0 None 125.46842345454405 129.29005491109592 137.5910262970683 187.2175050157943 None None 90.78761849558362 90.78761849558362 104.80457516613143 188.22063550086438 59.999953796232774 None 29.999953796232774 None 1.0 1.0 1.0 1.0 0.0 0.0 1.0 1.0 1.0 1.0 1.0 1.0 1.0 1.0
226.36571191681054 60.12836433903932 6.0 6.0 6.0 8.0 None None 4.0 4.0 5.0 6.0 2.0 None 1.0 None 130.32557374767555 132.67567289059565 139.61432377450814 191.31245469372783 None None 87.14694302557524 87.14694302557524 118.02557925764472 144.08128113900193 49.99998306731533 None 29.999983067315327 None 1.0 1.0 1.0 1.0 0.0 0.0 1.0 1.0 1.0 1.0 1.0 1.0 1.0 1.0
204.63544585434676 66.51340359522999 5.0 6.0 6.0 9.0 None None 4.0 4.0 5.0 7.0 2.0 None 1.0 None 129.2550177339494 135.25719108847204 142.7156481551928 187.635692837642 None None 93.833724370494 93.833724370494 120.20193499630312 157.37141740629033 59.99991548714104 None 29.99991548714104 None 1.0 1.0 1.0 1.0 0.0 0.0 1.0 1.0 1.0 1.0 1.0 1.0 1.0 1.0
218.87846970529057 62.18519353834373 6.0 5.0 6.0 8.0 None None 4.0 4.0 5.0 5.0 3.0 None 1.0 4.0 128.24360411182795 117.11395134185727 139.59636903133537 178.71534331506058 None None 89.10418059378964 89.10418059378964 117.87436773840523 116.26795582071452 49.99996645633081 None 29.99996645633081 79.99996645633081 1.0 1.0 1.0 1.0 0.0 0.0 1.0 1.0 1.0 1.0 1.0 1.0 1.0 1.0
223.78191097729746 60.82261046283061 5.0 6.0 6.0 8.0 None None 3.0 3.0 5.0 8.0 2.0 None 1.0 None 129.23738389188338 141.30152198504788 142.06233284498353 185.89638189858363 None None 77.26063104862749 77.26063104862749 118.49951768474841 179.8550812985115 59.999976579848294 None 29.999976579848294 None 1.0 1.0 1.0 1.0 0.0 0.0 1.0 1.0 1.0 1.0 1.0 1.0 1.0 1.0
216.0214916782208 63.00761972458991 6.0 6.0 6.0 8.0 None None 4.0 4.0 4.0 8.0 3.0 None 1.0 None 130.323039162363 139.6108971436107 144.77212878103666 185.89425624056332 None None 91.91037807521627 91.91037807521627 107.98909950563575 172.15887556307388 69.99992344818901 None 29.99992344818901 None 1.0 1.0 1.0 1.0 0.0 0.0 1.0 1.0 1.0 1.0 1.0 1.0 1.0 1.0
188.93321798738043 72.04132838572161 6.0 6.0 7.0 8.0 None None 5.0 5.0 6.0 7.0 3.0 None 1.0 6.0 129.72176039120973 124.8222936193257 140.6959193924053 175.71255734477057 None None 92.93070912684192 92.93070912684192 128.9611367587089 145.07640426573835 59.999988344517476 None 29.999988344517476 129.99998834451748 1.0 1.0 1.0 1.0 0.0 0.0 1.0 1.0 1.0 1.0 1.0 1.0 1.0 1.0
204.16963447082304 66.66515339206863 6.0 6.0 7.0 8.0 None None 4.0 4.0 6.0 6.0 1.0 None 1.0 3.0 134.4502226105721 133.67713446584634 146.8362846080944 180.5576371756256 None None 96.21916696495146 96.21916696495146 135.19908742951657 128.19181404912365 49.99990025188157 None 29.99990025188157 79.99990025188157 1.0 1.0 1.0 1.0 0.0 0.0 1.0 1.0 1.0 1.0 1.0 1.0 1.0 1.0
255.71839815493735 53.226518303752336 5.0 5.0 5.0 7.0 None None 3.0 3.0 4.0 4.0 2.0 None 1.0 None 130.22756417423795 136.46666402947716 141.62700854630242 183.11184938244168 None None 86.37232626642918 86.37232626642918 126.33226276181682 126.33226276181682 39.999978537409504 None 29.999978537409504 None 1.0 1.0 1.0 1.0 0.0 0.0 1.0 1.0 1.0 1.0 1.0 1.0 1.0 1.0
167.66915803657133 81.17772021632757 7.0 7.0 8.0 10.0 None None 5.0 5.0 8.0 10.0 3.0 None 1.0 None 131.4053971329268 133.4953341020406 144.2841683661074 189.2790211055845 None None 99.05054172502338 99.05054172502338 142.76220991226904 188.98725591197842 59.999952311150025 None 29.999952311150025 None 1.0 1.0 1.0 1.0 0.0 0.0 1.0 1.0 1.0 1.0 1.0 1.0 1.0 1.0
223.2451456982272 60.9688508900379 5.0 6.0 6.0 8.0 None None 4.0 4.0 5.0 7.0 2.0 None 1.0 None 125.11468922372205 143.9721633947051 137.67388237902395 196.46154251901493 None None 86.82245382730633 86.82245382730633 110.71729390928812 172.87763305285864 59.99998581474944 None 29.999985814749436 None 1.0 1.0 1.0 1.0 0.0 0.0 1.0 1.0 1.0 1.0 1.0 1.0 1.0 1.0
186.9107894947013 72.82083627593823 6.0 7.0 7.0 10.0 None None 5.0 5.0 6.0 9.0 3.0 None 2.0 None 132.4000584004276 136.57206784649412 144.33602500966634 187.234047186532 None None 97.63481636632866 97.63481636632866 123.66173908631339 181.01901980057704 59.99997745069783 None 29.999977450697827 None 1.0 1.0 1.0 1.0 0.0 0.0 1.0 1.0 1.0 1.0 1.0 1.0 1.0 1.0
229.69996449091724 59.255559878583284 5.0 6.0 6.0 7.0 None None 3.0 3.0 4.0 6.0 3.0 None 1.0 None 128.04373901902488 135.4331444219838 137.54320455434328 178.95951052493723 None None 78.55624360843882 78.55624360843882 105.93064803514773 156.44721615514055 59.99997307707548 None 29.99997307707548 None 1.0 1.0 1.0 1.0 0.0 0.0 1.0 1.0 1.0 1.0 1.0 1.0 1.0 1.0
252.12484284476471 53.985160075559875 4.0 5.0 5.0 8.0 None None 3.0 3.0 4.0 5.0 2.0 None 1.0 None 128.17703086310775 151.9590100051737 139.57590271902455 198.2174613384804 None None 79.92980718738227 79.92980718738227 122.30504383240225 146.9265240099163 59.99991632954749 None 29.99991632954749 None 1.0 1.0 1.0 1.0 0.0 0.0 1.0 1.0 1.0 1.0 1.0 1.0 1.0 1.0
191.23232278208854 71.17520616799646 5.0 5.0 6.0 8.0 None None 4.0 4.0 6.0 8.0 2.0 None 1.0 None 133.36907934960726 127.17594832905519 146.83183735673248 168.59307271864793 None None 107.35490688472913 107.35490688472913 143.44642347547097 167.5158934130754 59.99995959417544 None 29.999959594175436 None 1.0 1.0 1.0 1.0 0.0 0.0 1.0 1.0 1.0 1.0 1.0 1.0 1.0 1.0
225.51866621942764 60.35420583215324 5.0 4.0 5.0 7.0 None None 3.0 3.0 4.0 7.0 2.0 None 1.0 None 127.94793572572797 120.94866258209112 141.6305738822375 164.1604963095217 None None 87.95899567562111 87.95899567562111 116.55885911981284 175.92033921088705 49.999985302244966 None 29.999985302244966 None 1.0 1.0 1.0 1.0 0.0 0.0 1.0 1.0 1.0 1.0 1.0 1.0 1.0 1.0
195.80320094000098 69.51367462154387 6.0 7.0 7.0 9.0 None None 5.0 5.0 7.0 7.0 2.0 None 1.0 None 136.51306695878736 143.78283489922245 149.97483927138967 189.3195717626902 None None 107.69193605944594 107.69193605944594 156.24741987132722 156.24741987132722 59.99990135849214 None 29.99990135849214 None 1.0 1.0 1.0 1.0 0.0 0.0 1.0 1.0 1.0 1.0 1.0 1.0 1.0 1.0
185.4812310327037 73.38208790300801 7.0 7.0 8.0 10.0 None None 6.0 6.0 9.0 9.0 3.0 None 1.0 None 135.52025067127647 135.5848214812682 147.94876995632683 197.29538997520416 None None 111.69361510089692 111.69361510089692 159.1366822042387 159.89732720313464 59.999982809086475 None 29.999982809086475 None 1.0 1.0 1.0 1.0 0.0 0.0 1.0 1.0 1.0 1.0 1.0 1.0 1.0 1.0
209.65040585109244 64.9223641840571 5.0 5.0 6.0 8.0 None None 3.0 3.0 4.0 5.0 2.0 None 1.0 6.0 125.12247349008595 128.13828537013455 137.55480643483526 179.95967278654257 None None 74.48441448044542 74.48441448044542 110.81374478119545 121.05962745380788 59.999990268874456 None 29.999990268874456 129.99999026887446 1.0 1.0 1.0 1.0 0.0 0.0 1.0 1.0 1.0 1.0 1.0 1.0 1.0 1.0
196.24462108658332 69.3573149910428 7.0 7.0 7.0 10.0 None None 4.0 4.0 7.0 7.0 3.0 None 1.0 4.0 133.92302810919904 144.81092223953686 146.3668599512851 199.46145802238385 None None 79.96400404313738 79.96400404313738 144.8443654213142 133.92302810919904 59.9999040431523 None 29.9999040431523 79.9999040431523 1.0 1.0 1.0 1.0 0.0 0.0 1.0 1.0 1.0 1.0 1.0 1.0 1.0 1.0
218.91660571301617 62.17436066884317 6.0 6.0 7.0 8.0 None None 3.0 3.0 4.0 8.0 2.0 None 1.0 None 128.25457071325337 125.13960860303325 142.7482054854849 174.78421086342195 None None 68.78853453144177 68.78853453144177 109.84662668060162 189.03148280523516 59.9999127833957 None 29.9999127833957 None 1.0 1.0 1.0 1.0 0.0 0.0 1.0 1.0 1.0 1.0 1.0 1.0 1.0 1.0
225.69281316107805 60.307635893951854 5.0 5.0 5.0 7.0 None None 3.0 3.0 4.0 7.0 2.0 None 1.0 None 125.28219930100181 132.0883593741039 137.50667546593354 176.8101323744799 None None 83.45592896635543 83.45592896635543 107.47672044295518 167.6254859336587 59.999903448541716 None 29.999903448541716 None 1.0 1.0 1.0 1.0 0.0 0.0 1.0 1.0 1.0 1.0 1.0 1.0 1.0 1.0
197.64735678764816 68.86507475343384 6.0 5.0 6.0 8.0 None None 4.0 4.0 5.0 7.0 3.0 None 1.0 None 126.1911924064297 121.55390599348084 137.54474280268698 178.91289548893099 None None 82.04781156000877 82.04781156000877 120.03201563587157 156.67825698628872 59.99997523930671 None 29.999975239306707 None 1.0 1.0 1.0 1.0 0.0 0.0 1.0 1.0 1.0 1.0 1.0 1.0 1.0 1.0
193.799560184102 70.23235752996592 6.0 6.0 7.0 8.0 None None 5.0 5.0 6.0 7.0 3.0 None 2.0 None 124.61745875799352 117.95238602693388 135.54445688181482 166.54961476485914 None None 85.34980221984767 85.34980221984767 122.33406550127268 134.41424443417628 49.99999952583573 None 29.999999525835733 None 1.0 1.0 1.0 1.0 0.0 0.0 1.0 1.0 1.0 1.0 1.0 1.0 1.0 1.0
193.636403511813 70.29153482067046 6.0 6.0 6.0 9.0 None None 4.0 4.0 6.0 7.0 3.0 None 1.0 None 128.92154225369558 129.536701856472 144.78118974638636 186.03824129405734 None None 93.7829458792844 93.7829458792844 127.400732556136 145.6573922278527 59.99994286911755 None 29.999942869117547 None 1.0 1.0 1.0 1.0 0.0 0.0 1.0 1.0 1.0 1.0 1.0 1.0 1.0 1.0
200.524234167621 67.87708257059033 5.0 6.0 6.0 9.0 None None 4.0 4.0 5.0 6.0 2.0 None 1.0 4.0 127.18196628259642 139.61015440977866 142.70742343355653 191.34643933405118 None None 78.85576084538548 78.85576084538548 108.70922296304872 142.17982838110805 49.99997840425732 None 29.99997840425732 79.99997840425732 1.0 1.0 1.0 1.0 0.0 0.0 1.0 1.0 1.0 1.0 1.0 1.0 1.0 1.0
193.2966826827901 70.41507288739331 6.0 6.0 7.0 8.0 None None 4.0 4.0 6.0 6.0 2.0 None 1.0 5.0 126.19830658719269 127.36113441873192 137.59687625671063 171.53298515356892 None None 87.8299612415666 87.8299612415666 112.85874023065986 127.36113441873192 59.99990589147171 None 29.999905891471712 109.99990589147171 1.0 1.0 1.0 1.0 0.0 0.0 1.0 1.0 1.0 1.0 1.0 1.0 1.0 1.0
200.69975437667233 67.81772126364909 6.0 6.0 6.0 9.0 None None 4.0 4.0 6.0 7.0 2.0 None 1.0 None 135.63577402835222 141.67291451732848 147.09139481808006 193.41168445822876 None None 93.94392265895732 93.94392265895732 145.56927550757052 169.58762949507326 49.999907962896714 None 29.999907962896714 None 1.0 1.0 1.0 1.0 0.0 0.0 1.0 1.0 1.0 1.0 1.0 1.0 1.0 1.0
209.82097789910898 64.86958614092799 7.0 7.0 7.0 8.0 None None 5.0 5.0 6.0 9.0 4.0 None 2.0 None 129.3081568072481 138.61417761641366 142.74136522079772 179.94020559178347 None None 83.29951056835239 83.29951056835239 120.42818382955494 182.22358813614142 59.999978816895236 None 29.999978816895236 None 1.0 1.0 1.0 1.0 0.0 0.0 1.0 1.0 1.0 1.0 1.0 1.0 1.0 1.0
231.97597302047137 58.67418001431924 6.0 6.0 6.0 8.0 None None 4.0 4.0 6.0 6.0 2.0 None 1.0 2.0 131.14963427990762 136.51514787868558 143.56030261876936 192.61232383213292 None None 98.75934867623323 98.75934867623323 131.14963427990762 145.08245095943693 49.99993426344241 None 29.999934263442412 59.99993426344241 1.0 1.0 1.0 1.0 0.0 0.0 1.0 1.0 1.0 1.0 1.0 1.0 1.0 1.0
217.66127174380648 62.53294346281563 5.0 5.0 5.0 8.0 None None 3.0 3.0 4.0 7.0 2.0 None 1.0 None 123.5271006949518 140.59257652823743 136.27918358548317 184.0755421634725 None None 68.54570215472421 68.54570215472421 102.95573631132413 172.95248254378885 59.99998740690404 None 29.99998740690404 None 1.0 1.0 1.0 1.0 0.0 0.0 1.0 1.0 1.0 1.0 1.0 1.0 1.0 1.0
172.2182336682792 79.03344326604254 6.0 6.0 7.0 9.0 None None 3.0 3.0 5.0 None 2.0 None 1.0 None 128.26417766534905 128.62447391165347 140.9485093717003 167.66149888559113 None None 77.10290017248292 77.10290017248292 115.34146865404199 None 59.999928474654325 None 29.999928474654325 None 1.0 1.0 1.0 1.0 0.0 0.0 1.0 1.0 1.0 0.0 1.0 1.0 1.0 1.0
229.20279827606544 59.38409174047738 5.0 6.0 6.0 8.0 None None 3.0 3.0 5.0 6.0 2.0 None 1.0 None 127.19060479709526 131.72856959843386 137.55746401902041 188.65118203752388 None None 78.51483802999553 78.51483802999553 106.21759794441653 147.7274600765369 59.99997708598198 None 29.999977085981982 None 1.0 1.0 1.0 1.0 0.0 0.0 1.0 1.0 1.0 1.0 1.0 1.0 1.0 1.0
225.37907378793557 60.39158725448889 5.0 5.0 5.0 8.0 None None 2.0 2.0 4.0 7.0 1.0 None 1.0 None 123.07437901296174 135.4439928242631 136.20552498300952 186.14885324294943 None None 66.18799464435949 66.18799464435949 96.7448325223134 154.14995966623894 49.9999620248002 None 29.999962024800197 None 1.0 1.0 1.0 1.0 0.0 0.0 1.0 1.0 1.0 1.0 1.0 1.0 1.0 1.0
187.7520381588181 72.49455256771462 6.0 6.0 6.0 9.0 None None 4.0 4.0 5.0 6.0 2.0 None 1.0 4.0 122.06322878301432 134.1239786277239 135.478142924456 185.88510895541657 None None 76.60292573016375 76.60292573016375 101.2311974189443 134.8849518869419 49.99999497924466 None 29.99999497924466 79.99999497924466 1.0 1.0 1.0 1.0 0.0 0.0 1.0 1.0 1.0 1.0 1.0 1.0 1.0 1.0
210.04180020810009 64.8013870882597 6.0 6.0 6.0 9.0 None None 4.0 4.0 6.0 8.0 2.0 None 1.0 None 135.0113591327662 142.69502621259505 148.08330503226472 195.46085938477245 None None 97.43720544813641 97.43720544813641 135.77209035812615 192.27403076572898 59.999928795284404 None 29.999928795284404 None 1.0 1.0 1.0 1.0 0.0 0.0 1.0 1.0 1.0 1.0 1.0 1.0 1.0 1.0
206.451282752851 65.92838668042637 6.0 6.0 6.0 8.0 None None 3.0 3.0 4.0 9.0 2.0 None 1.0 None 124.13430231165574 131.3603956687342 137.49882494881103 181.90589417227324 None None 73.8786865964027 73.8786865964027 97.07145891492542 196.8248812667024 59.99999323132204 None 29.999993231322037 None 1.0 1.0 1.0 1.0 0.0 0.0 1.0 1.0 1.0 1.0 1.0 1.0 1.0 1.0
227.14390300195504 59.92236560222728 6.0 6.0 7.0 8.0 None None 4.0 4.0 7.0 8.0 2.0 None 1.0 None 136.51398878475078 135.48236099212727 149.0551802516091 175.7726212735916 None None 90.84141804899303 90.84141804899303 149.0551802516091 187.80109602147917 49.99994878457659 None 29.99994878457659 None 1.0 1.0 1.0 1.0 0.0 0.0 1.0 1.0 1.0 1.0 1.0 1.0 1.0 1.0
187.86790511053982 72.44984177574881 6.0 7.0 7.0 10.0 None None 5.0 5.0 7.0 9.0 3.0 None 1.0 None 132.38151327436475 149.96838546411635 144.8090280095476 205.19570560590586 None None 100.10273683599638 100.10273683599638 141.49893368762037 172.53148104648773 59.999976385324544 None 29.999976385324544 None 1.0 1.0 1.0 1.0 0.0 0.0 1.0 1.0 1.0 1.0 1.0 1.0 1.0 1.0
204.12501402512135 66.67972597579303 7.0 7.0 7.0 9.0 None None 4.0 4.0 7.0 8.0 3.0 None 1.0 None 131.8987077989745 146.88087291132996 149.22626968226763 197.53379545407842 None None 80.00546153425677 80.00546153425677 149.22626968226763 173.3540358931009 59.999948082047865 None 29.999948082047865 None 1.0 1.0 1.0 1.0 0.0 0.0 1.0 1.0 1.0 1.0 1.0 1.0 1.0 1.0
206.72169848320414 65.84214477662042 5.0 5.0 6.0 8.0 None None 3.0 3.0 4.0 8.0 1.0 None 1.0 None 124.54054184320904 129.2624424425964 135.49597471238116 172.59860607955613 None None 76.70692602179855 76.70692602179855 99.72329088878644 174.05555948227845 49.9999945403236 None 29.9999945403236 None 1.0 1.0 1.0 1.0 0.0 0.0 1.0 1.0 1.0 1.0 1.0 1.0 1.0 1.0
197.08745041560059 69.0607137658858 5.0 6.0 6.0 8.0 None None 4.0 4.0 5.0 7.0 2.0 None 1.0 None 125.1266329994869 127.21575921238536 137.5542013622491 179.95313579238285 None None 81.24406901852319 81.24406901852319 106.06543848891164 167.58825315559153 49.999992108068966 None 29.999992108068966 None 1.0 1.0 1.0 1.0 0.0 0.0 1.0 1.0 1.0 1.0 1.0 1.0 1.0 1.0
192.11113480614358 70.84961532154111 6.0 6.0 6.0 9.0 None None 4.0 4.0 6.0 7.0 3.0 None 1.0 None 121.24862282423476 132.65792843786238 134.18012055168833 175.71012159599343 None None 75.86053352463409 75.86053352463409 107.16012459294541 136.92059239038662 59.99994442146465 None 29.999944421464647 None 1.0 1.0 1.0 1.0 0.0 0.0 1.0 1.0 1.0 1.0 1.0 1.0 1.0 1.0
209.50420667345145 64.96766922305812 5.0 6.0 6.0 8.0 None None 4.0 4.0 5.0 10.0 2.0 None 1.0 None 133.37693732271111 143.74350961372534 147.77001130487122 186.13401793241667 None None 83.2871325788883 83.2871325788883 136.75660885882303 223.43473617419386 49.999920607991726 None 29.999920607991726 None 1.0 1.0 1.0 1.0 0.0 0.0 1.0 1.0 1.0 1.0 1.0 1.0 1.0 1.0
189.53270644663706 71.81346299105468 6.0 7.0 7.0 9.0 None None 4.0 4.0 6.0 7.0 3.0 None 1.0 None 128.45769596504272 141.70730139952207 139.18505175430892 184.5784241640692 None None 80.74890025890903 80.74890025890903 117.38061406592544 151.45487249696106 59.99996771254075 None 29.99996771254075 None 1.0 1.0 1.0 1.0 0.0 0.0 1.0 1.0 1.0 1.0 1.0 1.0 1.0 1.0
233.20457435561485 58.365064397255416 6.0 5.0 6.0 7.0 None None 4.0 4.0 6.0 8.0 2.0 None 1.0 None 134.45321804921207 124.08795174262127 150.67856072966237 177.83654251941277 None None 106.3529525303486 106.3529525303486 150.67856072966237 205.03559866208082 49.99991528135689 None 29.99991528135689 None 1.0 1.0 1.0 1.0 0.0 0.0 1.0 1.0 1.0 1.0 1.0 1.0 1.0 1.0
185.1296787692903 73.52143692185686 7.0 7.0 8.0 9.0 None None 4.0 4.0 8.0 10.0 3.0 None 1.0 None 133.4698424275923 134.4277571118347 148.97336473051024 184.1327635210743 None None 97.68129512585318 97.68129512585318 155.6517435839479 209.33339297916586 59.99995052582955 None 29.999950525829547 None 1.0 1.0 1.0 1.0 0.0 0.0 1.0 1.0 1.0 1.0 1.0 1.0 1.0 1.0
174.61795185326287 77.9473121494276 7.0 8.0 8.0 None None None 6.0 6.0 8.0 10.0 4.0 None 1.0 None 131.4104076764014 158.28824518024925 140.74570590868888 None None None 103.08850060048667 103.08850060048667 138.0581855780768 192.10264835833175 69.99992569489393 None 29.999925694893932 None 1.0 1.0 1.0 0.0 0.0 0.0 1.0 1.0 1.0 1.0 1.0 1.0 1.0 1.0
211.25413469867465 64.42950818176527 6.0 6.0 6.0 8.0 None None 4.0 4.0 6.0 6.0 3.0 None 1.0 2.0 135.2960071366715 121.11930555103368 146.84314047147194 176.64244272218457 None None 89.59984927845045 89.59984927845045 137.57940864688726 135.2960071366715 59.99996241040833 None 29.99996241040833 49.99996241040833 1.0 1.0 1.0 1.0 0.0 0.0 1.0 1.0 1.0 1.0 1.0 1.0 1.0 1.0
214.59816276129158 63.42551970093148 6.0 7.0 7.0 8.0 None None 5.0 5.0 7.0 9.0 3.0 None 1.0 None 137.41573655898486 138.5919772077183 149.30046736477271 188.19496652122996 None None 96.9844429455863 96.9844429455863 148.53918039077564 205.57057539660428 59.99992399355261 None 29.999923993552613 None 1.0 1.0 1.0 1.0 0.0 0.0 1.0 1.0 1.0 1.0 1.0 1.0 1.0 1.0
209.06194327698637 65.10510610707743 6.0 6.0 6.0 8.0 None None 4.0 4.0 6.0 7.0 3.0 None 1.0 6.0 125.93696591863608 139.61818125621062 139.61818125621062 188.2193048030407 None None 75.59926725994609 75.59926725994609 122.89281445998773 152.5746937383866 59.99990556015172 None 29.999905560151717 129.99990556015172 1.0 1.0 1.0 1.0 0.0 0.0 1.0 1.0 1.0 1.0 1.0 1.0 1.0 1.0
189.97915634714656 71.64470177522416 6.0 6.0 7.0 8.0 None None 4.0 4.0 6.0 9.0 2.0 None 1.0 None 128.25298976160883 116.48428454307651 141.94157942435487 154.36720501933894 None None 70.06951944523536 70.06951944523536 123.39167068749322 176.85548247248784 49.99998517342942 None 29.999985173429423 None 1.0 1.0 1.0 1.0 0.0 0.0 1.0 1.0 1.0 1.0 1.0 1.0 1.0 1.0
249.95477744247864 54.453850169486195 5.0 6.0 5.0 7.0 None None 3.0 3.0 4.0 6.0 2.0 None 1.0 None 129.24814568847887 149.93759765696979 140.365099090795 194.35907829650364 None None 85.49866679893654 85.49866679893654 113.1207285768192 154.89870860020693 49.99998861603899 None 29.99998861603899 None 1.0 1.0 1.0 1.0 0.0 0.0 1.0 1.0 1.0 1.0 1.0 1.0 1.0 1.0
218.17937358416128 62.38444898068994 6.0 6.0 6.0 8.0 None None 3.0 3.0 5.0 5.0 2.0 None 1.0 3.0 130.3055289416792 143.89951798749127 142.71401321856428 198.04372927081965 None None 87.80505568061062 87.80505568061062 116.51466337065955 118.03707938862016 59.999908461144685 None 29.999908461144685 89.99990846114468 1.0 1.0 1.0 1.0 0.0 0.0 1.0 1.0 1.0 1.0 1.0 1.0 1.0 1.0
203.988943972708 66.72420443443757 6.0 5.0 6.0 9.0 None None 3.0 3.0 6.0 7.0 2.0 None 1.0 3.0 132.39060500645292 130.28241752634068 144.77001860417232 187.18908888230652 None None 77.0098634285286 77.0098634285286 140.17003914600554 157.16084248650498 49.99998367691154 None 29.99998367691154 79.99998367691154 1.0 1.0 1.0 1.0 0.0 0.0 1.0 1.0 1.0 1.0 1.0 1.0 1.0 1.0
213.5874750164196 63.72564682902708 6.0 6.0 6.0 9.0 None None 4.0 4.0 6.0 8.0 3.0 None 1.0 None 133.60318134500034 139.61341515541739 144.77358433405124 195.34379188961924 None None 85.36775632675437 85.36775632675437 134.3637371048627 172.33310696336406 59.99997493900946 None 29.999974939009462 None 1.0 1.0 1.0 1.0 0.0 0.0 1.0 1.0 1.0 1.0 1.0 1.0 1.0 1.0
194.53466169917442 69.96696568680318 7.0 7.0 7.0 9.0 None None 5.0 5.0 7.0 9.0 3.0 None 1.0 None 131.4057795583172 128.28734285459103 144.8209267875153 167.61452917575434 None None 94.85636144546118 94.85636144546118 134.2127581500933 171.59650716297864 59.99998213271431 None 29.999982132714308 None 1.0 1.0 1.0 1.0 0.0 0.0 1.0 1.0 1.0 1.0 1.0 1.0 1.0 1.0
220.14195799917172 61.82828627358357 6.0 6.0 6.0 8.0 None None 3.0 3.0 5.0 7.0 2.0 None 1.0 None 131.7165595202813 132.4351376773867 142.7043061379605 177.87553173222148 None None 85.6342930562974 85.6342930562974 121.41533800292694 160.5536742631079 59.99995406436699 None 29.99995406436699 None 1.0 1.0 1.0 1.0 0.0 0.0 1.0 1.0 1.0 1.0 1.0 1.0 1.0 1.0
251.5640741230473 54.10549995045184 5.0 6.0 6.0 8.0 None None 4.0 4.0 5.0 5.0 2.0 None 1.0 4.0 129.8493997537846 150.96580748554777 144.77284187920475 198.92194221409147 None None 104.09442542430025 104.09442542430025 128.32702503882712 128.32702503882712 59.99998561631759 None 29.999985616317588 99.99998561631759 1.0 1.0 1.0 1.0 0.0 0.0 1.0 1.0 1.0 1.0 1.0 1.0 1.0 1.0
201.14305099588398 67.6682586478144 6.0 6.0 7.0 8.0 None None 4.0 4.0 6.0 7.0 3.0 None 1.0 3.0 128.26258247109416 136.51641347128378 142.7543104585962 178.91469264255267 None None 83.81602130508651 83.81602130508651 120.02191716557348 147.1917909122597 59.99991459590535 None 29.999914595905352 69.99991459590535 1.0 1.0 1.0 1.0 0.0 0.0 1.0 1.0 1.0 1.0 1.0 1.0 1.0 1.0
193.1515541689621 70.46798074476575 6.0 6.0 7.0 9.0 None None 4.0 4.0 6.0 7.0 3.0 None 1.0 3.0 124.13073920282426 123.09715667277652 135.5285452083549 173.26422404912603 None None 72.26947272725232 72.26947272725232 110.80709329108339 134.73807983592906 59.99999705607729 None 29.99999705607729 69.99999705607729 1.0 1.0 1.0 1.0 0.0 0.0 1.0 1.0 1.0 1.0 1.0 1.0 1.0 1.0
174.5967080235984 77.95679628828022 7.0 7.0 8.0 10.0 None None 5.0 5.0 8.0 10.0 2.0 None 1.0 None 137.59857436760757 139.6635767740292 152.09219359519557 186.84677456393604 None None 106.03098602632559 106.03098602632559 160.40877136132184 177.46966089953548 49.999954382545354 None 29.999954382545354 None 1.0 1.0 1.0 1.0 0.0 0.0 1.0 1.0 1.0 1.0 1.0 1.0 1.0 1.0
209.85471357253067 64.85915788255917 6.0 6.0 7.0 9.0 None None 4.0 4.0 6.0 8.0 2.0 None 1.0 None 132.3968428283659 134.49047869124803 142.7403356251757 182.85672320116015 None None 89.88138324091898 89.88138324091898 134.49047869124803 169.26724952991214 59.99992834744717 None 29.999928347447167 None 1.0 1.0 1.0 1.0 0.0 0.0 1.0 1.0 1.0 1.0 1.0 1.0 1.0 1.0
230.88635350042597 58.95108044995344 5.0 6.0 6.0 8.0 None None 3.0 3.0 5.0 7.0 2.0 None 1.0 None 129.24277331514747 142.7037916347299 139.60672436364155 184.05216659907063 None None 89.41488115246187 89.41488115246187 125.54632304679694 160.9828338133364 49.9999064154851 None 29.9999064154851 None 1.0 1.0 1.0 1.0 0.0 0.0 1.0 1.0 1.0 1.0 1.0 1.0 1.0 1.0
202.8312058774785 67.10505881536696 6.0 6.0 6.0 9.0 None None 3.0 3.0 6.0 6.0 2.0 None 1.0 6.0 132.39333986298396 143.80270585862843 144.77624113661471 196.50870280275228 None None 77.41196475225377 77.41196475225377 141.52076508231153 143.04197496546374 59.999952237739876 None 29.999952237739876 129.99995223773988 1.0 1.0 1.0 1.0 0.0 0.0 1.0 1.0 1.0 1.0 1.0 1.0 1.0 1.0
232.68865262485588 58.49447253426602 5.0 6.0 6.0 7.0 None None 3.0 3.0 4.0 5.0 2.0 None 1.0 6.0 128.87798458890194 140.64211455114332 141.72089740501303 189.18426461757872 None None 77.1844992942419 77.1844992942419 115.69708901721975 128.11741757911142 59.99991811852158 None 29.999918118521578 139.99991811852158 1.0 1.0 1.0 1.0 0.0 0.0 1.0 1.0 1.0 1.0 1.0 1.0 1.0 1.0
170.03971119685758 80.0460075131646 8.0 8.0 9.0 10.0 None None 6.0 6.0 9.0 5.0 3.0 None 1.0 5.0 138.6792961270305 143.1395075387785 152.09643880639777 193.41765244706767 None None 110.3445256272667 110.3445256272667 162.96329826785706 96.35259852533716 59.99994672251421 None 29.99994672251421 99.99994672251421 1.0 1.0 1.0 1.0 0.0 0.0 1.0 1.0 1.0 1.0 1.0 1.0 1.0 1.0
220.0304095000165 61.85963127064479 5.0 6.0 6.0 9.0 None None 3.0 3.0 5.0 7.0 2.0 None 1.0 None 127.18367554699267 148.89540375854233 137.54721702247468 199.59450740489387 None None 77.15421477202341 77.15421477202341 121.56296826729499 167.16802761997195 59.99997800429901 None 29.99997800429901 None 1.0 1.0 1.0 1.0 0.0 0.0 1.0 1.0 1.0 1.0 1.0 1.0 1.0 1.0
207.54396128179212 65.5812865666552 6.0 7.0 7.0 9.0 None None 3.0 3.0 6.0 8.0 2.0 None 1.0 None 134.45563066225367 147.9176696712541 149.98275225314478 191.87955379321915 None None 77.2922861144346 77.2922861144346 140.27763717477848 172.8928173915184 59.99994513649682 None 29.99994513649682 None 1.0 1.0 1.0 1.0 0.0 0.0 1.0 1.0 1.0 1.0 1.0 1.0 1.0 1.0
213.6281974472614 63.713499260134704 6.0 6.0 6.0 9.0 None None 5.0 5.0 6.0 6.0 2.0 None 1.0 None 134.4862574201286 148.33494402112512 147.41999261680468 199.60320455874773 None None 111.92133749511305 111.92133749511305 135.2478523909847 148.9418265504945 59.999986086792546 None 29.999986086792546 None 1.0 1.0 1.0 1.0 0.0 0.0 1.0 1.0 1.0 1.0 1.0 1.0 1.0 1.0
215.70655436261882 63.099612527855285 5.0 6.0 6.0 9.0 None None 4.0 4.0 5.0 7.0 3.0 None 1.0 None 128.06181550496444 140.6417539338608 144.20814860395308 192.59284192537223 None None 91.21301710228147 91.21301710228147 126.53919994999018 163.31946974365997 69.9999641050897 None 29.999964105089703 None 1.0 1.0 1.0 1.0 0.0 0.0 1.0 1.0 1.0 1.0 1.0 1.0 1.0 1.0
205.01827503926648 66.38920358389089 6.0 6.0 6.0 8.0 None None 3.0 3.0 6.0 6.0 2.0 None 1.0 6.0 132.38791908832405 139.61309241697853 144.77376427709078 185.113095727759 None None 76.14919121944996 76.14919121944996 133.27414544448044 146.0695695644281 59.999925993485704 None 29.999925993485704 129.9999259934857 1.0 1.0 1.0 1.0 0.0 0.0 1.0 1.0 1.0 1.0 1.0 1.0 1.0 1.0
238.48500804461491 57.07276994725682 5.0 6.0 6.0 7.0 None None 4.0 4.0 6.0 8.0 2.0 None 1.0 None 137.50499176464086 144.7701983633878 148.30441253559184 182.21612275235657 None None 101.06280142936254 101.06280142936254 146.78222910107172 212.36357011177563 59.9999145970221 None 29.999914597022098 None 1.0 1.0 1.0 1.0 0.0 0.0 1.0 1.0 1.0 1.0 1.0 1.0 1.0 1.0
220.8523480770774 61.62941041156495 4.0 5.0 5.0 7.0 None None 3.0 3.0 4.0 6.0 1.0 None 1.0 None 124.03729071321311 125.09453530851505 134.40161789768325 175.77921172840172 None None 72.765341787164 72.765341787164 97.8082087843975 161.7457811818535 49.99997760690644 None 29.99997760690644 None 1.0 1.0 1.0 1.0 0.0 0.0 1.0 1.0 1.0 1.0 1.0 1.0 1.0 1.0
201.88621549708915 67.41916463432962 7.0 7.0 7.0 9.0 None None 5.0 5.0 7.0 9.0 3.0 None 1.0 None 131.4041812334633 134.8834566323975 146.8855306590899 187.2167350652561 None None 100.31045165935967 100.31045165935967 141.0652580483844 201.72119668818686 59.99994835001519 None 29.99994835001519 None 1.0 1.0 1.0 1.0 0.0 0.0 1.0 1.0 1.0 1.0 1.0 1.0 1.0 1.0
227.5976628598051 59.80289880386013 5.0 6.0 6.0 8.0 None None 3.0 3.0 5.0 6.0 2.0 None 1.0 3.0 127.18270783783987 135.48177796759342 142.70702357649242 184.570125908946 None None 87.22240548673744 87.22240548673744 122.58291577175135 142.7838351843459 59.99994597474034 None 29.999945974740342 79.99994597474034 1.0 1.0 1.0 1.0 0.0 0.0 1.0 1.0 1.0 1.0 1.0 1.0 1.0 1.0
222.7295867260603 61.10997734998022 4.0 4.0 5.0 7.0 None None 2.0 2.0 4.0 5.0 2.0 None 1.0 3.0 124.04942083341297 125.1442513231508 139.5748563105662 180.51874888710364 None None 79.59544774145354 79.59544774145354 105.49068184153276 143.69364884812825 59.99996622639941 None 29.99996622639941 89.99996622639941 1.0 1.0 1.0 1.0 0.0 0.0 1.0 1.0 1.0 1.0 1.0 1.0 1.0 1.0
232.56552048420156 58.525442514702476 5.0 5.0 5.0 8.0 None None 3.0 3.0 4.0 6.0 2.0 None 1.0 None 125.12320357319618 139.56809256418921 134.7120362120944 185.09070940970167 None None 72.61273527303047 72.61273527303047 110.15793770047992 145.40990540876265 49.999916508555316 None 29.999916508555316 None 1.0 1.0 1.0 1.0 0.0 0.0 1.0 1.0 1.0 1.0 1.0 1.0 1.0 1.0
208.60961307750546 65.24627412516728 5.0 5.0 5.0 7.0 None None 3.0 3.0 5.0 6.0 2.0 None 1.0 None 125.11269762567838 122.0178001058984 137.49920069619947 170.97336116322106 None None 80.98026263738342 80.98026263738342 120.60625519093611 160.01491918985238 49.999922059781454 None 29.999922059781454 None 1.0 1.0 1.0 1.0 0.0 0.0 1.0 1.0 1.0 1.0 1.0 1.0 1.0 1.0
205.42461492920296 66.25788250687904 6.0 7.0 7.0 9.0 None None 4.0 4.0 5.0 5.0 3.0 None 1.0 3.0 126.19936171988581 140.68465298465838 140.68465298465838 200.61817529850492 None None 78.60632168540968 78.60632168540968 94.91278037427747 94.91278037427747 59.99992800069208 None 29.99992800069208 59.99992800069208 1.0 1.0 1.0 1.0 0.0 0.0 1.0 1.0 1.0 1.0 1.0 1.0 1.0 1.0
190.04353284693724 71.62043241409546 6.0 5.0 7.0 8.0 None None 4.0 4.0 7.0 8.0 2.0 None 1.0 None 132.73313732148023 123.07899033976764 149.97863798711597 176.4507511589718 None None 85.77968334005772 85.77968334005772 150.02591706044865 176.69696764442097 49.999964691744594 None 29.999964691744594 None 1.0 1.0 1.0 1.0 0.0 0.0 1.0 1.0 1.0 1.0 1.0 1.0 1.0 1.0
210.78601055391778 64.57259646516432 6.0 7.0 6.0 9.0 None None 3.0 3.0 4.0 7.0 3.0 None 1.0 6.0 123.05117781696123 146.87839817730952 135.48118746544185 186.9496027646752 None None 73.67583198220814 73.67583198220814 99.9392338089745 147.860149571423 59.99994031225782 None 29.99994031225782 129.99994031225782 1.0 1.0 1.0 1.0 0.0 0.0 1.0 1.0 1.0 1.0 1.0 1.0 1.0 1.0
187.89803068402216 72.43822593802952 6.0 6.0 7.0 9.0 None None 4.0 4.0 6.0 7.0 2.0 None 1.0 3.0 133.75267265593868 126.19503157018926 144.7942130449661 174.85717342942826 None None 97.4008528454109 97.4008528454109 142.88153512010695 156.48341528094414 59.9999582764346 None 29.999958276434597 69.9999582764346 1.0 1.0 1.0 1.0 0.0 0.0 1.0 1.0 1.0 1.0 1.0 1.0 1.0 1.0
229.2743704498135 59.36555391383944 5.0 5.0 6.0 7.0 None None 3.0 3.0 4.0 6.0 2.0 None 1.0 None 127.186160336167 126.15276447108158 138.34447763242866 178.31074245599945 None None 71.90067736704219 71.90067736704219 107.90937079653133 151.65234478889897 59.999963174047764 None 29.999963174047764 None 1.0 1.0 1.0 1.0 0.0 0.0 1.0 1.0 1.0 1.0 1.0 1.0 1.0 1.0
225.1709773025798 60.44739940756148 6.0 6.0 6.0 8.0 None None 4.0 4.0 6.0 7.0 2.0 None 1.0 None 134.14528546436821 133.98221752276737 144.79076829182247 177.54701567322218 None None 95.28245614977965 95.28245614977965 143.26809291554457 175.98567595191935 59.999998553652176 None 29.999998553652176 None 1.0 1.0 1.0 1.0 0.0 0.0 1.0 1.0 1.0 1.0 1.0 1.0 1.0 1.0
223.4139331653979 60.922789403306815 6.0 6.0 6.0 8.0 None None 4.0 4.0 6.0 7.0 2.0 None 1.0 None 134.18925181583438 145.8127759202713 146.8442211280045 190.27699457487495 None None 96.872979979008 96.872979979008 134.18925181583438 159.52220348055653 59.999909891929974 None 29.999909891929974 None 1.0 1.0 1.0 1.0 0.0 0.0 1.0 1.0 1.0 1.0 1.0 1.0 1.0 1.0
221.70857776875437 61.391400084648474 6.0 6.0 6.0 8.0 None None 3.0 3.0 5.0 6.0 2.0 None 1.0 7.0 130.32447502273124 143.73319842829005 141.8295735774605 192.39947213362927 None None 82.27934098046273 82.27934098046273 121.12452399117615 133.7130712353569 59.999905356525346 None 29.999905356525346 159.99990535652535 1.0 1.0 1.0 1.0 0.0 0.0 1.0 1.0 1.0 1.0 1.0 1.0 1.0 1.0
200.1182729674415 68.01477845161325 5.0 6.0 6.0 9.0 None None 3.0 3.0 5.0 3.0 2.0 None 1.0 1.0 125.2199126704217 133.7500439300834 136.0041238079997 184.14308188403658 None None 79.70765100747889 79.70765100747889 122.1767778708471 78.18463465454198 59.9999860209839 None 29.999986020983897 39.9999860209839 1.0 1.0 1.0 1.0 0.0 0.0 1.0 1.0 1.0 1.0 1.0 1.0 1.0 1.0
220.27612685449162 61.79062703872151 5.0 5.0 6.0 7.0 None None 2.0 2.0 3.0 6.0 2.0 None 1.0 5.0 124.28294761431687 130.2767249660895 135.48270709491464 181.1666321891169 None None 73.71177880697707 73.71177880697707 89.70435264561678 136.38901644164895 59.99996294738958 None 29.999962947389577 129.99996294738958 1.0 1.0 1.0 1.0 0.0 0.0 1.0 1.0 1.0 1.0 1.0 1.0 1.0 1.0
237.15527832365183 57.392776986497104 5.0 6.0 6.0 8.0 None None 4.0 4.0 5.0 5.0 3.0 None 1.0 4.0 133.37946740208366 154.11575830979234 144.6311832951415 217.11769084946638 None None 95.20390010975046 95.20390010975046 133.2074128231651 132.4460804006955 59.99994563655241 None 29.99994563655241 99.99994563655241 1.0 1.0 1.0 1.0 0.0 0.0 1.0 1.0 1.0 1.0 1.0 1.0 1.0 1.0
215.70888367297744 63.09893115313125 6.0 7.0 6.0 9.0 None None 3.0 3.0 4.0 6.0 3.0 None 1.0 6.0 115.86653299212537 140.44744241155075 128.28817099100633 195.27173092257016 None None 69.59318743915946 69.59318743915946 91.24374249784063 129.04966456789123 59.99996522249921 None 29.999965222499213 129.9999652224992 1.0 1.0 1.0 1.0 0.0 0.0 1.0 1.0 1.0 1.0 1.0 1.0 1.0 1.0
196.5227878314953 69.25914368602633 6.0 7.0 6.0 8.0 None None 3.0 3.0 5.0 6.0 2.0 None 1.0 None 128.25865169103537 143.73904226768275 142.70652534631307 177.88262114079816 None None 74.70828586891918 74.70828586891918 111.76680761776714 141.80149562057494 59.99993712277711 None 29.999937122777112 None 1.0 1.0 1.0 1.0 0.0 0.0 1.0 1.0 1.0 1.0 1.0 1.0 1.0 1.0
223.38014317590074 60.932004995994724 6.0 6.0 7.0 8.0 None None 4.0 4.0 6.0 7.0 3.0 None 1.0 None 128.7014977727685 129.3039472660792 143.6926146265859 187.18261599423454 None None 91.02445632522489 91.02445632522489 118.79139364514543 155.00905671102277 59.99995368202184 None 29.99995368202184 None 1.0 1.0 1.0 1.0 0.0 0.0 1.0 1.0 1.0 1.0 1.0 1.0 1.0 1.0
182.28484902940852 74.66884972872376 7.0 8.0 7.0 10.0 None None 4.0 4.0 5.0 7.0 3.0 None 1.0 7.0 125.21531811874746 153.12961076346699 140.69808201549756 200.64495362545654 None None 79.56591046607883 79.56591046607883 106.05195025896165 134.95004327929837 59.99999924723687 None 29.99999924723687 129.99999924723687 1.0 1.0 1.0 1.0 0.0 0.0 1.0 1.0 1.0 1.0 1.0 1.0 1.0 1.0
223.9978753162257 60.76396921526542 5.0 6.0 6.0 7.0 None None 3.0 3.0 4.0 4.0 2.0 None 1.0 3.0 121.5501869196487 134.5064147131609 132.3839927692701 179.47000275329515 None None 78.32874339870807 78.32874339870807 94.3515414711577 106.25120093627004 49.999943791725684 None 29.999943791725684 89.99994379172568 1.0 1.0 1.0 1.0 0.0 0.0 1.0 1.0 1.0 1.0 1.0 1.0 1.0 1.0
193.7262176939184 70.25894668270958 7.0 7.0 7.0 9.0 None None 4.0 4.0 6.0 9.0 3.0 None 2.0 None 129.3382262521523 134.8673354179656 137.5940457700704 176.78550785188685 None None 89.67300265850974 89.67300265850974 123.42399907463943 170.82802082317056 59.999949331604 None 29.999949331604 None 1.0 1.0 1.0 1.0 0.0 0.0 1.0 1.0 1.0 1.0 1.0 1.0 1.0 1.0
195.39518041202518 69.65883176493303 6.0 6.0 7.0 9.0 None None 4.0 4.0 5.0 8.0 3.0 None 1.0 None 124.43790587320501 127.13945174805662 136.94164809263452 183.09489530227438 None None 80.6948730150624 80.6948730150624 105.1038175219818 157.59731396208872 59.999993592097724 None 29.999993592097724 None 1.0 1.0 1.0 1.0 0.0 0.0 1.0 1.0 1.0 1.0 1.0 1.0 1.0 1.0
187.2964080192014 72.67090780835805 7.0 7.0 8.0 10.0 None None 5.0 5.0 7.0 8.0 3.0 None 1.0 None 131.14766112474632 131.95734909598974 142.364840030354 189.28263220081953 None None 102.04172703564223 102.04172703564223 130.38667386193475 165.62198641926892 59.9999682264816 None 29.9999682264816 None 1.0 1.0 1.0 1.0 0.0 0.0 1.0 1.0 1.0 1.0 1.0 1.0 1.0 1.0
185.52798969724944 73.36359339747533 5.0 7.0 7.0 10.0 None None 3.0 3.0 4.0 10.0 3.0 None 1.0 None 125.11631259713562 144.8137808743815 137.5435601877786 200.57344906122006 None None 78.58518734988365 78.58518734988365 100.2702429476023 193.60613304063247 59.99995739788511 None 29.99995739788511 None 1.0 1.0 1.0 1.0 0.0 0.0 1.0 1.0 1.0 1.0 1.0 1.0 1.0 1.0
215.3242132443051 63.21165555383718 6.0 7.0 6.0 9.0 None None 3.0 3.0 5.0 7.0 2.0 None 1.0 None 128.25473321431213 147.9091770959526 140.66007448084798 198.56149048350653 None None 73.77662174418674 73.77662174418674 105.0227295418394 152.9476334772059 59.99998348793457 None 29.99998348793457 None 1.0 1.0 1.0 1.0 0.0 0.0 1.0 1.0 1.0 1.0 1.0 1.0 1.0 1.0
193.54229598183383 70.325713203679 7.0 7.0 8.0 9.0 None None 6.0 6.0 7.0 8.0 3.0 None 2.0 None 128.0024828449536 129.54786227915213 140.74101496902819 176.25402223533928 None None 101.29884177013287 101.29884177013287 126.48047352755538 156.8820628527978 49.99992639161644 None 29.99992639161644 None 1.0 1.0 1.0 1.0 0.0 0.0 1.0 1.0 1.0 1.0 1.0 1.0 1.0 1.0
186.2043755549007 73.09710074985277 7.0 7.0 8.0 10.0 None None 5.0 5.0 8.0 None 3.0 None 1.0 None 139.65474407683672 133.23617111166294 151.03185624841518 188.3061196309826 None None 106.27221516227007 106.27221516227007 155.46545978334365 None 59.99993803897053 None 29.999938038970527 None 1.0 1.0 1.0 1.0 0.0 0.0 1.0 1.0 1.0 0.0 1.0 1.0 1.0 1.0
205.0497649132219 66.37900807035913 4.0 5.0 5.0 8.0 None None 3.0 3.0 4.0 4.0 1.0 None 1.0 3.0 121.05764201694768 134.3939190002351 134.3939190002351 177.85263405564655 None None 83.0606946516562 83.0606946516562 106.14514269504684 118.01500275241466 39.99990611822392 None 29.99990611822392 69.99990611822392 1.0 1.0 1.0 1.0 0.0 0.0 1.0 1.0 1.0 1.0 1.0 1.0 1.0 1.0
201.70849323019775 67.47856662865746 6.0 6.0 7.0 9.0 None None 5.0 5.0 7.0 9.0 2.0 None 1.0 None 134.45330195002037 129.85708913607158 142.75558806747 176.89915978596855 None None 102.49745265149568 102.49745265149568 140.37374398883998 190.7406330707342 59.99994941863844 None 29.999949418638437 None 1.0 1.0 1.0 1.0 0.0 0.0 1.0 1.0 1.0 1.0 1.0 1.0 1.0 1.0
236.44492716325828 57.56520202525641 5.0 5.0 6.0 7.0 None None 3.0 3.0 6.0 7.0 2.0 None 1.0 None 135.43277444127312 133.36961797504694 146.6192358526278 181.48275648967626 None None 88.55581795269671 88.55581795269671 145.09598514284562 179.83558422941115 59.99993702402753 None 29.99993702402753 None 1.0 1.0 1.0 1.0 0.0 0.0 1.0 1.0 1.0 1.0 1.0 1.0 1.0 1.0
201.80251802065283 67.44712669346885 5.0 6.0 6.0 9.0 None None 4.0 4.0 6.0 10.0 2.0 None 1.0 None 133.36926579484287 135.38566081867634 147.65046600593791 182.02740447185096 None None 85.24265416326654 85.24265416326654 135.38566081867634 204.13491064553165 59.99991704185146 None 29.99991704185146 None 1.0 1.0 1.0 1.0 0.0 0.0 1.0 1.0 1.0 1.0 1.0 1.0 1.0 1.0
246.59315578080134 55.196179135234914 5.0 5.0 5.0 7.0 None None 3.0 3.0 4.0 7.0 2.0 None 1.0 None 129.15843647969876 130.28484457477032 144.7324076395733 178.87785629944875 None None 80.10111268601094 80.10111268601094 117.10608755182017 188.37736820577356 59.99993281451373 None 29.999932814513727 None 1.0 1.0 1.0 1.0 0.0 0.0 1.0 1.0 1.0 1.0 1.0 1.0 1.0 1.0
237.96424742942287 57.197667914533454 5.0 7.0 6.0 9.0 None None 4.0 4.0 6.0 8.0 2.0 None 1.0 None 133.36984391553483 160.11023505979097 144.7703215242879 210.27125239743953 None None 87.65748530831786 87.65748530831786 136.3802627988112 200.6356826301316 59.99997489188257 None 29.999974891882573 None 1.0 1.0 1.0 1.0 0.0 0.0 1.0 1.0 1.0 1.0 1.0 1.0 1.0 1.0
198.01618091435682 68.73680694754354 6.0 7.0 7.0 8.0 None None 4.0 4.0 6.0 8.0 3.0 None 1.0 None 126.20071738760907 134.48419498799774 140.69807282371022 174.33522807102474 None None 85.34858731370332 85.34858731370332 119.29022804745154 172.8129618830152 49.99994731576106 None 29.999947315761062 None 1.0 1.0 1.0 1.0 0.0 0.0 1.0 1.0 1.0 1.0 1.0 1.0 1.0 1.0
211.8330878319902 64.25341828938076 5.0 6.0 5.0 8.0 None None 3.0 3.0 4.0 6.0 2.0 None 1.0 None 125.12470477600561 139.57288667988456 137.5089080299129 192.34710743223349 None None 74.4508232532931 74.4508232532931 100.14826570899714 140.45066031715277 59.999975092953434 None 29.999975092953434 None 1.0 1.0 1.0 1.0 0.0 0.0 1.0 1.0 1.0 1.0 1.0 1.0 1.0 1.0
227.3205278752634 59.87580676158162 5.0 5.0 5.0 7.0 None None 3.0 3.0 5.0 6.0 2.0 None 1.0 None 131.31033476627823 140.59942868742007 148.85653600186401 190.22570987062278 None None 83.29843109461655 83.29843109461655 126.52508204586053 161.6153120353382 59.99993556437329 None 29.99993556437329 None 1.0 1.0 1.0 1.0 0.0 0.0 1.0 1.0 1.0 1.0 1.0 1.0 1.0 1.0
231.7045568422581 58.74291030567093 5.0 5.0 6.0 7.0 None None 3.0 3.0 4.0 7.0 2.0 None 1.0 None 126.9362191891662 128.21720125229558 138.25336461155052 177.83342144987927 None None 85.36210585788774 85.36210585788774 112.39752801666117 177.2553552618943 39.99991424103888 None 29.99991424103888 None 1.0 1.0 1.0 1.0 0.0 0.0 1.0 1.0 1.0 1.0 1.0 1.0 1.0 1.0
179.37082438078966 75.88190580595736 7.0 7.0 8.0 9.0 None None 4.0 4.0 6.0 6.0 3.0 None 1.0 4.0 129.34818759347462 133.1406197454234 140.7257421800037 177.93670987905682 None None 76.3931426906496 76.3931426906496 114.47835267507628 113.71717842640362 59.99992453242896 None 29.999924532428963 69.99992453242896 1.0 1.0 1.0 1.0 0.0 0.0 1.0 1.0 1.0 1.0 1.0 1.0 1.0 1.0
223.0065615738376 61.03407856675729 6.0 6.0 6.0 8.0 None None 4.0 4.0 5.0 6.0 2.0 None 1.0 None 130.40315133318825 135.78148250489068 142.4719645876326 189.2461471488823 None None 89.53580952731767 89.53580952731767 128.88027987959322 141.71065740765232 39.999923247037316 None 29.999923247037316 None 1.0 1.0 1.0 1.0 0.0 0.0 1.0 1.0 1.0 1.0 1.0 1.0 1.0 1.0
187.23001856019738 72.69667601738688 7.0 8.0 8.0 10.0 None None 4.0 4.0 7.0 8.0 3.0 None 1.0 None 128.94603423810776 145.45119996105592 140.02886901823564 191.36229494886675 None None 92.65746753172039 92.65746753172039 127.42401903311986 140.02886901823564 59.99998988206971 None 29.999989882069713 None 1.0 1.0 1.0 1.0 0.0 0.0 1.0 1.0 1.0 1.0 1.0 1.0 1.0 1.0
210.1828977501769 64.75788537361406 5.0 6.0 6.0 9.0 None None 3.0 3.0 5.0 7.0 2.0 None 1.0 5.0 131.30732197247107 147.86486015562645 146.83310559753602 200.5919614485412 None None 93.7441682983117 93.7441682983117 130.45219556808564 157.97293848243208 59.999973696760605 None 29.999973696760605 129.9999736967606 1.0 1.0 1.0 1.0 0.0 0.0 1.0 1.0 1.0 1.0 1.0 1.0 1.0 1.0
217.77096758158575 62.501444297898765 5.0 6.0 6.0 9.0 None None 3.0 3.0 4.0 6.0 2.0 None 1.0 5.0 126.52573317509655 150.9552498550317 139.46532512716868 196.55587475412972 None None 75.01402911994819 75.01402911994819 101.44440471710124 140.22577701760707 49.99997654942615 None 29.99997654942615 129.99997654942615 1.0 1.0 1.0 1.0 0.0 0.0 1.0 1.0 1.0 1.0 1.0 1.0 1.0 1.0
192.84719949644972 70.5791944894205 5.0 6.0 7.0 8.0 None None 3.0 3.0 5.0 6.0 2.0 None 1.0 2.0 129.24686031519923 130.27867326531305 140.66739962823175 171.69011782026337 None None 87.9896150128182 87.9896150128182 125.35381772878065 136.4353289166678 59.99994993020829 None 29.999949930208288 69.99994993020829 1.0 1.0 1.0 1.0 0.0 0.0 1.0 1.0 1.0 1.0 1.0 1.0 1.0 1.0
228.71923488857698 59.50964293243961 5.0 6.0 6.0 8.0 None None 3.0 3.0 5.0 7.0 3.0 None 1.0 None 125.12146966818625 135.48522961031244 137.5482873782043 187.65408675717276 None None 72.2838608534808 72.2838608534808 109.88783770880087 150.98638783700392 59.999971782684895 None 29.999971782684895 None 1.0 1.0 1.0 1.0 0.0 0.0 1.0 1.0 1.0 1.0 1.0 1.0 1.0 1.0
202.4756564614463 67.22289601560912 6.0 7.0 6.0 10.0 None None 4.0 4.0 5.0 5.0 3.0 None 1.0 3.0 132.26243353235407 156.57712586601076 144.72997206593624 208.90177403950014 None None 87.27885068854374 87.27885068854374 120.51158403680972 107.95500453895579 59.999904627696196 None 29.999904627696196 69.9999046276962 1.0 1.0 1.0 1.0 0.0 0.0 1.0 1.0 1.0 1.0 1.0 1.0 1.0 1.0
195.42401240017085 69.64855461123517 6.0 6.0 7.0 9.0 None None 4.0 4.0 5.0 8.0 2.0 None 1.0 None 126.19971750466425 121.94090345718229 140.69289661327463 168.99155573897298 None None 86.73515198798009 86.73515198798009 108.33058422766857 159.07970640157282 49.99999623903784 None 29.99999623903784 None 1.0 1.0 1.0 1.0 0.0 0.0 1.0 1.0 1.0 1.0 1.0 1.0 1.0 1.0
193.91214714271803 70.19158005600545 6.0 7.0 7.0 9.0 None None 4.0 4.0 6.0 7.0 3.0 None 1.0 7.0 128.2606747452818 140.93063033041733 140.16943745564754 193.40635176382114 None None 80.17493472841306 80.17493472841306 115.016253710993 139.67352243722905 59.999979011283926 None 29.999979011283926 139.99997901128393 1.0 1.0 1.0 1.0 0.0 0.0 1.0 1.0 1.0 1.0 1.0 1.0 1.0 1.0
208.89225980587588 65.15799107467522 6.0 6.0 7.0 8.0 None None 5.0 5.0 6.0 8.0 3.0 None 2.0 None 134.44674042362539 137.23255650619808 146.8750001587303 180.97586224210846 None None 111.68370477257025 111.68370477257025 135.50534154649102 178.28437378242802 59.99998233679588 None 29.99998233679588 None 1.0 1.0 1.0 1.0 0.0 0.0 1.0 1.0 1.0 1.0 1.0 1.0 1.0 1.0
208.6709580694108 65.22709305562557 5.0 5.0 6.0 9.0 None None 3.0 3.0 5.0 8.0 2.0 None 1.0 None 132.06349627096313 137.50814372081135 146.83850125468393 191.30694901088026 None None 92.31479509381415 92.31479509381415 131.30216069673105 181.1637473538113 59.999923548605636 None 29.999923548605636 None 1.0 1.0 1.0 1.0 0.0 0.0 1.0 1.0 1.0 1.0 1.0 1.0 1.0 1.0
220.86245243284975 61.62659089434064 5.0 5.0 5.0 8.0 None None 3.0 3.0 4.0 7.0 2.0 None 1.0 None 127.18259670503784 134.40697242435124 137.50255042994968 188.19933257198176 None None 80.45508739156617 80.45508739156617 106.30309228876268 168.3816720711937 49.999964301094224 None 29.999964301094224 None 1.0 1.0 1.0 1.0 0.0 0.0 1.0 1.0 1.0 1.0 1.0 1.0 1.0 1.0
196.64803845933017 69.2150306030892 6.0 6.0 7.0 9.0 None None 4.0 4.0 6.0 8.0 3.0 None 2.0 None 130.24986392982998 138.591174981034 144.82760025436204 194.45325669513733 None None 86.13971587185699 86.13971587185699 127.96622490305947 158.88004949818463 49.99994343650877 None 29.999943436508772 None 1.0 1.0 1.0 1.0 0.0 0.0 1.0 1.0 1.0 1.0 1.0 1.0 1.0 1.0
164.3058324273386 82.83942084660463 7.0 7.0 7.0 10.0 None None 4.0 4.0 7.0 8.0 3.0 None 1.0 4.0 127.27624594029129 133.0468601645132 140.53968384081662 189.2850504687297 None None 83.94181904175741 83.94181904175741 125.99260601741872 150.32618205173355 59.99990182623594 None 29.99990182623594 89.99990182623594 1.0 1.0 1.0 1.0 0.0 0.0 1.0 1.0 1.0 1.0 1.0 1.0 1.0 1.0
210.2241677389665 64.74517248131365 6.0 6.0 7.0 8.0 None None 5.0 5.0 7.0 9.0 3.0 None 1.0 None 138.22284566484478 132.30693099675057 154.1076039707567 179.95269578147185 None None 99.8769298355391 99.8769298355391 157.09305597778473 208.6599938174814 59.999972562889184 None 29.999972562889184 None 1.0 1.0 1.0 1.0 0.0 0.0 1.0 1.0 1.0 1.0 1.0 1.0 1.0 1.0
196.0585681623054 69.42313272803385 6.0 7.0 7.0 9.0 None None 4.0 4.0 6.0 6.0 3.0 None 1.0 6.0 128.26934029228516 145.7291235768372 135.53831481969758 192.38513294880983 None None 79.96644270848032 79.96644270848032 120.93727217079976 130.94093179226394 59.999932799651845 None 29.999932799651845 119.99993279965184 1.0 1.0 1.0 1.0 0.0 0.0 1.0 1.0 1.0 1.0 1.0 1.0 1.0 1.0
187.31369051918546 72.66420282614583 7.0 8.0 8.0 10.0 None None 4.0 4.0 8.0 None 3.0 None 1.0 None 135.51447059399368 146.9330980618637 147.96624182408056 197.54164897343185 None None 92.36230888626284 92.36230888626284 153.8161571974664 None 59.99995256981322 None 29.999952569813217 None 1.0 1.0 1.0 1.0 0.0 0.0 1.0 1.0 1.0 0.0 1.0 1.0 1.0 1.0
185.74853280186596 73.27648727389177 6.0 6.0 7.0 9.0 None None 4.0 4.0 6.0 9.0 3.0 None 1.0 None 126.18635054785 125.1548121821084 137.58423746819295 181.01723431045735 None None 80.79096788292344 80.79096788292344 112.89153246890493 178.46041661337034 59.99995954549814 None 29.999959545498143 None 1.0 1.0 1.0 1.0 0.0 0.0 1.0 1.0 1.0 1.0 1.0 1.0 1.0 1.0
227.6472357181413 59.78987602051227 6.0 6.0 6.0 8.0 None None 4.0 4.0 6.0 8.0 3.0 None 1.0 None 132.39116913978881 139.8228375414841 142.7116865919566 178.72825023470398 None None 88.19268556863682 88.19268556863682 137.51554020778627 190.9564321888053 59.999964422809796 None 29.999964422809796 None 1.0 1.0 1.0 1.0 0.0 0.0 1.0 1.0 1.0 1.0 1.0 1.0 1.0 1.0
208.989987807258 65.12752186268756 6.0 7.0 7.0 8.0 None None 6.0 6.0 7.0 7.0 3.0 None 1.0 None 138.5904986358475 141.72829644159845 146.88777130968185 188.21503823865453 None None 116.96597647609013 116.96597647609013 144.86158103277057 168.51179035584641 59.99990134095168 None 29.99990134095168 None 1.0 1.0 1.0 1.0 0.0 0.0 1.0 1.0 1.0 1.0 1.0 1.0 1.0 1.0
228.46750028849692 59.575213029480054 5.0 6.0 6.0 8.0 None None 4.0 4.0 5.0 6.0 3.0 None 1.0 None 131.30933195733593 143.74111661741279 139.61305459080825 182.99496260333495 None None 94.20829696093273 94.20829696093273 121.4255939980302 145.993121908965 59.99995048788685 None 29.99995048788685 None 1.0 1.0 1.0 1.0 0.0 0.0 1.0 1.0 1.0 1.0 1.0 1.0 1.0 1.0
198.98954358404745 68.40057901962625 6.0 7.0 7.0 10.0 None None 4.0 4.0 7.0 8.0 3.0 None 1.0 None 134.45426315701246 147.91446914454338 142.7539848018783 205.56691837862337 None None 90.48412851648317 90.48412851648317 139.23508532900826 163.62322287384467 59.9999942268247 None 29.999994226824697 None 1.0 1.0 1.0 1.0 0.0 0.0 1.0 1.0 1.0 1.0 1.0 1.0 1.0 1.0
230.97254180586953 58.92908262420185 6.0 6.0 6.0 8.0 None None 4.0 4.0 6.0 7.0 2.0 None 1.0 None 131.88433824948942 144.86817765791227 144.86817765791227 200.58509756178546 None None 95.20102933716936 95.20102933716936 131.12362257470994 159.40988400611815 59.999981736746406 None 29.999981736746406 None 1.0 1.0 1.0 1.0 0.0 0.0 1.0 1.0 1.0 1.0 1.0 1.0 1.0 1.0
186.58365627568566 72.94851152390937 6.0 6.0 6.0 10.0 None None 4.0 4.0 5.0 9.0 2.0 None 1.0 None 126.1738609458132 140.93278086484156 137.54784469601594 188.00454026690977 None None 81.05383550421834 81.05383550421834 114.59853092602839 175.90461324716324 59.9999369114247 None 29.999936911424697 None 1.0 1.0 1.0 1.0 0.0 0.0 1.0 1.0 1.0 1.0 1.0 1.0 1.0 1.0
222.1139520278315 61.27935627517223 5.0 6.0 6.0 8.0 None None 3.0 3.0 5.0 7.0 3.0 None 1.0 None 127.1722456281716 138.56699972045658 135.47214486347468 187.1421265897934 None None 76.32303122473422 76.32303122473422 118.64219107330229 162.30707769109358 59.9999600432493 None 29.999960043249303 None 1.0 1.0 1.0 1.0 0.0 0.0 1.0 1.0 1.0 1.0 1.0 1.0 1.0 1.0
197.3461541199211 68.97018115553962 7.0 8.0 7.0 9.0 None None 5.0 5.0 7.0 8.0 3.0 None 1.0 None 131.40280461944718 149.45212707759487 144.82059315716947 196.53478539588986 None None 93.17016926453567 93.17016926453567 141.00383197897168 153.72370866874962 59.99995493556054 None 29.999954935560538 None 1.0 1.0 1.0 1.0 0.0 0.0 1.0 1.0 1.0 1.0 1.0 1.0 1.0 1.0
185.31336922036684 73.44855936332566 6.0 7.0 7.0 10.0 None None 4.0 4.0 6.0 6.0 3.0 None 1.0 5.0 132.3936503201591 143.7862377805235 144.78225990569302 194.43716674024495 None None 104.57432760970704 104.57432760970704 130.2358852234559 130.2358852234559 59.99998182663353 None 29.99998182663353 109.99998182663353 1.0 1.0 1.0 1.0 0.0 0.0 1.0 1.0 1.0 1.0 1.0 1.0 1.0 1.0
196.26600585886155 69.34975794936143 6.0 6.0 7.0 9.0 None None 3.0 3.0 6.0 9.0 2.0 None 1.0 None 132.39142201074122 137.52979189025461 146.8865049191129 191.3531906090522 None None 89.5228784034149 89.5228784034149 140.0197845335016 185.68206044299166 49.99995119333545 None 29.99995119333545 None 1.0 1.0 1.0 1.0 0.0 0.0 1.0 1.0 1.0 1.0 1.0 1.0 1.0 1.0
211.57521884965098 64.33173069135385 6.0 6.0 6.0 9.0 None None 4.0 4.0 6.0 10.0 3.0 None 1.0 None 132.40754611192727 144.791230084225 148.91913188722043 205.81025598139956 None None 86.08494833110433 86.08494833110433 150.86367435479133 222.46637686697733 59.99997368337034 None 29.999973683370342 None 1.0 1.0 1.0 1.0 0.0 0.0 1.0 1.0 1.0 1.0 1.0 1.0 1.0 1.0
182.65045396392998 74.51938774095747 7.0 7.0 7.0 10.0 None None 4.0 4.0 7.0 10.0 3.0 None 1.0 None 137.59230698459618 137.59230698459618 149.1413264153977 186.18502336527803 None None 92.87016250470566 92.87016250470566 148.3802614237993 203.03745010458755 59.99991212415051 None 29.999912124150512 None 1.0 1.0 1.0 1.0 0.0 0.0 1.0 1.0 1.0 1.0 1.0 1.0 1.0 1.0
226.12731889603975 60.191754213729254 5.0 5.0 6.0 7.0 None None 4.0 4.0 5.0 5.0 3.0 None 1.0 4.0 129.2521431535892 137.50850816033216 142.31944243948794 183.42655630606623 None None 84.91748335887695 84.91748335887695 127.06890218733821 115.93720765156388 59.9999418039817 None 29.9999418039817 89.9999418039817 1.0 1.0 1.0 1.0 0.0 0.0 1.0 1.0 1.0 1.0 1.0 1.0 1.0 1.0
189.6280200107683 71.77736707490317 6.0 7.0 7.0 9.0 None None 4.0 4.0 4.0 7.0 3.0 None 1.0 7.0 122.54031611526932 134.50127975376108 134.42628272223817 183.09493761612663 None None 73.33854971448045 73.33854971448045 95.72349860836721 135.9476335112587 59.999913343493915 None 29.999913343493915 139.99991334349392 1.0 1.0 1.0 1.0 0.0 0.0 1.0 1.0 1.0 1.0 1.0 1.0 1.0 1.0
201.58779205011655 67.51896958430986 6.0 8.0 7.0 10.0 None None 4.0 4.0 7.0 10.0 3.0 None 2.0 None 132.3754180444218 155.1257074844586 140.67765583559958 205.12456771954226 None None 86.78149847723489 86.78149847723489 137.08705490600727 204.363297072193 59.99991203559375 None 29.999912035593752 None 1.0 1.0 1.0 1.0 0.0 0.0 1.0 1.0 1.0 1.0 1.0 1.0 1.0 1.0
244.9933627780402 55.55660710829678 5.0 6.0 6.0 8.0 None None 3.0 3.0 6.0 7.0 2.0 None 1.0 None 134.53571304063502 145.8224468636203 147.53348112665117 200.60962601894687 None None 93.7344868212299 93.7344868212299 146.01086202673304 185.32243248696278 59.9999244625231 None 29.999924462523097 None 1.0 1.0 1.0 1.0 0.0 0.0 1.0 1.0 1.0 1.0 1.0 1.0 1.0 1.0
208.46922004434458 65.29021405224586 6.0 7.0 7.0 8.0 None None 4.0 4.0 6.0 9.0 3.0 None 1.0 None 131.8408071906871 135.54603647777725 144.8340308698048 182.03663514479825 None None 85.67991586145416 85.67991586145416 131.0797940457873 193.45030486684868 59.99991685687411 None 29.99991685687411 None 1.0 1.0 1.0 1.0 0.0 0.0 1.0 1.0 1.0 1.0 1.0 1.0 1.0 1.0
213.16282418649024 63.85259743083585 6.0 6.0 6.0 9.0 None None 3.0 3.0 5.0 6.0 2.0 None 2.0 None 121.00540324251642 143.9121801047616 134.03811863635156 192.32523284334013 None None 69.84507541699782 69.84507541699782 107.90248845198732 144.6736563560259 49.99997384433021 None 29.999973844330214 None 1.0 1.0 1.0 1.0 0.0 0.0 1.0 1.0 1.0 1.0 1.0 1.0 1.0 1.0
208.21458213550227 65.37006131079815 6.0 7.0 7.0 9.0 None None 3.0 3.0 5.0 8.0 2.0 None 1.0 None 124.77396373355924 148.5848685927702 135.92837644946258 207.8530248806287 None None 73.38358669305052 73.38358669305052 110.22400189263959 159.0090246731699 59.99992930066276 None 29.999929300662757 None 1.0 1.0 1.0 1.0 0.0 0.0 1.0 1.0 1.0 1.0 1.0 1.0 1.0 1.0
195.48975897284566 69.6251306028293 6.0 6.0 6.0 9.0 None None 4.0 4.0 6.0 8.0 2.0 None 1.0 None 132.39317816117187 137.5528925482895 144.77697801028273 193.41930714689812 None None 86.7790040477534 86.7790040477534 137.4715505400136 181.87922874627947 59.99998543652816 None 29.999985436528164 None 1.0 1.0 1.0 1.0 0.0 0.0 1.0 1.0 1.0 1.0 1.0 1.0 1.0 1.0
221.64733904286953 61.40836185435753 5.0 6.0 6.0 8.0 None None 2.0 2.0 4.0 7.0 2.0 None 1.0 None 127.18033446118847 135.41953025360738 142.70182378764122 179.6585209269581 None None 75.80931899598136 75.80931899598136 106.63499848099093 168.13410445310507 59.99998290313937 None 29.99998290313937 None 1.0 1.0 1.0 1.0 0.0 0.0 1.0 1.0 1.0 1.0 1.0 1.0 1.0 1.0
219.6209569215253 61.97495990723447 4.0 5.0 5.0 7.0 None None 3.0 3.0 4.0 3.0 2.0 None 1.0 2.0 130.24050896788157 134.41480449998932 144.73683774125374 184.5715237767351 None None 87.70384639054481 87.70384639054481 126.68724221342245 100.81600340959528 59.999912828966956 None 29.999912828966956 79.99991282896696 1.0 1.0 1.0 1.0 0.0 0.0 1.0 1.0 1.0 1.0 1.0 1.0 1.0 1.0
200.89295194832044 67.75250135953709 5.0 6.0 6.0 8.0 None None 3.0 3.0 4.0 9.0 3.0 None 1.0 None 123.07188709084681 127.24464719454488 135.50478353303714 171.09586955280736 None None 69.45995812264482 69.45995812264482 104.35892243896888 182.94537540702242 59.999980909643966 None 29.999980909643966 None 1.0 1.0 1.0 1.0 0.0 0.0 1.0 1.0 1.0 1.0 1.0 1.0 1.0 1.0
193.55939140380207 70.31950194348792 6.0 6.0 7.0 9.0 None None 4.0 4.0 6.0 7.0 2.0 None 1.0 None 132.38819395510671 125.16311293553991 144.81896844111446 176.87200683612446 None None 93.16412196857169 93.16412196857169 138.6043861210277 151.42102358944527 59.999930103949964 None 29.999930103949964 None 1.0 1.0 1.0 1.0 0.0 0.0 1.0 1.0 1.0 1.0 1.0 1.0 1.0 1.0
244.0652455557319 55.76787456570481 5.0 5.0 6.0 7.0 None None 2.0 2.0 5.0 8.0 2.0 None 1.0 None 127.19200414843664 131.31855327279675 139.6193629529144 185.63661194152002 None None 71.78570975272373 71.78570975272373 124.35419067376574 198.789636078331 49.99998869461518 None 29.999988694615183 None 1.0 1.0 1.0 1.0 0.0 0.0 1.0 1.0 1.0 1.0 1.0 1.0 1.0 1.0
205.19388506916692 66.33238605240109 7.0 7.0 7.0 9.0 None None 4.0 4.0 6.0 7.0 3.0 None 1.0 None 127.23773645700658 137.56645018056514 137.57641870332446 190.29379879148485 None None 75.990987888782 75.990987888782 110.24110150481374 132.99986529627733 59.9999132552004 None 29.999913255200397 None 1.0 1.0 1.0 1.0 0.0 0.0 1.0 1.0 1.0 1.0 1.0 1.0 1.0 1.0
223.36976464428488 60.93483610763275 5.0 5.0 5.0 8.0 None None 4.0 4.0 5.0 9.0 2.0 None 1.0 None 130.96722532622965 131.30885497303956 142.41286694049364 187.21607089251495 None None 88.17068348582973 88.17068348582973 129.44479447175587 199.8231553183531 49.99993385262593 None 29.99993385262593 None 1.0 1.0 1.0 1.0 0.0 0.0 1.0 1.0 1.0 1.0 1.0 1.0 1.0 1.0
179.55467565984088 75.8042081053099 6.0 7.0 7.0 10.0 None None 5.0 5.0 6.0 10.0 3.0 None 1.0 None 129.99473130412173 142.75845206436964 140.66394539266383 196.51016684715057 None None 91.71906473139302 91.71906473139302 120.01894361609743 183.26277035956343 59.99991332071903 None 29.99991332071903 None 1.0 1.0 1.0 1.0 0.0 0.0 1.0 1.0 1.0 1.0 1.0 1.0 1.0 1.0
211.23614159050697 64.43499629142859 6.0 6.0 7.0 8.0 None None 4.0 4.0 6.0 7.0 2.0 None 1.0 None 129.51305980757974 130.198796128379 139.61732101275578 184.1932095141595 None None 82.60988363309986 82.60988363309986 119.09048123727041 144.97023556322307 59.99997327349581 None 29.99997327349581 None 1.0 1.0 1.0 1.0 0.0 0.0 1.0 1.0 1.0 1.0 1.0 1.0 1.0 1.0
217.11438834593446 62.69045595593237 5.0 5.0 5.0 8.0 None None 3.0 3.0 3.0 5.0 2.0 None 1.0 5.0 121.58139340534643 136.4696928866927 134.40594082418477 188.19985447778316 None None 72.60577537931607 72.60577537931607 97.03708166425389 127.23837334189284 59.99999923033738 None 29.99999923033738 129.99999923033738 1.0 1.0 1.0 1.0 0.0 0.0 1.0 1.0 1.0 1.0 1.0 1.0 1.0 1.0
182.71878164799375 74.4915212176791 7.0 6.0 8.0 9.0 None None 5.0 5.0 8.0 10.0 3.0 None 1.0 None 139.64975855714926 131.71293030956588 150.0162760280964 170.54230185850008 None None 109.12541307354337 109.12541307354337 157.02452973063959 188.34943585192605 69.99998774198792 None 29.999987741987923 None 1.0 1.0 1.0 1.0 0.0 0.0 1.0 1.0 1.0 1.0 1.0 1.0 1.0 1.0
221.881689515579 61.34350261040503 5.0 5.0 6.0 7.0 None None 3.0 3.0 5.0 5.0 2.0 None 1.0 4.0 126.58268996642869 126.1544782094578 139.5629602666678 173.78370270180073 None None 77.35021100664636 77.35021100664636 115.1819442252683 115.1819442252683 49.99994127142446 None 29.99994127142446 89.99994127142446 1.0 1.0 1.0 1.0 0.0 0.0 1.0 1.0 1.0 1.0 1.0 1.0 1.0 1.0
197.57883527078855 68.88895757152156 6.0 7.0 7.0 9.0 None None 4.0 4.0 5.0 6.0 2.0 None 1.0 6.0 128.26451335349674 145.85355901091214 142.7582150538438 197.54637520588835 None None 85.71440058448661 85.71440058448661 108.56765229244388 128.8936253763698 59.99994417778197 None 29.99994417778197 129.99994417778197 1.0 1.0 1.0 1.0 0.0 0.0 1.0 1.0 1.0 1.0 1.0 1.0 1.0 1.0
204.01158200080653 66.71680042139074 6.0 6.0 7.0 9.0 None None 3.0 3.0 4.0 7.0 2.0 None 1.0 5.0 126.1921381737962 130.32017875300232 139.60493863845 181.2781085010073 None None 77.3280430580952 77.3280430580952 99.85655924298669 151.16896158214007 59.99992088397329 None 29.99992088397329 109.99992088397329 1.0 1.0 1.0 1.0 0.0 0.0 1.0 1.0 1.0 1.0 1.0 1.0 1.0 1.0
223.07030910350602 61.016636659092136 5.0 5.0 6.0 7.0 None None 3.0 3.0 5.0 8.0 2.0 None 1.0 None 131.30867516845979 126.14932712761686 146.8353281319283 170.61401205984583 None None 91.70714549108902 91.70714549108902 124.5508443812667 178.21966764090126 59.99992759293798 None 29.99992759293798 None 1.0 1.0 1.0 1.0 0.0 0.0 1.0 1.0 1.0 1.0 1.0 1.0 1.0 1.0
226.02056607755554 60.22018365943563 6.0 6.0 6.0 8.0 None None 4.0 4.0 5.0 7.0 3.0 None 1.0 None 125.28297034489907 137.92679102401405 137.16535830435976 181.6122519346012 None None 85.88428051979719 85.88428051979719 109.0008011075787 148.8148800664693 59.99995740210062 None 29.99995740210062 None 1.0 1.0 1.0 1.0 0.0 0.0 1.0 1.0 1.0 1.0 1.0 1.0 1.0 1.0
218.42706719462012 62.31370578204257 6.0 6.0 7.0 8.0 None None 5.0 5.0 7.0 9.0 3.0 None 1.0 None 139.86464019405298 148.9045481725434 150.810480008534 197.501173548084 None None 113.60081194840762 113.60081194840762 164.16479399602719 210.97397007985512 59.999910451393475 None 29.999910451393475 None 1.0 1.0 1.0 1.0 0.0 0.0 1.0 1.0 1.0 1.0 1.0 1.0 1.0 1.0
226.19872677618991 60.17275249063302 6.0 6.0 6.0 8.0 None None 4.0 4.0 6.0 9.0 2.0 None 1.0 None 138.88093509380383 139.59994056736667 152.496771154275 193.63416948565373 None None 94.93006315932035 94.93006315932035 153.25811838466922 216.44939907272249 59.99994077162569 None 29.99994077162569 None 1.0 1.0 1.0 1.0 0.0 0.0 1.0 1.0 1.0 1.0 1.0 1.0 1.0 1.0
200.29263135282827 67.95557034758485 6.0 7.0 7.0 10.0 None None 4.0 4.0 6.0 7.0 3.0 None 2.0 None 129.00594740668532 152.0397986458064 139.63871442585992 207.86019641892858 None None 78.11705093277106 78.11705093277106 129.00594740668532 150.47921486087478 59.99991044443857 None 29.99991044443857 None 1.0 1.0 1.0 1.0 0.0 0.0 1.0 1.0 1.0 1.0 1.0 1.0 1.0 1.0
225.11379240263113 60.46275465723492 5.0 5.0 6.0 7.0 None None 3.0 3.0 5.0 7.0 2.0 None 1.0 None 135.43559693101412 125.83362937897147 144.77142595517228 175.6835165413437 None None 92.52066240022828 92.52066240022828 136.68140731086902 160.38290909971232 59.99991578894253 None 29.99991578894253 None 1.0 1.0 1.0 1.0 0.0 0.0 1.0 1.0 1.0 1.0 1.0 1.0 1.0 1.0
206.36015683105245 65.95749978588822 5.0 7.0 6.0 9.0 None None 3.0 3.0 5.0 7.0 2.0 None 1.0 None 128.38495904993204 148.9388903122532 140.84095651720122 192.3680245933797 None None 75.67970879236117 75.67970879236117 108.9201370916856 153.14980296049146 49.999998775031884 None 29.999998775031884 None 1.0 1.0 1.0 1.0 0.0 0.0 1.0 1.0 1.0 1.0 1.0 1.0 1.0 1.0
224.7287764104546 60.56634231452525 6.0 6.0 6.0 8.0 None None 4.0 4.0 6.0 8.0 2.0 None 1.0 None 134.44545312001674 143.7269567518738 149.584809852612 197.16906297346964 None None 92.87695885665482 92.87695885665482 149.584809852612 191.9813397146322 59.99999933068676 None 29.999999330686762 None 1.0 1.0 1.0 1.0 0.0 0.0 1.0 1.0 1.0 1.0 1.0 1.0 1.0 1.0
220.63385543200172 61.690441720059795 5.0 6.0 6.0 9.0 None None 4.0 4.0 5.0 6.0 2.0 None 1.0 None 129.24777113262388 148.41784520677987 137.54558713852413 194.15038935408484 None None 85.44485041627223 85.44485041627223 119.13327358251456 149.17870051569122 59.999931376160816 None 29.999931376160816 None 1.0 1.0 1.0 1.0 0.0 0.0 1.0 1.0 1.0 1.0 1.0 1.0 1.0 1.0
223.7672777123326 60.82658795848527 6.0 6.0 6.0 8.0 None None 4.0 4.0 5.0 7.0 3.0 None 1.0 None 126.1968138282204 130.3254039478884 135.48661899889515 177.8911502792119 None None 84.87421102603838 84.87421102603838 108.5636835661652 159.80395501165623 59.99990447666329 None 29.99990447666329 None 1.0 1.0 1.0 1.0 0.0 0.0 1.0 1.0 1.0 1.0 1.0 1.0 1.0 1.0
202.1888838791155 67.3182409381998 5.0 5.0 6.0 7.0 None None 3.0 3.0 5.0 6.0 2.0 None 1.0 None 132.98977510150308 123.84392991470276 145.97926956651207 169.68466958795716 None None 87.23222957917136 87.23222957917136 132.2288357964839 145.97926956651207 59.999906772902705 None 29.999906772902705 None 1.0 1.0 1.0 1.0 0.0 0.0 1.0 1.0 1.0 1.0 1.0 1.0 1.0 1.0
206.1056273799108 66.03895377835117 6.0 6.0 7.0 8.0 None None 4.0 4.0 5.0 8.0 3.0 None 1.0 None 126.4773483141131 132.99226285440113 141.4567639107733 184.08332241979417 None None 78.0979056405867 78.0979056405867 113.54584979812103 165.296505143562 59.99993283170784 None 29.999932831707838 None 1.0 1.0 1.0 1.0 0.0 0.0 1.0 1.0 1.0 1.0 1.0 1.0 1.0 1.0
200.39610344466706 67.92048231495798 6.0 7.0 7.0 9.0 None None 4.0 4.0 6.0 8.0 3.0 None 1.0 None 126.30494164890729 141.31422525779146 135.5239845035195 196.49857343142594 None None 85.97705345320702 85.97705345320702 115.63268769341761 157.60471134600965 59.9999656007148 None 29.999965600714802 None 1.0 1.0 1.0 1.0 0.0 0.0 1.0 1.0 1.0 1.0 1.0 1.0 1.0 1.0
227.3032606123374 59.88035527221659 5.0 6.0 6.0 7.0 None None 4.0 4.0 5.0 5.0 3.0 None 1.0 3.0 124.79965588528347 149.92344642254136 137.08949081811363 182.91055164269977 None None 85.34590136304831 85.34590136304831 109.52499990061875 124.03840071915488 59.99997458503816 None 29.99997458503816 79.99997458503816 1.0 1.0 1.0 1.0 0.0 0.0 1.0 1.0 1.0 1.0 1.0 1.0 1.0 1.0
193.150430827957 70.46839057855166 6.0 6.0 7.0 8.0 None None 4.0 4.0 5.0 7.0 2.0 None 1.0 None 126.18908802876848 124.1043153628288 141.69352194850836 176.84999047724187 None None 87.38818222690259 87.38818222690259 112.50312642552313 146.572267577003 59.999992587688496 None 29.999992587688496 None 1.0 1.0 1.0 1.0 0.0 0.0 1.0 1.0 1.0 1.0 1.0 1.0 1.0 1.0
212.71227343888 63.98784508271892 6.0 7.0 7.0 9.0 None None 4.0 4.0 6.0 6.0 3.0 None 1.0 None 133.82471239079212 144.79263512337218 144.79263512337218 193.39441312600627 None None 98.23209508045636 98.23209508045636 134.58604803231486 143.586106844563 59.999988931592554 None 29.999988931592554 None 1.0 1.0 1.0 1.0 0.0 0.0 1.0 1.0 1.0 1.0 1.0 1.0 1.0 1.0
197.12874657728798 69.04624635587359 7.0 8.0 7.0 9.0 None None 3.0 3.0 7.0 9.0 2.0 None 1.0 None 131.41306317846016 148.8686991700418 142.76464273425944 191.3672785089346 None None 77.11254905478552 77.11254905478552 134.61490458662064 196.5239759783954 59.99991827790376 None 29.99991827790376 None 1.0 1.0 1.0 1.0 0.0 0.0 1.0 1.0 1.0 1.0 1.0 1.0 1.0 1.0
