129.81559991871615 177.33616001786046 None 5.0 None 5.0 None None 4.0 5.0 None None 2.0 None 1.0 1.0 None 132.23875429583913 None 139.4824998209865 None None 110.40344721757626 151.0114253476477 None None 59.9999594924096 None 29.9999594924096 29.9999594924096 0.0 1.0 0.0 1.0 0.0 0.0 1.0 1.0 0.0 0.0 1.0 1.0 1.0 1.0
196.6070512739075 117.09142602381937 4.0 3.0 4.0 3.0 None None 3.0 3.0 4.0 None 2.0 None 0.0 None 174.1213521655203 134.37690200934992 178.34167590192618 142.0458935990628 None None 93.27321473022278 144.29485754006012 179.10191141723095 None 69.99992863266445 None 29.99992863266445 None 1.0 1.0 1.0 1.0 0.0 0.0 1.0 1.0 1.0 0.0 1.0 1.0 1.0 1.0
256.23701019728253 89.84260307391045 3.0 3.0 3.0 3.0 None 5.0 2.0 3.0 4.0 None 1.0 None 0.0 None 178.34111629089844 137.60481107655642 181.68139778050192 140.24666572366624 None 276.8735949505227 107.47046440880848 156.96724775057518 198.74377774610187 None 39.999989374386615 None 29.999989374386615 None 1.0 1.0 1.0 1.0 0.0 1.0 1.0 1.0 1.0 0.0 1.0 1.0 1.0 1.0
304.30494808378603 75.65108666475412 2.0 2.0 2.0 2.0 None 4.0 2.0 2.0 2.0 None 0.0 None 0.0 None 163.61517390034845 117.4879167540628 172.9709365032303 120.01466533931305 None 271.7285740555679 103.87432462018204 139.6318216329945 162.85496175711694 None 39.99994849743557 None 29.999948497435568 None 1.0 1.0 1.0 1.0 0.0 1.0 1.0 1.0 1.0 0.0 1.0 1.0 1.0 1.0
222.53777979362783 103.4476034646733 3.0 2.0 3.0 2.0 None None 1.0 3.0 3.0 None 1.0 None 0.0 None 171.44225310168497 125.05191567179037 178.96416452976678 128.08986457153452 None None 103.07991618850426 149.21232455273633 181.73343894461135 None 59.99992069054476 None 29.999920690544762 None 1.0 1.0 1.0 1.0 0.0 0.0 1.0 1.0 1.0 0.0 1.0 1.0 1.0 1.0
186.95403279463 123.13722071611417 4.0 3.0 4.0 3.0 None None 3.0 3.0 4.0 None 0.0 None 0.0 None 164.5783759490045 113.00989041484539 172.05325112872006 117.83092326456611 None None 104.90262529214152 140.13812460622478 164.5783759490045 None 29.99994576030965 None 29.99994576030965 None 1.0 1.0 1.0 1.0 0.0 0.0 1.0 1.0 1.0 0.0 1.0 1.0 1.0 1.0
225.80801124392758 101.94943869875246 4.0 3.0 4.0 3.0 None None 3.0 3.0 4.0 None 2.0 None 1.0 None 178.29907285323964 126.1271746360626 185.03338785720723 128.50466886255282 None None 109.29924682351087 142.60347574283145 201.38351316509903 None 79.99993572352305 None 29.999935723523052 None 1.0 1.0 1.0 1.0 0.0 0.0 1.0 1.0 1.0 0.0 1.0 1.0 1.0 1.0
207.5344151420627 110.92618052886085 4.0 3.0 4.0 3.0 None None 3.0 3.0 5.0 None 1.0 None 1.0 None 174.29775226259432 143.1678696491837 181.82988475121402 144.19277008920957 None None 115.2173720277618 158.85762126593283 208.09435622049426 None 59.99999807740289 None 29.999998077402893 None 1.0 1.0 1.0 1.0 0.0 0.0 1.0 1.0 1.0 0.0 1.0 1.0 1.0 1.0
222.8222224840699 103.31554789893467 3.0 3.0 3.0 3.0 None None 1.0 3.0 3.0 5.0 1.0 None 0.0 None 170.30113821227206 148.11775261567058 176.89697455503577 154.7780345547068 None None 96.05801526385153 130.0617531301154 179.65741917783114 239.4804571664682 79.99993282362462 None 29.999932823624626 None 1.0 1.0 1.0 1.0 0.0 0.0 1.0 1.0 1.0 1.0 1.0 1.0 1.0 1.0
197.65079935495 116.47309332990794 4.0 3.0 4.0 3.0 None None 3.0 3.0 5.0 None 1.0 None 0.0 None 177.25959488353453 132.846857833588 185.18199406464433 136.54464696079307 None None 101.90991707019194 145.72892724517268 198.70457678391975 None 59.999948682557466 None 29.999948682557466 None 1.0 1.0 1.0 1.0 0.0 0.0 1.0 1.0 1.0 0.0 1.0 1.0 1.0 1.0
188.2882941846744 122.26463731951839 4.0 3.0 4.0 3.0 None None 3.0 3.0 3.0 None 1.0 None 0.0 None 166.2693958351982 119.20742157515966 168.51309806931553 122.96888464620392 None None 91.24181824106148 134.35874557758166 157.13048360214026 None 39.99991702384639 None 29.999917023846393 None 1.0 1.0 1.0 1.0 0.0 0.0 1.0 1.0 1.0 0.0 1.0 1.0 1.0 1.0
162.17947055410494 141.94768253556438 5.0 4.0 5.0 4.0 None None 4.0 4.0 None None 2.0 None 1.0 None 176.38324900742978 135.84965182704144 178.66775517850294 138.88935545226008 None None 123.73979379058673 149.0130839978298 None None 59.999991595826344 None 29.999991595826344 None 1.0 1.0 1.0 1.0 0.0 0.0 1.0 1.0 0.0 0.0 1.0 1.0 1.0 1.0
201.93563992229463 114.00166909050103 3.0 2.0 3.0 2.0 None None 1.0 2.0 3.0 None 1.0 None 0.0 None 167.97531405886 137.3796601397775 175.75507341097327 142.45071675554112 None None 105.49835271892363 137.30462491194754 167.21406454581341 None 89.99998301629012 None 29.999983016290123 None 1.0 1.0 1.0 1.0 0.0 0.0 1.0 1.0 1.0 0.0 1.0 1.0 1.0 1.0
173.6211435510546 132.59329785044588 5.0 3.0 5.0 3.0 None None 3.0 4.0 5.0 None 1.0 None 0.0 None 173.80203525319996 113.89422363140687 183.57214806815648 116.13800401606957 None None 108.28162685958975 151.89039922022835 195.97086974034107 None 59.999907384276696 None 29.999907384276696 None 1.0 1.0 1.0 1.0 0.0 0.0 1.0 1.0 1.0 0.0 1.0 1.0 1.0 1.0
267.97417065820554 85.90753333970653 2.0 2.0 2.0 2.0 None 5.0 2.0 2.0 2.0 None 1.0 None 0.0 None 161.51517358750647 138.43067984258295 170.14922244860057 142.93354756761994 None 281.5443368877525 96.77889477129452 128.6256136480287 150.2645745092415 None 79.99992223263487 None 29.99992223263488 None 1.0 1.0 1.0 1.0 0.0 1.0 1.0 1.0 1.0 0.0 1.0 1.0 1.0 1.0
201.99236439065388 113.96965459287021 4.0 3.0 4.0 3.0 None None 2.0 3.0 4.0 None 2.0 None 0.0 None 168.64727962548207 141.7718913058405 172.66138602732718 148.7567449177577 None None 86.75884226780647 129.58185490474065 171.13907959810592 None 69.99992542892463 None 29.99992542892462 None 1.0 1.0 1.0 1.0 0.0 0.0 1.0 1.0 1.0 0.0 1.0 1.0 1.0 1.0
188.99745694383125 121.80587174165885 4.0 4.0 4.0 4.0 None None 2.0 4.0 4.0 None 1.0 None 0.0 None 167.26212847421826 128.80148104512293 169.5446068779628 133.7396535734547 None None 92.3851363436228 127.76759467874635 166.50128610885682 None 39.99994531142165 None 29.999945311421648 None 1.0 1.0 1.0 1.0 0.0 0.0 1.0 1.0 1.0 0.0 1.0 1.0 1.0 1.0
212.68413203044543 108.24032700617542 3.0 3.0 4.0 3.0 None None 3.0 3.0 3.0 None 1.0 None 0.0 None 167.31842130631145 121.94184476474213 174.18967239376525 124.21169704441978 None None 99.01359908436557 134.211694457497 164.14521661655988 None 49.99993943264657 None 29.99993943264657 None 1.0 1.0 1.0 1.0 0.0 0.0 1.0 1.0 1.0 0.0 1.0 1.0 1.0 1.0
206.0519035166528 111.72427726754525 3.0 3.0 3.0 3.0 None None 3.0 3.0 3.0 None 2.0 None 0.0 None 167.58844708790093 139.07421607484008 170.62791623244988 141.74595442300978 None None 104.91199550339854 137.08163221155985 168.34969411597888 None 79.99999584054254 None 29.99999584054253 None 1.0 1.0 1.0 1.0 0.0 0.0 1.0 1.0 1.0 0.0 1.0 1.0 1.0 1.0
184.49058728317553 124.78143377940985 4.0 4.0 4.0 4.0 None None 4.0 4.0 5.0 None 2.0 None 1.0 None 174.75302648667218 122.34518538960637 183.70910241823583 126.06238559953692 None None 110.11411385728007 152.09850902749258 204.21756980092732 None 59.99995423216733 None 29.999954232167333 None 1.0 1.0 1.0 1.0 0.0 0.0 1.0 1.0 1.0 0.0 1.0 1.0 1.0 1.0
205.78180876873122 111.87091870628979 4.0 4.0 4.0 4.0 None None 3.0 4.0 4.0 None 2.0 None 1.0 None 173.17874357887933 127.21584308112799 178.3696690628438 132.1183945214152 None None 103.45922752391905 145.31714950423964 189.57571550841416 None 59.999924472917456 None 29.999924472917456 None 1.0 1.0 1.0 1.0 0.0 0.0 1.0 1.0 1.0 0.0 1.0 1.0 1.0 1.0
189.71826852379746 121.34308508678141 4.0 3.0 4.0 3.0 None None 2.0 3.0 4.0 None 1.0 None 0.0 None 174.64378283112688 141.46856626770918 180.06540666417033 146.00152418635471 None None 103.67201196617572 138.71557628675134 185.22468770100818 None 59.99993946642331 None 29.999939466423307 None 1.0 1.0 1.0 1.0 0.0 0.0 1.0 1.0 1.0 0.0 1.0 1.0 1.0 1.0
192.82366011200767 119.38887575636481 4.0 3.0 4.0 3.0 None None 3.0 3.0 4.0 None 1.0 None 0.0 None 169.29332294749537 129.37133227536788 173.64898263787958 131.0313732864608 None None 96.88283632328358 136.82109017237482 169.29332294749537 None 49.999943884654435 None 29.999943884654435 None 1.0 1.0 1.0 1.0 0.0 0.0 1.0 1.0 1.0 0.0 1.0 1.0 1.0 1.0
199.29381114027976 115.51286950800436 4.0 4.0 4.0 4.0 None None 3.0 4.0 4.0 None 0.0 None 0.0 None 169.271752899642 123.25312065191008 176.04616488247967 124.33064318541244 None None 101.03353557197957 144.9223019157991 168.5107689190345 None 39.99993162824544 None 29.99993162824544 None 1.0 1.0 1.0 1.0 0.0 0.0 1.0 1.0 1.0 0.0 1.0 1.0 1.0 1.0
232.5309248176538 99.0018855257752 3.0 3.0 4.0 3.0 None 5.0 3.0 3.0 3.0 None 1.0 None 0.0 None 172.23202797969643 127.83755442077825 175.71350797735 134.33556317996158 None 255.68308149603828 98.07328369683998 141.59167191984827 174.47016848976475 None 59.99991065594347 None 29.999910655943467 None 1.0 1.0 1.0 1.0 0.0 1.0 1.0 1.0 1.0 0.0 1.0 1.0 1.0 1.0
225.02285420744158 102.30516398471089 4.0 3.0 4.0 3.0 None None 3.0 3.0 4.0 None 2.0 None 0.0 None 167.2325100083694 141.7740979633779 171.4163763388416 144.7354093411856 None None 96.98772232556146 136.3437250534244 177.0617309358654 None 79.99996776213948 None 29.999967762139484 None 1.0 1.0 1.0 1.0 0.0 0.0 1.0 1.0 1.0 0.0 1.0 1.0 1.0 1.0
251.4890399265278 91.53878040460752 4.0 2.0 4.0 2.0 None 5.0 2.0 3.0 4.0 5.0 0.0 None 0.0 None 168.4793488180442 131.38269555158172 172.52750717638358 133.5674734124449 None 259.07869357987863 102.88937206752479 143.74434451630086 168.4793488180442 268.3425072854328 39.999988963084064 None 29.999988963084064 None 1.0 1.0 1.0 1.0 0.0 1.0 1.0 1.0 1.0 1.0 1.0 1.0 1.0 1.0
215.16578243153748 106.99191916040338 3.0 3.0 3.0 3.0 None None 3.0 3.0 3.0 None 1.0 None 0.0 None 174.78467555891058 132.99080402429124 186.1611675465972 136.14421274587437 None None 112.31556391376026 144.3306978965843 187.9333110011895 None 39.99996011886764 None 29.99996011886764 None 1.0 1.0 1.0 1.0 0.0 0.0 1.0 1.0 1.0 0.0 1.0 1.0 1.0 1.0
206.65812271271548 111.39654080765314 4.0 3.0 4.0 3.0 None None 3.0 4.0 4.0 None 1.0 None 1.0 None 175.98305074193433 134.50044845909036 184.28148323854967 140.86529576130633 None None 111.4674600551908 153.363113864755 199.65124674879345 None 49.99990107138862 None 29.99990107138862 None 1.0 1.0 1.0 1.0 0.0 0.0 1.0 1.0 1.0 0.0 1.0 1.0 1.0 1.0
206.0921006519442 111.70248605927259 4.0 3.0 4.0 3.0 None None 2.0 4.0 4.0 None 1.0 None 0.0 None 169.1669509239458 127.67736297348671 173.4896613422704 129.82604133875566 None None 96.97423143157991 137.61576249239417 182.1466284908397 None 49.9999323765463 None 29.999932376546298 None 1.0 1.0 1.0 1.0 0.0 0.0 1.0 1.0 1.0 0.0 1.0 1.0 1.0 1.0
143.13418801197702 160.8350899232661 5.0 4.0 None 4.0 None None 3.0 4.0 5.0 None 1.0 None 0.0 None 169.5400204731097 126.65874742713217 None 130.06481330893422 None None 97.485339536331 138.43284658639274 169.5400204731097 None 59.999932374341064 None 29.999932374341064 None 1.0 1.0 0.0 1.0 0.0 0.0 1.0 1.0 1.0 0.0 1.0 1.0 1.0 1.0
185.36282646234162 124.19426504956189 4.0 3.0 4.0 3.0 None None 3.0 3.0 4.0 None 2.0 None 1.0 None 173.77562120834503 105.51962577883558 176.0587812000965 111.01303524613198 None None 115.97387198831564 144.3756892481234 175.29826019953398 None 59.99999900302303 None 29.999999003023028 None 1.0 1.0 1.0 1.0 0.0 0.0 1.0 1.0 1.0 0.0 1.0 1.0 1.0 1.0
200.07036258362456 115.064518815863 4.0 3.0 4.0 3.0 None None 2.0 3.0 4.0 None 0.0 None 0.0 None 175.88664657989526 117.81180953315976 184.63565586855933 120.27071840441505 None None 110.35942836594029 152.62082239103978 195.62560068996927 None 59.999977895980074 None 29.999977895980074 None 1.0 1.0 1.0 1.0 0.0 0.0 1.0 1.0 1.0 0.0 1.0 1.0 1.0 1.0
221.23638972150718 104.0561185661133 3.0 3.0 3.0 3.0 None None 2.0 3.0 3.0 None 1.0 None 1.0 None 168.70100394359872 150.27016019417414 175.90947919510484 152.7391841204813 None None 109.67916167948003 140.4825056902783 175.90947919510484 None 59.999971690298125 None 29.999971690298125 None 1.0 1.0 1.0 1.0 0.0 0.0 1.0 1.0 1.0 0.0 1.0 1.0 1.0 1.0
236.60378093209414 97.29768437896216 4.0 3.0 4.0 3.0 None None 3.0 3.0 4.0 5.0 1.0 None 1.0 None 167.0641736047416 136.52315642124063 175.36336411346815 140.5400249984295 None None 108.73635406697396 141.97529958632822 175.36336411346815 243.0377695860393 39.99993863676586 None 29.99993863676586 None 1.0 1.0 1.0 1.0 0.0 0.0 1.0 1.0 1.0 1.0 1.0 1.0 1.0 1.0
169.39639810727854 135.9001741313344 4.0 3.0 5.0 3.0 None None 2.0 3.0 5.0 None 0.0 None 0.0 None 168.20628237134486 130.70273882165665 171.57218562539305 132.89624762262935 None None 107.92175171571776 133.1477774658008 180.11187988822482 None 59.99994478755207 None 29.999944787552067 None 1.0 1.0 1.0 1.0 0.0 0.0 1.0 1.0 1.0 0.0 1.0 1.0 1.0 1.0
218.07964215506541 105.56235223291007 4.0 3.0 4.0 3.0 None None 3.0 3.0 4.0 None 1.0 None 1.0 None 169.46157185137986 136.94309789215697 173.9493201706111 144.00307065769692 None None 96.47977505950142 137.70451679429908 160.32846513778412 None 39.99996150458064 None 29.99996150458064 None 1.0 1.0 1.0 1.0 0.0 0.0 1.0 1.0 1.0 0.0 1.0 1.0 1.0 1.0
221.0722201101374 104.13339128964742 3.0 2.0 4.0 3.0 None None 2.0 3.0 4.0 None 1.0 None 0.0 None 180.1059643249246 120.48995226147264 188.38693720666336 123.8526942648491 None None 119.1669686360093 160.91183688866656 211.22665137124207 None 39.99996491397971 None 29.99996491397971 None 1.0 1.0 1.0 1.0 0.0 0.0 1.0 1.0 1.0 0.0 1.0 1.0 1.0 1.0
204.4390106800023 112.6057102479016 4.0 3.0 4.0 3.0 None None 3.0 3.0 4.0 None 1.0 None 0.0 None 173.56697120227238 124.83577566994677 175.84990767330052 129.96137736680046 None None 94.89171911262233 133.09881455229927 175.08962217299148 None 59.999932865973 None 29.999932865973 None 1.0 1.0 1.0 1.0 0.0 0.0 1.0 1.0 1.0 0.0 1.0 1.0 1.0 1.0
252.38988332238065 91.21205532075545 3.0 2.0 3.0 2.0 None 5.0 1.0 2.0 4.0 None 1.0 None 0.0 None 178.17526291471972 126.95995113640518 184.90559616197444 128.18970138173654 None 269.63018991412565 105.0287894409972 141.88133927820044 201.06596408607876 None 49.99997966110303 None 29.999979661103033 None 1.0 1.0 1.0 1.0 0.0 1.0 1.0 1.0 1.0 0.0 1.0 1.0 1.0 1.0
161.72557168094778 142.34607279927152 5.0 3.0 5.0 3.0 None None 2.0 4.0 5.0 None 1.0 None 0.0 None 172.83478982430336 121.50703993564589 175.15380329702805 124.01411647040085 None None 103.01416048526924 145.9497445615686 185.80944136438524 None 39.99997064560817 None 29.999970645608173 None 1.0 1.0 1.0 1.0 0.0 0.0 1.0 1.0 1.0 0.0 1.0 1.0 1.0 1.0
147.13101171193085 156.46599402900202 5.0 3.0 None 4.0 None None 2.0 4.0 None None 1.0 None 0.0 None 172.28688300676723 122.05809359477732 None 125.23540930516643 None None 91.4253472246613 131.1416833659145 None None 49.99990606628288 None 29.999906066282882 None 1.0 1.0 0.0 1.0 0.0 0.0 1.0 1.0 0.0 0.0 1.0 1.0 1.0 1.0
135.7943508333342 169.5284071739817 None 4.0 None 5.0 None None 3.0 4.0 None None 2.0 None 1.0 None None 132.73479492102535 None 136.0975829447496 None None 96.57123233543022 131.84679044044617 None None 59.99998038725583 None 29.99998038725583 None 0.0 1.0 0.0 1.0 0.0 0.0 1.0 1.0 0.0 0.0 1.0 1.0 1.0 1.0
147.38988953720485 156.19117479689086 5.0 4.0 5.0 4.0 None None 4.0 4.0 None None 2.0 None 1.0 None 174.18771477369114 120.33057782834527 177.55380448480548 127.51312201158001 None None 113.6494135784661 144.67727686072928 None None 59.99998644617852 None 29.999986446178518 None 1.0 1.0 1.0 1.0 0.0 0.0 1.0 1.0 0.0 0.0 1.0 1.0 1.0 1.0
203.81298180205022 112.95158824749811 4.0 3.0 4.0 3.0 None None 3.0 4.0 5.0 None 1.0 None 0.0 None 176.6204240798883 130.87689629079418 184.73318295420356 134.64148633961315 None None 101.29019972820879 162.74875838969996 215.86433984234458 None 59.99994139260945 None 29.99994139260945 None 1.0 1.0 1.0 1.0 0.0 0.0 1.0 1.0 1.0 0.0 1.0 1.0 1.0 1.0
232.3122091656843 99.09509311919761 3.0 2.0 3.0 2.0 None None 2.0 2.0 3.0 None 2.0 None 0.0 None 169.2480294225957 131.69846492713893 172.39463226714636 137.64675251617481 None None 94.53222990548673 128.27895412548665 169.2480294225957 None 59.99993515176857 None 29.999935151768568 None 1.0 1.0 1.0 1.0 0.0 0.0 1.0 1.0 1.0 0.0 1.0 1.0 1.0 1.0
178.13679605126538 129.2321435565444 4.0 3.0 5.0 4.0 None None 3.0 4.0 5.0 None 1.0 None 0.0 None 175.73664455565668 119.67326905733282 180.8935294116789 123.14837031387992 None None 106.33684143690493 150.57826698830277 200.1057426041262 None 59.99998896995401 None 29.99998896995401 None 1.0 1.0 1.0 1.0 0.0 0.0 1.0 1.0 1.0 0.0 1.0 1.0 1.0 1.0
138.47709975492432 166.24409408301 None 4.0 None 4.0 None None 4.0 5.0 None None 2.0 None 1.0 None None 134.2522032035733 None 137.73077622053864 None None 109.43114990973365 141.71892487548158 None None 59.9999947456358 None 29.999994745635803 None 0.0 1.0 0.0 1.0 0.0 0.0 1.0 1.0 0.0 0.0 1.0 1.0 1.0 1.0
194.3674833927819 118.44059303622653 4.0 3.0 4.0 3.0 None None 3.0 3.0 5.0 None 1.0 None 0.0 None 172.4433640554676 120.80612813975142 179.58110406704586 126.58991644772925 None None 112.40337741374466 151.68258179836016 204.07735739271425 None 39.999936734477664 None 29.999936734477664 None 1.0 1.0 1.0 1.0 0.0 0.0 1.0 1.0 1.0 0.0 1.0 1.0 1.0 1.0
214.28718969722635 107.43059364643847 3.0 3.0 3.0 3.0 None None 3.0 3.0 3.0 None 1.0 None 0.0 None 168.70744853608534 126.56093229609647 176.58259236657446 128.7582330081098 None None 97.701023187184 140.85559310389067 175.8213949508475 None 39.999961625995674 None 29.999961625995674 None 1.0 1.0 1.0 1.0 0.0 0.0 1.0 1.0 1.0 0.0 1.0 1.0 1.0 1.0
251.24485103081685 91.6277484117528 4.0 2.0 4.0 2.0 None None 2.0 2.0 3.0 None 1.0 None 1.0 None 165.17198426745404 127.31240698465473 167.78839242458307 133.24197209422567 None None 91.02496274768424 122.81535366066822 155.98873438372334 None 39.99996771427498 None 29.99996771427498 None 1.0 1.0 1.0 1.0 0.0 0.0 1.0 1.0 1.0 0.0 1.0 1.0 1.0 1.0
191.91444889007704 119.95449083245292 4.0 3.0 4.0 3.0 None None 3.0 3.0 4.0 None 1.0 None 0.0 None 166.42354555488748 116.01730865124289 172.03088844837265 118.73152180438193 None None 95.95826385139084 135.9701535117414 171.6747928096238 None 39.99992588340619 None 29.999925883406192 None 1.0 1.0 1.0 1.0 0.0 0.0 1.0 1.0 1.0 0.0 1.0 1.0 1.0 1.0
165.27615241712823 139.28809246417478 5.0 4.0 5.0 4.0 None None 4.0 4.0 5.0 None 2.0 None 1.0 None 172.10010331837304 126.70870642339584 178.8121801898153 132.05584508042836 None None 105.9250005082372 147.57176550700513 192.9890570183565 None 59.99992833756288 None 29.999928337562878 None 1.0 1.0 1.0 1.0 0.0 0.0 1.0 1.0 1.0 0.0 1.0 1.0 1.0 1.0
223.05735692623426 103.20663849528673 4.0 3.0 4.0 3.0 None None 2.0 3.0 4.0 None 1.0 None 0.0 None 169.47325025467575 138.5257678694461 175.10500218176372 142.38269299887986 None None 99.40292521849125 138.35921689866868 189.33579734688595 None 39.9999370340596 None 29.9999370340596 None 1.0 1.0 1.0 1.0 0.0 0.0 1.0 1.0 1.0 0.0 1.0 1.0 1.0 1.0
149.64274445366937 153.83973398808848 5.0 4.0 5.0 4.0 None None 3.0 4.0 None None 2.0 None 0.0 None 170.46099277704775 143.64785072381096 177.33578551065125 145.16790143656843 None None 106.8266441276308 140.35744844758648 None None 69.99999865635684 None 29.999998656356844 None 1.0 1.0 1.0 1.0 0.0 0.0 1.0 1.0 0.0 0.0 1.0 1.0 1.0 1.0
202.11332109196434 113.90144833415077 4.0 3.0 4.0 4.0 None None 3.0 4.0 4.0 None 1.0 None 0.0 None 177.3475636732314 126.4916290225002 179.89389500276195 129.25141744005583 None None 110.47108835142899 143.54945300172815 189.702413326383 None 59.99998706234726 None 29.99998706234726 None 1.0 1.0 1.0 1.0 0.0 0.0 1.0 1.0 1.0 0.0 1.0 1.0 1.0 1.0
222.86060080453635 103.29775616189313 4.0 3.0 4.0 3.0 None None 3.0 3.0 5.0 None 1.0 None 0.0 None 180.75676692945336 121.39917146218107 187.75471140080577 126.46087196131157 None None 101.6409989430341 148.79309467827883 223.94094020713194 None 59.99996616453817 None 29.999966164538172 None 1.0 1.0 1.0 1.0 0.0 0.0 1.0 1.0 1.0 0.0 1.0 1.0 1.0 1.0
197.14811246169015 116.77007561750531 4.0 3.0 4.0 3.0 None None 3.0 3.0 4.0 None 1.0 None 0.0 None 172.53134478311296 111.03587533048193 175.8672977113125 114.53486125011011 None None 96.31205507485109 128.8927260549986 175.10572245836923 None 39.9999031055843 None 29.999903105584302 None 1.0 1.0 1.0 1.0 0.0 0.0 1.0 1.0 1.0 0.0 1.0 1.0 1.0 1.0
225.41969590694208 102.12506013451258 4.0 3.0 4.0 3.0 None None 3.0 4.0 4.0 None 2.0 None 0.0 None 173.84171469167455 133.23068121798167 182.16503367796122 135.52896305104127 None None 109.29246153465424 149.66841004875982 184.4468424561157 None 79.99998565070494 None 29.999985650704943 None 1.0 1.0 1.0 1.0 0.0 0.0 1.0 1.0 1.0 0.0 1.0 1.0 1.0 1.0
175.55758527551086 131.13076238700853 4.0 3.0 5.0 3.0 None None 2.0 3.0 None None 1.0 None 1.0 None 174.93832473974635 134.16141275729666 184.07337991481478 138.06425736391674 None None 113.29548539594727 149.33972634604635 None None 59.99995799265038 None 29.99995799265038 None 1.0 1.0 1.0 1.0 0.0 0.0 1.0 1.0 0.0 0.0 1.0 1.0 1.0 1.0
231.72790120085241 99.3449639888048 4.0 3.0 4.0 3.0 None None 2.0 3.0 4.0 None 1.0 None 0.0 None 172.7413139317671 137.64278032695117 181.487405784414 143.8048860036744 None None 122.06152684109767 147.1136063222191 183.3323519063173 None 49.999998813297765 None 29.999998813297765 None 1.0 1.0 1.0 1.0 0.0 0.0 1.0 1.0 1.0 0.0 1.0 1.0 1.0 1.0
259.6069211664609 88.67637232691054 3.0 2.0 3.0 2.0 None 5.0 2.0 3.0 4.0 None 1.0 None 0.0 None 180.2084018992551 127.31722699784302 189.62519530511193 132.65833896606605 None 266.03609430438814 106.77711666109187 157.89866560672093 219.92412989620036 None 59.9999059253358 None 29.999905925335803 None 1.0 1.0 1.0 1.0 0.0 1.0 1.0 1.0 1.0 0.0 1.0 1.0 1.0 1.0
257.2033740991919 89.50504666055363 3.0 2.0 3.0 2.0 None 5.0 2.0 2.0 3.0 5.0 1.0 None 0.0 None 173.67167535147436 122.1121066577688 181.6772702545068 130.05593007699994 None 276.97542325882296 103.15985978911112 137.44640666484432 183.1998548266079 285.66764026186695 39.99999550923593 None 29.99999550923593 None 1.0 1.0 1.0 1.0 0.0 1.0 1.0 1.0 1.0 1.0 1.0 1.0 1.0 1.0
150.39511574341032 153.0701305438417 5.0 4.0 5.0 4.0 None None 3.0 4.0 None None 1.0 None 1.0 None 168.85192607320056 144.98740983540048 177.50788732187476 146.4561611902754 None None 113.30169869185616 146.46682595053528 None None 39.99996768509231 None 29.999967685092308 None 1.0 1.0 1.0 1.0 0.0 0.0 1.0 1.0 0.0 0.0 1.0 1.0 1.0 1.0
217.89701370018915 105.65082838480414 3.0 3.0 3.0 3.0 None None 2.0 3.0 4.0 None 1.0 None 1.0 None 180.22309154289565 142.28400775031483 187.5115362437887 145.47958067500042 None None 113.90468463742002 158.73750210475944 212.16906865071243 None 79.9999322358901 None 29.999932235890093 None 1.0 1.0 1.0 1.0 0.0 0.0 1.0 1.0 1.0 0.0 1.0 1.0 1.0 1.0
220.71358482278112 104.30259659134434 3.0 2.0 3.0 3.0 None 5.0 2.0 3.0 3.0 None 1.0 None 0.0 None 176.07236174047028 124.63186493458888 184.2152849315553 127.80777260879516 None 250.30723222025642 109.42071581325679 161.42560378036433 194.87287836638234 None 59.99993877933973 None 29.99993877933973 None 1.0 1.0 1.0 1.0 0.0 1.0 1.0 1.0 1.0 0.0 1.0 1.0 1.0 1.0
221.4779965612998 103.94260539388769 3.0 3.0 3.0 3.0 None None 2.0 3.0 4.0 None 1.0 None 0.0 None 173.86929590268858 125.00528633151637 182.84770815990242 127.98796659836898 None None 111.03534603142353 150.47788554142429 195.15959558707513 None 59.99992301320157 None 29.999923013201567 None 1.0 1.0 1.0 1.0 0.0 0.0 1.0 1.0 1.0 0.0 1.0 1.0 1.0 1.0
197.9577872625439 116.29246981563864 4.0 2.0 4.0 2.0 None None 1.0 3.0 4.0 None 0.0 None 0.0 None 163.8716391253643 105.47970600120455 169.80090258477725 108.98021564595469 None None 93.29712142006666 129.00869034095814 162.3496785178528 None 29.999907858036508 None 29.999907858036508 None 1.0 1.0 1.0 1.0 0.0 0.0 1.0 1.0 1.0 0.0 1.0 1.0 1.0 1.0
172.93569819489437 133.11884266981065 5.0 3.0 5.0 3.0 None None 3.0 3.0 5.0 None 1.0 None 1.0 None 173.0123335127284 129.96122110689558 175.7719232687742 132.57966934353246 None None 111.30739931165212 142.88201351328073 175.7719232687742 None 49.999959823525955 None 29.999959823525955 None 1.0 1.0 1.0 1.0 0.0 0.0 1.0 1.0 1.0 0.0 1.0 1.0 1.0 1.0
199.04068820498202 115.65976890258652 4.0 3.0 4.0 3.0 None 5.0 3.0 3.0 4.0 None 1.0 None 0.0 None 170.1300472814674 102.2058798722443 177.5546694681551 105.93281364747854 None 216.50566721502668 103.06662031679001 144.8618870374205 176.7934563696682 None 39.99992548454709 None 29.99992548454709 None 1.0 1.0 1.0 1.0 0.0 1.0 1.0 1.0 1.0 0.0 1.0 1.0 1.0 1.0
173.50793760408772 132.67980887727202 4.0 4.0 5.0 4.0 None None 3.0 4.0 5.0 None 2.0 None 0.0 None 165.86275629189308 137.93555127246472 175.06214792534837 141.03983355422645 None None 97.39440851776831 142.6856758038554 175.82276479876833 None 69.99999195267591 None 29.999991952675906 None 1.0 1.0 1.0 1.0 0.0 0.0 1.0 1.0 1.0 0.0 1.0 1.0 1.0 1.0
214.67982322758007 107.23411103052592 3.0 3.0 3.0 3.0 None None 2.0 3.0 4.0 None 1.0 None 1.0 None 174.21458537449053 138.90421048018982 180.2351336803921 141.14467937831762 None None 103.93759352934462 144.88412427620165 200.39822419994556 None 69.99997997668511 None 29.99997997668511 None 1.0 1.0 1.0 1.0 0.0 0.0 1.0 1.0 1.0 0.0 1.0 1.0 1.0 1.0
176.59117925919992 130.36324971934107 4.0 4.0 5.0 4.0 None None 3.0 4.0 5.0 None 3.0 None 1.0 None 175.10591653366143 163.47170852139203 178.47363353909978 166.07383052204875 None None 119.30970906992249 156.24846755503998 191.88082328951344 None 89.99992597039721 None 29.999925970397214 None 1.0 1.0 1.0 1.0 0.0 0.0 1.0 1.0 1.0 0.0 1.0 1.0 1.0 1.0
219.37292970652845 104.94002168269763 3.0 3.0 3.0 3.0 None None 2.0 3.0 3.0 None 1.0 None 1.0 None 172.63854690581877 130.30218588487895 175.683528162463 134.9092358163091 None None 109.82768613091555 149.15471065845838 184.6818670816744 None 39.99993263112991 None 29.99993263112991 None 1.0 1.0 1.0 1.0 0.0 0.0 1.0 1.0 1.0 0.0 1.0 1.0 1.0 1.0
196.38436330278512 117.22420060759245 3.0 3.0 4.0 3.0 None None 1.0 3.0 4.0 None 1.0 None 0.0 None 171.0201256721941 144.10162474960995 177.8862752851418 148.2007202699392 None None 97.40914883902371 147.93965536649858 189.7646470639345 None 79.99995741539357 None 29.999957415393574 None 1.0 1.0 1.0 1.0 0.0 0.0 1.0 1.0 1.0 0.0 1.0 1.0 1.0 1.0
312.6589376124874 73.62975188168923 3.0 2.0 3.0 2.0 None 4.0 1.0 2.0 3.0 5.0 0.0 None 0.0 None 176.60244408976666 135.42316239570627 183.32421653679376 138.43874160201992 None 281.96710877514533 114.1611647058125 144.33993103564197 188.7308125511426 334.1185351102779 29.999956038360807 None 29.999956038360807 None 1.0 1.0 1.0 1.0 0.0 1.0 1.0 1.0 1.0 1.0 1.0 1.0 1.0 1.0
255.45095644966216 90.11905972071159 3.0 3.0 4.0 3.0 None 4.0 3.0 3.0 4.0 5.0 1.0 None 1.0 None 175.4932539932741 115.2174059206597 179.84796586704684 118.0627428576916 None 243.37649249148774 108.07419650433977 148.7428190648897 195.95222834301305 275.99052772558935 39.99991947630104 None 29.999919476301038 None 1.0 1.0 1.0 1.0 0.0 1.0 1.0 1.0 1.0 1.0 1.0 1.0 1.0 1.0
175.91894806419936 130.8614009651694 4.0 3.0 5.0 3.0 None None 3.0 3.0 5.0 None 1.0 None 1.0 None 172.06218574582385 136.2466151399808 180.3069693603828 138.88442990735246 None None 113.90141867327881 148.92129449386385 190.151912468657 None 29.999900453943617 None 29.999900453943617 None 1.0 1.0 1.0 1.0 0.0 0.0 1.0 1.0 1.0 0.0 1.0 1.0 1.0 1.0
209.20946241995188 110.03804385190435 3.0 3.0 4.0 3.0 None None 2.0 3.0 4.0 None 1.0 None 0.0 None 175.27429239306957 154.9213020143339 179.76474107921007 159.22218537950795 None None 102.29401989218825 143.91856589874072 188.78483948395728 None 59.999903956962655 None 29.999903956962655 None 1.0 1.0 1.0 1.0 0.0 0.0 1.0 1.0 1.0 0.0 1.0 1.0 1.0 1.0
200.20005873017678 114.98997625683499 4.0 3.0 4.0 3.0 None None 2.0 3.0 4.0 None 1.0 None 1.0 None 175.87836633605596 132.8691683368851 184.5461564066415 134.6144961785434 None None 104.8258331775705 141.2800199101933 197.06839726126398 None 29.999926979176188 None 29.999926979176188 None 1.0 1.0 1.0 1.0 0.0 0.0 1.0 1.0 1.0 0.0 1.0 1.0 1.0 1.0
274.0548958462561 84.00141850746103 3.0 3.0 3.0 3.0 None 4.0 2.0 3.0 3.0 4.0 2.0 None 1.0 None 171.29001192070314 130.30892590904972 179.6315802916647 134.17645758003584 None 258.58333124211885 105.04757514686715 147.49151088782327 180.39266805007748 273.4118409828272 69.99994551699588 None 29.99994551699588 None 1.0 1.0 1.0 1.0 0.0 1.0 1.0 1.0 1.0 1.0 1.0 1.0 1.0 1.0
188.41299090471097 122.18371933622544 4.0 4.0 4.0 4.0 None None 3.0 4.0 5.0 None 2.0 None 0.0 None 178.94765031583603 136.89689053358703 181.39942817451373 145.9982036705235 None None 112.65777243499286 153.46539071779705 200.327024890923 None 69.99992623352475 None 29.99992623352474 None 1.0 1.0 1.0 1.0 0.0 0.0 1.0 1.0 1.0 0.0 1.0 1.0 1.0 1.0
225.5380165829108 102.0714837737219 4.0 3.0 4.0 4.0 None None 3.0 4.0 4.0 None 3.0 None 0.0 None 174.11577529061324 142.49826347543564 181.73433265847447 149.59171178102162 None None 114.47846175794922 149.9282906478233 185.34924584051535 None 99.99999512089278 None 29.99999512089277 None 1.0 1.0 1.0 1.0 0.0 0.0 1.0 1.0 1.0 0.0 1.0 1.0 1.0 1.0
193.15385126761572 119.1847837820447 3.0 3.0 4.0 3.0 None None 3.0 3.0 3.0 None 1.0 None 0.0 None 168.9085004845577 123.39072129649854 173.95881608523933 129.12314024585805 None None 103.25006686487019 136.27755383720847 168.9085004845577 None 59.9999572268825 None 29.9999572268825 None 1.0 1.0 1.0 1.0 0.0 0.0 1.0 1.0 1.0 0.0 1.0 1.0 1.0 1.0
173.3190272448797 132.8244242190097 4.0 3.0 5.0 3.0 None None 2.0 3.0 5.0 None 0.0 None 0.0 None 169.01107940196928 137.41113632935705 176.86396015634404 140.2631633115077 None None 111.657719235212 146.43587858325327 178.30512283800942 None 49.99991641153423 None 29.99991641153423 None 1.0 1.0 1.0 1.0 0.0 0.0 1.0 1.0 1.0 0.0 1.0 1.0 1.0 1.0
149.74844974009363 153.73114072269664 5.0 4.0 5.0 4.0 None None 3.0 4.0 None None 2.0 None 0.0 None 169.6485139374405 137.7678353592932 175.63999119901808 142.88340339281888 None None 101.54470081341903 134.8569911054135 None None 69.9999290114841 None 29.9999290114841 None 1.0 1.0 1.0 1.0 0.0 0.0 1.0 1.0 0.0 0.0 1.0 1.0 1.0 1.0
158.10696451277892 145.60395913577443 5.0 4.0 5.0 4.0 None None 3.0 4.0 None None 1.0 None 0.0 None 173.93026255460418 151.73276854016285 180.22627410035676 152.78094642822003 None None 108.83143052422301 141.74615195849964 None None 59.999920331878684 None 29.999920331878684 None 1.0 1.0 1.0 1.0 0.0 0.0 1.0 1.0 0.0 0.0 1.0 1.0 1.0 1.0
187.76260358354506 122.60694920411451 4.0 3.0 4.0 3.0 None None 3.0 3.0 5.0 None 1.0 None 0.0 None 174.9277378480638 120.76824113031748 181.92896664506168 122.6053257730675 None None 106.45670654781404 150.03245847567734 192.50516747347757 None 49.99998572059823 None 29.999985720598232 None 1.0 1.0 1.0 1.0 0.0 0.0 1.0 1.0 1.0 0.0 1.0 1.0 1.0 1.0
259.01256705318974 88.87985730542759 3.0 2.0 3.0 2.0 None 5.0 2.0 3.0 3.0 None 1.0 None 0.0 None 183.55924076728945 124.49433247858583 192.92949029393816 129.78841332435485 None 269.15288986959064 119.9959638434902 172.21794783294007 224.90561820589267 None 39.9999085177714 None 29.999908517771402 None 1.0 1.0 1.0 1.0 0.0 1.0 1.0 1.0 1.0 0.0 1.0 1.0 1.0 1.0
137.68599764295948 167.1992823823445 None 4.0 None 4.0 None None 3.0 4.0 None None 1.0 None 0.0 2.0 None 131.18460464783124 None 133.1648540821525 None None 96.83365447137761 136.07312484860796 None None 39.99994403069259 None 29.99994403069259 79.99994403069259 0.0 1.0 0.0 1.0 0.0 0.0 1.0 1.0 0.0 0.0 1.0 1.0 1.0 1.0
283.7289166084421 81.13730625408884 3.0 2.0 3.0 2.0 None 4.0 2.0 2.0 3.0 None 1.0 None 1.0 None 177.76263349147592 133.9869299742053 180.5582482664852 136.01898765968662 None 270.5292374849498 101.95865771952896 145.3362317944693 180.04510818614577 None 69.99991927321614 None 29.999919273216136 None 1.0 1.0 1.0 1.0 0.0 1.0 1.0 1.0 1.0 0.0 1.0 1.0 1.0 1.0
264.51418517909576 87.03124932378607 3.0 2.0 3.0 2.0 None 4.0 1.0 2.0 3.0 None 1.0 None 0.0 None 166.05008607151797 141.9712262385858 171.9717160641489 144.15277914381454 None 261.0533915913324 93.23174696179827 133.4674882156628 166.81100816656516 None 89.9999522785403 None 29.999952278540306 None 1.0 1.0 1.0 1.0 0.0 1.0 1.0 1.0 1.0 0.0 1.0 1.0 1.0 1.0
186.97234422077327 123.12516108166915 4.0 3.0 4.0 3.0 None None 2.0 3.0 5.0 None 1.0 None 0.0 None 173.35146217127115 129.00348916617926 182.39830765434002 136.35995815236348 None None 96.3437050108684 141.65098322279172 194.95136137566988 None 59.999992794472654 None 29.999992794472654 None 1.0 1.0 1.0 1.0 0.0 0.0 1.0 1.0 1.0 0.0 1.0 1.0 1.0 1.0
160.98440046478862 143.00143326641935 5.0 4.0 5.0 4.0 None None 3.0 4.0 None None 1.0 None 0.0 None 173.02192672758792 127.49191071339968 182.53321936223688 130.29009233136588 None None 107.59349301773457 139.37129701213092 None None 49.9999951782875 None 29.9999951782875 None 1.0 1.0 1.0 1.0 0.0 0.0 1.0 1.0 0.0 0.0 1.0 1.0 1.0 1.0
242.04047992251645 95.1121895286674 3.0 2.0 3.0 2.0 None 5.0 2.0 2.0 3.0 None 1.0 None 0.0 None 170.14362843285647 118.14959765334454 177.3437907309413 122.57524788535811 None 242.19308591734068 111.00798568939352 141.51267176302264 177.3437907309413 None 59.999995350356514 None 29.999995350356514 None 1.0 1.0 1.0 1.0 0.0 1.0 1.0 1.0 1.0 0.0 1.0 1.0 1.0 1.0
192.188576589871 119.78339404181469 4.0 3.0 4.0 3.0 None None 3.0 3.0 4.0 None 2.0 None 0.0 None 164.1875046016367 132.5555113293388 171.0892760928565 134.97042364216048 None None 96.65575206554064 128.03798542028252 160.805273872958 None 59.999994566299534 None 29.999994566299534 None 1.0 1.0 1.0 1.0 0.0 0.0 1.0 1.0 1.0 0.0 1.0 1.0 1.0 1.0
143.96724305954268 159.90443041601387 5.0 4.0 5.0 4.0 None None 3.0 4.0 5.0 None 1.0 None 0.0 None 164.10648254190042 132.71901927952115 170.28958584648515 133.4304670324019 None None 105.04035760250247 129.0856821520052 152.6830744917943 None 49.9999217118419 None 29.9999217118419 None 1.0 1.0 1.0 1.0 0.0 0.0 1.0 1.0 1.0 0.0 1.0 1.0 1.0 1.0
173.96343719556717 132.3324048496474 5.0 3.0 5.0 3.0 None None 3.0 3.0 5.0 None 1.0 None 1.0 None 176.54090979138786 116.93337064542575 180.46585517936356 122.04351866300411 None None 108.53335664694106 145.96403151487945 190.93560363379675 None 39.999907156576334 None 29.999907156576334 None 1.0 1.0 1.0 1.0 0.0 0.0 1.0 1.0 1.0 0.0 1.0 1.0 1.0 1.0
241.4345690678971 95.35088570322318 3.0 2.0 3.0 2.0 None 5.0 1.0 3.0 3.0 None 1.0 None 1.0 None 171.36309720665417 133.64884873085617 182.0025645634712 135.69082097298633 None 256.0091139281132 106.78824542106737 147.82404959023654 182.76374376333024 None 59.99991171995718 None 29.999911719957183 None 1.0 1.0 1.0 1.0 0.0 1.0 1.0 1.0 1.0 0.0 1.0 1.0 1.0 1.0
253.99662032995482 90.63506423862854 3.0 2.0 3.0 2.0 None 5.0 1.0 2.0 3.0 None 1.0 None 0.0 0.0 168.49394944381748 132.0360437340984 172.2370732358388 139.6658857773424 None 284.7349503897122 96.17529908812827 128.85618101226572 168.49394944381748 None 59.99997886720805 None 29.99997886720805 29.99997886720805 1.0 1.0 1.0 1.0 0.0 1.0 1.0 1.0 1.0 0.0 1.0 1.0 1.0 1.0
159.9110585993209 143.96127573442104 5.0 3.0 5.0 3.0 None None 3.0 4.0 None None 2.0 None 0.0 None 175.03354083679486 122.32754513742611 184.16978479341614 127.98981832031419 None None 110.93494095952065 150.02350259513605 None None 59.99998878294514 None 29.999988782945138 None 1.0 1.0 1.0 1.0 0.0 0.0 1.0 1.0 0.0 0.0 1.0 1.0 1.0 1.0
168.3049144655733 136.7815079737849 5.0 3.0 5.0 3.0 None None 2.0 3.0 5.0 None 1.0 None 0.0 None 169.419279480341 123.31915236447092 176.20023764369193 125.38188140549825 None None 87.59745944264328 119.99208045470938 169.419279480341 None 59.99998122366527 None 29.999981223665273 None 1.0 1.0 1.0 1.0 0.0 0.0 1.0 1.0 1.0 0.0 1.0 1.0 1.0 1.0
250.1842472433333 92.01618508622327 3.0 2.0 3.0 2.0 None 5.0 2.0 3.0 3.0 None 0.0 None 0.0 None 172.33198218566793 121.68670448843699 182.23586728080414 123.66991155788361 None 273.7774040148038 106.89720013840497 142.52735067251666 194.93532078693656 None 59.99991909121934 None 29.99991909121934 None 1.0 1.0 1.0 1.0 0.0 1.0 1.0 1.0 1.0 0.0 1.0 1.0 1.0 1.0
177.60965958110688 129.61569801042987 4.0 3.0 5.0 3.0 None None 2.0 3.0 5.0 None 1.0 None 1.0 None 174.7393636381172 138.99535340655927 182.63159995777022 144.88727406262444 None None 112.80922507971908 153.00490664419274 196.87101512508866 None 49.99995586289037 None 29.999955862890367 None 1.0 1.0 1.0 1.0 0.0 0.0 1.0 1.0 1.0 0.0 1.0 1.0 1.0 1.0
187.28088728652943 122.92231382254793 4.0 2.0 4.0 3.0 None None 2.0 3.0 5.0 None 1.0 None 1.0 None 174.5296055588899 125.00776935239841 178.60634586563322 130.73382904925705 None None 95.94703010699354 142.27235195369911 193.95581189756345 None 59.99999270918355 None 29.99999270918355 None 1.0 1.0 1.0 1.0 0.0 0.0 1.0 1.0 1.0 0.0 1.0 1.0 1.0 1.0
260.12617534473554 88.49935985677384 3.0 2.0 3.0 2.0 None 5.0 1.0 3.0 3.0 None 1.0 None 1.0 None 176.7060661053497 129.39371260444628 185.02946972528656 134.48831625709508 None 282.4517688756799 102.97083893501372 153.62788099784606 196.90348376131138 None 79.99994705159 None 29.999947051590006 None 1.0 1.0 1.0 1.0 0.0 1.0 1.0 1.0 1.0 0.0 1.0 1.0 1.0 1.0
169.05993999109043 136.1706386575863 5.0 3.0 5.0 4.0 None None 2.0 3.0 5.0 None 0.0 None 0.0 None 170.92937688154055 137.45085142231855 175.09523342805 142.7586262038865 None None 99.47729938303945 131.90371828840352 181.98763226846344 None 29.999957147659103 None 29.999957147659103 None 1.0 1.0 1.0 1.0 0.0 0.0 1.0 1.0 1.0 0.0 1.0 1.0 1.0 1.0
258.5218309447622 89.04857247788426 3.0 2.0 3.0 2.0 None 4.0 1.0 2.0 3.0 None 1.0 None 0.0 None 170.00426378950704 127.87731656696582 174.1699210300914 133.01337157289902 None 254.15565121688712 106.3214703020752 138.26934052814858 170.44416816045043 None 59.99995211838961 None 29.999952118389608 None 1.0 1.0 1.0 1.0 0.0 1.0 1.0 1.0 1.0 0.0 1.0 1.0 1.0 1.0
203.7642081073296 112.9786247242894 3.0 3.0 3.0 3.0 None None 3.0 3.0 3.0 None 1.0 None 0.0 None 164.5547276226494 126.14762377196192 170.68222776618256 129.609682659621 None None 94.77314706966487 127.89111613577907 169.16035834485737 None 59.99994415021941 None 29.999944150219413 None 1.0 1.0 1.0 1.0 0.0 0.0 1.0 1.0 1.0 0.0 1.0 1.0 1.0 1.0
171.78937818563804 134.00712106381326 5.0 4.0 5.0 4.0 None None 2.0 4.0 5.0 None 1.0 None 0.0 None 177.2714495100032 145.76015327315855 180.5436366136734 150.08235656002518 None None 112.62638428693025 155.1268304730794 198.48731864169451 None 59.99998202640903 None 29.99998202640903 None 1.0 1.0 1.0 1.0 0.0 0.0 1.0 1.0 1.0 0.0 1.0 1.0 1.0 1.0
255.63836552659873 90.05299322962814 3.0 2.0 3.0 3.0 None 4.0 2.0 3.0 4.0 None 1.0 None 0.0 None 178.79845641551404 119.4173933197853 183.0359133919734 126.38325323304574 None 254.0446463182121 117.03828311300225 157.8396405089754 194.25853351492398 None 39.99992093582491 None 29.99992093582491 None 1.0 1.0 1.0 1.0 0.0 1.0 1.0 1.0 1.0 0.0 1.0 1.0 1.0 1.0
194.8225111073093 118.16396303053453 4.0 3.0 4.0 3.0 None None 3.0 3.0 4.0 None 2.0 None 1.0 None 168.19053894867974 143.28529541318252 172.68644692869526 144.83975883997707 None None 104.84279647959542 137.4952123087718 180.58697653267714 None 59.999949984396714 None 29.999949984396714 None 1.0 1.0 1.0 1.0 0.0 0.0 1.0 1.0 1.0 0.0 1.0 1.0 1.0 1.0
170.20508705298138 135.25447681146 4.0 4.0 4.0 4.0 None None 3.0 4.0 4.0 None 2.0 None 1.0 None 162.45784443838468 126.31525945257738 167.69107151098345 127.17097862189925 None None 84.96752194272906 121.52050858972163 151.19026155282916 None 59.9999519314185 None 29.9999519314185 None 1.0 1.0 1.0 1.0 0.0 0.0 1.0 1.0 1.0 0.0 1.0 1.0 1.0 1.0
210.62776282107149 109.29708264316687 4.0 3.0 4.0 3.0 None None 3.0 4.0 5.0 None 1.0 None 1.0 None 178.28841581131766 130.18040315564176 182.77767666108505 132.93199636219651 None None 115.25951998693503 153.6972959091778 218.33763389825475 None 49.999908557301175 None 29.999908557301175 None 1.0 1.0 1.0 1.0 0.0 0.0 1.0 1.0 1.0 0.0 1.0 1.0 1.0 1.0
250.06540344876305 92.05991585604072 3.0 3.0 3.0 3.0 None 5.0 2.0 3.0 4.0 None 1.0 None 1.0 None 176.40550138769058 126.17417680626181 185.53794797041456 130.24380504972086 None 275.6879975184068 118.9833520454132 151.8493772149371 209.66908718894734 None 39.99998611622767 None 29.999986116227667 None 1.0 1.0 1.0 1.0 0.0 1.0 1.0 1.0 1.0 0.0 1.0 1.0 1.0 1.0
233.45931484092765 98.60818796493872 3.0 2.0 3.0 2.0 None 5.0 1.0 2.0 3.0 None 1.0 None 0.0 None 169.56926354788334 120.55625244083927 178.20440617552063 125.3766515448819 None 261.374746570556 94.55216394101322 137.16855204513553 178.20440617552063 None 59.99992484663718 None 29.999924846637178 None 1.0 1.0 1.0 1.0 0.0 1.0 1.0 1.0 1.0 0.0 1.0 1.0 1.0 1.0
241.99389696867846 95.13049828268865 4.0 2.0 4.0 2.0 None 5.0 2.0 2.0 4.0 None 2.0 None 1.0 None 167.09348227749237 115.17236272582849 170.45691320727485 120.64950974078451 None 248.79227205599423 94.02350126450142 131.28393608919328 180.07051679274733 None 59.99997755344876 None 29.99997755344876 None 1.0 1.0 1.0 1.0 0.0 1.0 1.0 1.0 1.0 0.0 1.0 1.0 1.0 1.0
185.42028998350733 124.15577605906915 4.0 3.0 5.0 3.0 None None 3.0 4.0 5.0 None 1.0 None 1.0 None 179.74566757863127 120.89862411615778 189.0308824879676 124.80230774317894 None None 112.75371313438279 159.4945378778751 210.2176084542621 None 49.99993153087385 None 29.99993153087385 None 1.0 1.0 1.0 1.0 0.0 0.0 1.0 1.0 1.0 0.0 1.0 1.0 1.0 1.0
229.12835199416432 100.47207078321902 3.0 3.0 3.0 3.0 None None 2.0 2.0 3.0 None 2.0 None 0.0 None 170.1361742373835 137.43639610221217 179.9914877396669 140.01376256816988 None None 95.55898190641165 126.48397977033162 180.7526901212527 None 89.99994522628569 None 29.999945226285696 None 1.0 1.0 1.0 1.0 0.0 0.0 1.0 1.0 1.0 0.0 1.0 1.0 1.0 1.0
173.17251099633697 132.93680311932968 4.0 3.0 5.0 3.0 None None 3.0 3.0 5.0 None 2.0 None 1.0 None 170.34666563589386 131.4440212648205 177.9640462034506 138.2356251809866 None None 101.61769664894024 137.47536773437912 180.46641873668753 None 69.99994846207966 None 29.99994846207965 None 1.0 1.0 1.0 1.0 0.0 0.0 1.0 1.0 1.0 0.0 1.0 1.0 1.0 1.0
242.17001761558288 95.06131364512348 4.0 3.0 4.0 3.0 None None 3.0 3.0 4.0 None 1.0 None 0.0 None 168.0925464936092 133.63232211809753 175.74656225407986 139.08520442257893 None None 98.81206334673186 135.23246360383823 167.33150093932844 None 39.99995457885205 None 29.999954578852048 None 1.0 1.0 1.0 1.0 0.0 0.0 1.0 1.0 1.0 0.0 1.0 1.0 1.0 1.0
263.07815589465855 87.50631507854283 3.0 2.0 3.0 2.0 None 5.0 2.0 2.0 3.0 None 1.0 None 0.0 None 177.62611225092013 135.66801526439687 185.3786027991271 139.10679267367695 None 272.7023867217348 108.74712293825596 146.18235607429784 197.94660573044098 None 49.99995091227924 None 29.99995091227924 None 1.0 1.0 1.0 1.0 0.0 1.0 1.0 1.0 1.0 0.0 1.0 1.0 1.0 1.0
213.10499883166847 108.02656026940164 4.0 3.0 4.0 3.0 None 5.0 2.0 3.0 4.0 None 1.0 None 0.0 None 171.40237119094087 119.57758162139639 180.38664975885143 120.33372650147182 None 238.45180215564397 104.55885824347085 129.85725385648294 183.50938422307195 None 59.99997125120619 None 29.99997125120619 None 1.0 1.0 1.0 1.0 0.0 1.0 1.0 1.0 1.0 0.0 1.0 1.0 1.0 1.0
174.33364819696487 132.051386740846 5.0 3.0 5.0 3.0 None None 3.0 4.0 5.0 None 1.0 None 1.0 None 181.01909526144064 121.87130336467817 185.506585195363 124.235573689973 None None 116.31626866425779 150.68102967028068 195.57159143616838 None 49.99996403699196 None 29.999964036991962 None 1.0 1.0 1.0 1.0 0.0 0.0 1.0 1.0 1.0 0.0 1.0 1.0 1.0 1.0
169.87975982547212 135.51349509588948 5.0 4.0 5.0 4.0 None None 3.0 4.0 5.0 None 1.0 None 1.0 None 176.5277191287424 139.43581149638717 183.024904640048 144.60235175239958 None None 111.655759724024 150.3982466754668 193.24017032024926 None 49.99995548657798 None 29.99995548657798 None 1.0 1.0 1.0 1.0 0.0 0.0 1.0 1.0 1.0 0.0 1.0 1.0 1.0 1.0
213.7312864842031 107.71001465759429 4.0 3.0 4.0 3.0 None None 2.0 3.0 4.0 5.0 1.0 None 1.0 None 174.1245733666612 122.53439840762555 181.50897632333977 124.60246501374836 None None 112.73177157816711 145.3215849084387 204.62085719396975 236.58146040736932 59.9999262215439 None 29.9999262215439 None 1.0 1.0 1.0 1.0 0.0 0.0 1.0 1.0 1.0 1.0 1.0 1.0 1.0 1.0
204.16179006897508 112.758611649234 4.0 4.0 4.0 4.0 None 5.0 3.0 4.0 4.0 None 1.0 None 1.0 None 172.37100224710485 123.92239031528297 178.10461547114895 127.76922321584198 None 234.44322622863362 103.81494849265079 137.02516756273707 188.53322235665058 None 39.999951415768265 None 29.999951415768265 None 1.0 1.0 1.0 1.0 0.0 1.0 1.0 1.0 1.0 0.0 1.0 1.0 1.0 1.0
226.16269265020017 101.78955569655324 4.0 3.0 4.0 3.0 None None 3.0 3.0 4.0 None 2.0 None 0.0 None 177.0240242959934 125.31090582014338 182.31375814256683 130.31528355978332 None None 112.18026641934225 150.262759471753 202.4890811779571 None 59.99997165015852 None 29.99997165015852 None 1.0 1.0 1.0 1.0 0.0 0.0 1.0 1.0 1.0 0.0 1.0 1.0 1.0 1.0
174.93913184771327 131.594342311245 5.0 3.0 5.0 3.0 None None 3.0 4.0 None None 1.0 None 0.0 None 178.70602042765384 128.93461262116304 190.01917268854766 133.37132138887657 None None 123.79507829194887 166.5774740030066 None None 59.99994877164017 None 29.99994877164017 None 1.0 1.0 1.0 1.0 0.0 0.0 1.0 1.0 0.0 0.0 1.0 1.0 1.0 1.0
248.40345703933946 92.6758438645811 3.0 3.0 3.0 3.0 None None 2.0 3.0 4.0 None 1.0 None 0.0 None 176.5695761173722 134.980025387786 188.1006246782847 137.43226521255752 None None 111.6714359031704 154.44806278378024 218.75782185443762 None 59.99993476902672 None 29.999934769026723 None 1.0 1.0 1.0 1.0 0.0 0.0 1.0 1.0 1.0 0.0 1.0 1.0 1.0 1.0
176.41818022792475 130.49108640763583 5.0 3.0 5.0 3.0 None None 2.0 4.0 5.0 None 1.0 None 1.0 None 176.68710586812568 134.0845558890665 183.41892733291715 137.81138357589833 None None 117.49334429895612 150.6432575010565 205.2425320801785 None 79.99998605696172 None 29.999986056961724 None 1.0 1.0 1.0 1.0 0.0 0.0 1.0 1.0 1.0 0.0 1.0 1.0 1.0 1.0
175.16330502933894 131.42592848510196 5.0 3.0 5.0 3.0 None None 2.0 4.0 5.0 None 1.0 None 0.0 None 176.0637557255758 136.37581077397857 181.60071191801572 141.47002707043575 None None 116.04235419980947 148.11166127204652 192.05945097662195 None 59.9999414713796 None 29.9999414713796 None 1.0 1.0 1.0 1.0 0.0 0.0 1.0 1.0 1.0 0.0 1.0 1.0 1.0 1.0
179.871512834045 127.98580296169457 4.0 3.0 4.0 3.0 None None 3.0 4.0 5.0 None 1.0 None 0.0 None 175.32733630220815 135.97257760043823 178.31069134373251 144.3621633659882 None None 103.74246267795743 152.69579140166888 205.05620834328 None 39.99999763169496 None 29.99999763169496 None 1.0 1.0 1.0 1.0 0.0 0.0 1.0 1.0 1.0 0.0 1.0 1.0 1.0 1.0
212.68475869605453 108.24000808115761 3.0 2.0 3.0 2.0 None None 1.0 2.0 3.0 None 1.0 None 0.0 None 165.66851044940057 132.59434563560998 173.51587058013757 139.25073812145118 None None 97.84909373060742 130.4313319273662 164.16155850049896 None 59.99991563746545 None 29.99991563746545 None 1.0 1.0 1.0 1.0 0.0 0.0 1.0 1.0 1.0 0.0 1.0 1.0 1.0 1.0
224.51202617065385 102.53793702125117 4.0 3.0 4.0 3.0 None None 3.0 3.0 4.0 None 1.0 None 0.0 None 173.15822333533902 125.82738345668926 177.7245758562951 128.90795451135313 None None 110.75837134141545 144.8683335237365 187.4166192659833 None 39.99991430074463 None 29.999914300744628 None 1.0 1.0 1.0 1.0 0.0 0.0 1.0 1.0 1.0 0.0 1.0 1.0 1.0 1.0
186.86449056938253 123.19622593813422 4.0 2.0 4.0 3.0 None None 2.0 3.0 5.0 None 1.0 None 0.0 None 176.4933631879215 133.14571260821484 181.9706474456726 141.19713003113668 None None 116.51872937679883 154.97712249322817 188.56590759964067 None 59.99990052174684 None 29.999900521746838 None 1.0 1.0 1.0 1.0 0.0 0.0 1.0 1.0 1.0 0.0 1.0 1.0 1.0 1.0
186.51629268610884 123.42621477439721 4.0 3.0 4.0 3.0 None None 3.0 3.0 4.0 None 2.0 None 0.0 None 167.60959570299215 139.05523210960655 175.7315989129344 143.29031176984475 None None 100.84135044545377 142.52967580444795 178.93861540266508 None 59.999903439023605 None 29.999903439023605 None 1.0 1.0 1.0 1.0 0.0 0.0 1.0 1.0 1.0 0.0 1.0 1.0 1.0 1.0
204.0914893367086 112.79745213687048 4.0 3.0 4.0 3.0 None None 2.0 3.0 4.0 None 2.0 None 0.0 None 171.41115451098304 139.73677311539993 177.02022721361377 142.81768075098242 None None 102.82070754114125 143.69668970716086 186.39366099902028 None 59.999940288383186 None 29.999940288383186 None 1.0 1.0 1.0 1.0 0.0 0.0 1.0 1.0 1.0 0.0 1.0 1.0 1.0 1.0
172.20249014974272 133.68563938873095 4.0 3.0 5.0 3.0 None None 3.0 3.0 5.0 None 1.0 None 0.0 None 169.19511155444695 113.59595740066132 177.0514558287477 121.45270476076178 None None 97.15307129705269 135.33676125909224 178.0663454626862 None 59.99994517515518 None 29.999945175155183 None 1.0 1.0 1.0 1.0 0.0 0.0 1.0 1.0 1.0 0.0 1.0 1.0 1.0 1.0
168.2147344007581 136.85483665868603 5.0 3.0 5.0 3.0 None None 3.0 4.0 5.0 None 2.0 None 0.0 None 175.5750854103995 131.32383304239676 178.94035067284952 135.5048315002323 None None 115.3618167226577 153.36673357129246 198.236047866594 None 79.99998116855016 None 29.999981168550157 None 1.0 1.0 1.0 1.0 0.0 0.0 1.0 1.0 1.0 0.0 1.0 1.0 1.0 1.0
194.5148311134187 118.35087262100235 4.0 3.0 4.0 3.0 None None 3.0 3.0 4.0 None 1.0 None 1.0 None 168.11290478126028 134.4324827535551 176.53254813416882 137.15879058249513 None None 95.8335900078497 136.9865307797161 178.77215633586346 None 39.99997624011633 None 29.999976240116332 None 1.0 1.0 1.0 1.0 0.0 0.0 1.0 1.0 1.0 0.0 1.0 1.0 1.0 1.0
172.93704608242382 133.1178051290868 4.0 3.0 5.0 3.0 None None 3.0 3.0 4.0 None 1.0 None 0.0 None 166.78284595020483 121.44570134893713 173.00336015177402 124.51169518289281 None None 93.40882629862024 132.97602219649963 166.02172803252637 None 39.99992766055111 None 29.99992766055111 None 1.0 1.0 1.0 1.0 0.0 0.0 1.0 1.0 1.0 0.0 1.0 1.0 1.0 1.0
217.68795114065585 105.75229303860424 4.0 3.0 4.0 3.0 None 5.0 2.0 3.0 4.0 None 0.0 None 0.0 None 167.39757291269893 113.80555045487169 171.40221421074062 116.1472054474083 None 241.7608541244365 88.71065332082317 125.42852466638662 157.34297864415225 None 29.99996104332628 None 29.99996104332628 None 1.0 1.0 1.0 1.0 0.0 1.0 1.0 1.0 1.0 0.0 1.0 1.0 1.0 1.0
175.299032227792 131.32417051843962 5.0 3.0 5.0 3.0 None None 2.0 3.0 5.0 None 1.0 None 0.0 None 176.32106224448682 125.1842616225473 184.39092952227236 130.49730771857492 None None 104.21036648562799 135.84154750138006 200.1614614379012 None 59.99997512114174 None 29.999975121141738 None 1.0 1.0 1.0 1.0 0.0 0.0 1.0 1.0 1.0 0.0 1.0 1.0 1.0 1.0
228.9015171131835 100.57163574244443 3.0 2.0 3.0 3.0 None None 1.0 2.0 3.0 None 1.0 None 0.0 None 169.58459337113675 136.7781968770529 178.68665022907777 142.86885123651552 None None 98.58557197018386 138.80404864932427 180.20948463974656 None 69.99995368725457 None 29.999953687254575 None 1.0 1.0 1.0 1.0 0.0 0.0 1.0 1.0 1.0 0.0 1.0 1.0 1.0 1.0
180.29681231072752 127.68389914917131 4.0 3.0 4.0 3.0 None None 3.0 3.0 4.0 None 2.0 None 0.0 None 164.35310053928902 134.4606887811489 168.9017984218245 138.83865742056003 None None 92.99444543170105 134.66191805085532 159.60393691817376 None 79.99992652156143 None 29.999926521561434 None 1.0 1.0 1.0 1.0 0.0 0.0 1.0 1.0 1.0 0.0 1.0 1.0 1.0 1.0
134.15456287690532 171.60057404177238 5.0 5.0 None 5.0 None None 3.0 4.0 5.0 None 2.0 None 1.0 None 164.9978272270115 140.6383993794672 None 142.06280669998702 None None 93.9683710311734 128.6822273060802 160.92234353414094 None 59.9999225435436 None 29.999922543543597 None 1.0 1.0 0.0 1.0 0.0 0.0 1.0 1.0 1.0 0.0 1.0 1.0 1.0 1.0
180.97421940647382 127.2059637858921 4.0 4.0 5.0 4.0 None None 3.0 4.0 None None 2.0 None 0.0 None 180.2685726885698 134.21566761570284 185.22893328357566 139.01846060488901 None None 110.85978495341715 152.4694519658844 None None 59.999976853841964 None 29.999976853841964 None 1.0 1.0 1.0 1.0 0.0 0.0 1.0 1.0 0.0 0.0 1.0 1.0 1.0 1.0
234.90262352503711 98.00231114722439 3.0 2.0 3.0 2.0 None 5.0 1.0 2.0 3.0 None 1.0 None 0.0 None 163.7203986695851 118.83841094369126 169.05085306213456 124.53175861217733 None 251.56200984294392 87.97285175038724 128.79601624990195 153.07461458972531 None 49.999900357103606 None 29.999900357103606 None 1.0 1.0 1.0 1.0 0.0 1.0 1.0 1.0 1.0 0.0 1.0 1.0 1.0 1.0
262.2421566200803 87.78527562733308 3.0 1.0 3.0 2.0 None 5.0 1.0 1.0 3.0 None 1.0 None 0.0 None 171.29739774099392 136.24554381458654 179.46277679732304 139.9918447810888 None 277.66589390823 104.5002523024102 137.02050556157565 171.29739774099392 None 89.999941243435 None 29.999941243435003 None 1.0 1.0 1.0 1.0 0.0 1.0 1.0 1.0 1.0 0.0 1.0 1.0 1.0 1.0
204.94246681411545 112.32908609849144 4.0 3.0 4.0 3.0 None None 2.0 3.0 4.0 None 1.0 None 0.0 None 169.00560435382613 133.23849592107848 175.4154141965089 137.0314457615133 None None 92.93035923597509 124.55846628377805 169.2523971695642 None 59.99994737155845 None 29.99994737155845 None 1.0 1.0 1.0 1.0 0.0 0.0 1.0 1.0 1.0 0.0 1.0 1.0 1.0 1.0
264.3016410183158 87.10123747738922 3.0 3.0 3.0 3.0 None 5.0 1.0 3.0 4.0 5.0 1.0 None 1.0 None 175.38191336790655 139.37571455167102 178.00494440491838 144.98603058885953 None 279.0793384350159 105.77807175097826 137.46555512166765 187.30195079931028 277.70526641205123 59.99997184861714 None 29.999971848617143 None 1.0 1.0 1.0 1.0 0.0 1.0 1.0 1.0 1.0 1.0 1.0 1.0 1.0 1.0
242.254760695256 95.02806026982161 4.0 3.0 4.0 3.0 None None 3.0 3.0 4.0 None 1.0 None 0.0 None 181.35156938498844 144.26118783129797 188.08286987807483 146.85184258791168 None None 121.36885413283713 155.0954321992776 206.75789335270994 None 59.99995514560831 None 29.99995514560831 None 1.0 1.0 1.0 1.0 0.0 0.0 1.0 1.0 1.0 0.0 1.0 1.0 1.0 1.0
164.06075896420316 140.31996526983647 5.0 3.0 5.0 3.0 None None 3.0 4.0 None None 1.0 None 1.0 None 180.27879866612022 126.71704584351703 189.41515839075703 133.7279718697265 None None 122.27330009636093 156.2917954330963 None None 59.999954814857475 None 29.999954814857475 None 1.0 1.0 1.0 1.0 0.0 0.0 1.0 1.0 0.0 0.0 1.0 1.0 1.0 1.0
239.25777836997378 96.21839739898327 4.0 2.0 4.0 2.0 None 5.0 2.0 3.0 4.0 None 2.0 None 0.0 None 172.64738372047404 115.18952449865046 174.45062704354186 116.32223919245317 None 266.70264222565845 109.3103048952922 143.34530281648662 203.5426226897215 None 59.99998239692792 None 29.99998239692792 None 1.0 1.0 1.0 1.0 0.0 1.0 1.0 1.0 1.0 0.0 1.0 1.0 1.0 1.0
139.55637225875768 164.9584295392527 5.0 4.0 None 4.0 None None 3.0 4.0 None None 2.0 None 1.0 None 169.69773256747146 133.23926899689548 None 137.39980559517113 None None 100.14724548726504 134.84009059286666 None None 59.99995308650888 None 29.99995308650888 None 1.0 1.0 0.0 1.0 0.0 0.0 1.0 1.0 0.0 0.0 1.0 1.0 1.0 1.0
162.53612584146137 141.6362047564417 5.0 3.0 5.0 4.0 None None 3.0 4.0 5.0 None 2.0 None 1.0 None 167.22957939159798 130.8487559005116 175.08436430191009 135.5622466255267 None None 101.2126085642793 139.54915025972255 164.53275303016326 None 69.99997179132208 None 29.99997179132209 None 1.0 1.0 1.0 1.0 0.0 0.0 1.0 1.0 1.0 0.0 1.0 1.0 1.0 1.0
186.96242132716668 123.13169585943376 4.0 4.0 4.0 4.0 None None 3.0 4.0 4.0 None 2.0 None 0.0 None 162.62346771451354 135.9982793590981 171.31701778684348 139.9357226133821 None None 93.61531882395639 118.58815596775443 150.80152244274353 None 79.99996218033138 None 29.999962180331373 None 1.0 1.0 1.0 1.0 0.0 0.0 1.0 1.0 1.0 0.0 1.0 1.0 1.0 1.0
243.6963051074082 94.46593779849712 2.0 2.0 2.0 2.0 None 5.0 2.0 2.0 2.0 None 1.0 None 0.0 None 168.26050263174076 137.4083816570877 176.80751486390847 138.33275831980862 None 271.39072014417724 113.80863560988587 144.82228688462902 176.80751486390847 None 59.99990961284698 None 29.999909612846977 None 1.0 1.0 1.0 1.0 0.0 1.0 1.0 1.0 1.0 0.0 1.0 1.0 1.0 1.0
183.31482518773961 125.58176883088058 4.0 3.0 4.0 4.0 None None 3.0 4.0 5.0 None 1.0 None 0.0 None 171.7249524816274 113.66188568370089 178.4558380632851 115.77331671389183 None None 108.35902998161964 141.6595370837891 188.3921732430744 None 39.99999385108231 None 29.99999385108231 None 1.0 1.0 1.0 1.0 0.0 0.0 1.0 1.0 1.0 0.0 1.0 1.0 1.0 1.0
190.23404604941436 121.0140901593407 4.0 3.0 4.0 3.0 None None 1.0 3.0 4.0 None 1.0 None 0.0 None 171.50101937292027 135.53288001100208 173.7835760415457 141.90840150352165 None None 96.52259765369796 138.43086895401774 172.26227140962078 None 59.999907052168155 None 29.999907052168155 None 1.0 1.0 1.0 1.0 0.0 0.0 1.0 1.0 1.0 0.0 1.0 1.0 1.0 1.0
177.64088201189168 129.59291655880725 4.0 2.0 4.0 2.0 None None 2.0 3.0 5.0 None 1.0 None 1.0 None 171.43572459228628 110.40053248673314 175.2538006599315 113.5483811008715 None None 103.93325057425778 145.51079351360457 182.03394838460054 None 59.99994149626398 None 29.99994149626398 None 1.0 1.0 1.0 1.0 0.0 0.0 1.0 1.0 1.0 0.0 1.0 1.0 1.0 1.0
188.67646385831233 122.01309866230984 4.0 3.0 4.0 3.0 None None 3.0 3.0 4.0 None 2.0 None 1.0 None 178.59259204900138 132.49950695918315 183.85549961907574 133.2252320344974 None None 112.36478258120624 150.24379082215523 184.61592587737422 None 89.99996026620894 None 29.99996026620895 None 1.0 1.0 1.0 1.0 0.0 0.0 1.0 1.0 1.0 0.0 1.0 1.0 1.0 1.0
152.72877411792916 150.73125632648888 5.0 4.0 None 4.0 None None 3.0 4.0 None None 1.0 None 0.0 None 178.93417691084446 125.91793788702816 None 130.21950769877608 None None 105.0945608777686 148.38622907192686 None None 59.99993198456871 None 29.99993198456871 None 1.0 1.0 0.0 1.0 0.0 0.0 1.0 1.0 0.0 0.0 1.0 1.0 1.0 1.0
205.17853777039414 112.1998443412329 4.0 3.0 4.0 3.0 None None 2.0 3.0 5.0 None 2.0 None 0.0 None 174.14978564483746 138.16002710573537 180.88286525177506 140.6745697721004 None None 114.77814072747739 150.40377023964524 210.08824940033435 None 89.99992658173687 None 29.999926581736865 None 1.0 1.0 1.0 1.0 0.0 0.0 1.0 1.0 1.0 0.0 1.0 1.0 1.0 1.0
268.6793655626847 85.68205433933498 3.0 3.0 3.0 3.0 None 5.0 3.0 3.0 4.0 5.0 2.0 None 0.0 None 170.95975725487548 122.12543639830395 177.46558306975632 124.13794479750976 None 274.3771595327037 118.66275095775248 152.4084683418424 188.382027041814 283.67766472814384 69.99997648533963 None 29.999976485339623 None 1.0 1.0 1.0 1.0 0.0 1.0 1.0 1.0 1.0 1.0 1.0 1.0 1.0 1.0
217.69594976406518 105.74840746899395 4.0 4.0 4.0 4.0 None None 2.0 4.0 4.0 None 1.0 None 0.0 None 172.20755913537607 141.86117566394557 178.61772472341846 143.35572021653638 None None 112.47871730876635 145.50823567318986 189.51808514271636 None 59.99990336504884 None 29.999903365048837 None 1.0 1.0 1.0 1.0 0.0 0.0 1.0 1.0 1.0 0.0 1.0 1.0 1.0 1.0
223.8661994609687 102.83374647638013 3.0 3.0 3.0 3.0 None None 1.0 3.0 3.0 None 1.0 None 1.0 None 171.2738849063157 137.26067991411333 180.33559565667906 140.79726328753947 None None 99.71222864282983 138.9423407380006 189.5083135131042 None 49.99991668686336 None 29.999916686863358 None 1.0 1.0 1.0 1.0 0.0 0.0 1.0 1.0 1.0 0.0 1.0 1.0 1.0 1.0
193.8858532910827 118.73481024651319 4.0 3.0 4.0 3.0 None None 2.0 3.0 4.0 None 1.0 None 0.0 None 167.4012220659107 134.33812312016914 173.01154843040803 138.10056249855012 None None 100.01579749995348 139.77828047469353 179.48348876123032 None 39.99993614324022 None 29.99993614324022 None 1.0 1.0 1.0 1.0 0.0 0.0 1.0 1.0 1.0 0.0 1.0 1.0 1.0 1.0
186.5453076443292 123.40701725873626 3.0 3.0 4.0 3.0 None None 2.0 3.0 3.0 None 2.0 None 0.0 None 161.66305783188318 132.9076484433825 164.0200483562947 134.22086811798357 None None 87.85483200698724 122.44823088969014 161.0609665747738 None 79.99991099540708 None 29.999910995407078 None 1.0 1.0 1.0 1.0 0.0 0.0 1.0 1.0 1.0 0.0 1.0 1.0 1.0 1.0
211.05958889954553 109.07346176513646 4.0 3.0 4.0 3.0 None None 3.0 4.0 4.0 None 1.0 None 0.0 None 166.44577373393207 117.67832870982967 172.86719511783747 121.77513436324203 None None 101.51928006963344 132.51611263273253 185.26970131065355 None 39.999951821223064 None 29.999951821223064 None 1.0 1.0 1.0 1.0 0.0 0.0 1.0 1.0 1.0 0.0 1.0 1.0 1.0 1.0
146.63786573981437 156.99219218620593 5.0 4.0 None 4.0 None None 3.0 5.0 None None 1.0 None 1.0 None 170.6937075629361 128.62897714833431 None 130.50416821268257 None None 103.31057141578253 147.38112237766032 None None 39.999968981144974 None 29.999968981144974 None 1.0 1.0 0.0 1.0 0.0 0.0 1.0 1.0 0.0 0.0 1.0 1.0 1.0 1.0
161.06043430937297 142.9339247637946 5.0 4.0 5.0 4.0 None None 3.0 4.0 None None 1.0 None 0.0 None 176.30846351827216 135.6102842639977 178.78949959167417 140.48240318517946 None None 104.33888585402812 144.15753483974422 None None 59.999930146703754 None 29.999930146703754 None 1.0 1.0 1.0 1.0 0.0 0.0 1.0 1.0 0.0 0.0 1.0 1.0 1.0 1.0
143.68822842556222 160.21493376491898 5.0 4.0 None 4.0 None None 3.0 4.0 None None 2.0 None 1.0 None 169.60803005609185 119.8872594042241 None 127.87789384593165 None None 98.67505942265413 139.65169074563835 None None 59.99995184827065 None 29.999951848270648 None 1.0 1.0 0.0 1.0 0.0 0.0 1.0 1.0 0.0 0.0 1.0 1.0 1.0 1.0
215.1642674011908 106.99267251971501 3.0 3.0 3.0 3.0 None None 2.0 3.0 4.0 None 0.0 None 0.0 None 173.1608403645766 132.38755322448392 180.931248962524 138.75348775010693 None None 108.97875123067953 150.54147079647126 191.93544908917258 None 59.9999556789377 None 29.999955678937702 None 1.0 1.0 1.0 1.0 0.0 0.0 1.0 1.0 1.0 0.0 1.0 1.0 1.0 1.0
261.44468871456183 88.05304140308506 4.0 2.0 4.0 2.0 None 4.0 2.0 3.0 4.0 None 2.0 None 1.0 None 177.5941625721414 123.85350523905757 180.63744876073224 126.09667018777455 None 247.69800110379794 96.03092427276079 138.88424091609178 188.3960307487042 None 59.9999844745501 None 29.999984474550097 None 1.0 1.0 1.0 1.0 0.0 1.0 1.0 1.0 1.0 0.0 1.0 1.0 1.0 1.0
221.22993137917783 104.05915626553748 3.0 2.0 3.0 2.0 None 5.0 2.0 2.0 3.0 None 1.0 None 0.0 None 168.04818526367063 126.14775863004633 178.5169071428734 129.35439284189565 None 246.67757879395467 98.87932081321568 123.54227187039868 167.28793547047871 None 39.999998054059155 None 29.999998054059155 None 1.0 1.0 1.0 1.0 0.0 1.0 1.0 1.0 1.0 0.0 1.0 1.0 1.0 1.0
144.60219504950496 159.20228591356235 None 3.0 None 4.0 None None 4.0 5.0 None None 1.0 None 1.0 None None 110.90074968105858 None 120.73110040159551 None None 124.04664955598994 152.85421808722617 None None 39.99999595928085 None 29.999995959280852 None 0.0 1.0 0.0 1.0 0.0 0.0 1.0 1.0 0.0 0.0 1.0 1.0 1.0 1.0
162.12405658062073 141.9962002280159 5.0 3.0 5.0 3.0 None None 2.0 3.0 5.0 None 1.0 None 0.0 None 171.5618649812696 126.79479796173594 180.08264270014632 127.81242753032744 None None 97.14069532567477 126.84491054336762 189.74940436533103 None 39.999947154285664 None 29.999947154285664 None 1.0 1.0 1.0 1.0 0.0 0.0 1.0 1.0 1.0 0.0 1.0 1.0 1.0 1.0
238.9043958353909 96.3607216999969 3.0 2.0 3.0 2.0 None 5.0 1.0 3.0 3.0 5.0 0.0 None 0.0 None 164.38855953916493 105.52977541638933 172.7197328035158 109.93148710820543 None 240.27780183075438 97.79275608759565 130.90092409854873 167.35215425289 258.216991087338 39.99997447351555 None 29.99997447351555 None 1.0 1.0 1.0 1.0 0.0 1.0 1.0 1.0 1.0 1.0 1.0 1.0 1.0 1.0
188.835911829037 121.91007407977627 4.0 4.0 4.0 4.0 None None 3.0 4.0 4.0 None 2.0 None 0.0 None 172.43647973444476 117.40821566342845 180.37566929191388 119.551992866836 None None 108.84342860268671 136.47508137671008 181.5423913516844 None 69.99993277060568 None 29.99993277060569 None 1.0 1.0 1.0 1.0 0.0 0.0 1.0 1.0 1.0 0.0 1.0 1.0 1.0 1.0
288.9115876803614 79.68181610448033 2.0 2.0 2.0 2.0 None 5.0 2.0 2.0 2.0 4.0 1.0 None 0.0 None 171.58137290450748 140.2169416250086 180.613902131395 141.00107630447224 None 302.33690080048405 114.18407084194081 138.43722531887906 191.27393800830677 273.639594760822 89.99990537072901 None 29.999905370729017 None 1.0 1.0 1.0 1.0 0.0 1.0 1.0 1.0 1.0 1.0 1.0 1.0 1.0 1.0
165.8081160221829 138.84121327884878 5.0 3.0 5.0 3.0 None None 3.0 4.0 5.0 None 2.0 None 0.0 None 172.21272176121892 132.57701620606557 178.301415706383 134.76593710726277 None None 105.4748122651776 145.1596690615924 188.21009178291067 None 59.9999739086576 None 29.9999739086576 None 1.0 1.0 1.0 1.0 0.0 0.0 1.0 1.0 1.0 0.0 1.0 1.0 1.0 1.0
225.06918894654075 102.28410253643395 4.0 3.0 4.0 3.0 None None 2.0 3.0 4.0 None 2.0 None 0.0 None 173.31886861228395 136.94464801449254 176.37191600326491 142.74664139375255 None None 111.23571320678163 142.58278733624115 194.6446946602166 None 79.99990136426506 None 29.999901364265057 None 1.0 1.0 1.0 1.0 0.0 0.0 1.0 1.0 1.0 0.0 1.0 1.0 1.0 1.0
137.47595422150806 167.45473876040478 None 4.0 None 5.0 None None 3.0 5.0 None None 2.0 None 1.0 3.0 None 136.1530693762075 None 142.0484172459434 None None 102.93036300570785 139.00302836104035 None None 59.99990736219238 None 29.99990736219238 79.99990736219237 0.0 1.0 0.0 1.0 0.0 0.0 1.0 1.0 0.0 0.0 1.0 1.0 1.0 1.0
227.29211907170333 101.28375807318518 4.0 3.0 4.0 3.0 None None 3.0 3.0 4.0 None 2.0 None 0.0 None 164.95828102856026 130.54278197631834 174.13908964545047 133.9134821683961 None None 108.24707664640309 143.32641620875202 186.42305313471365 None 69.99994120119698 None 29.999941201196982 None 1.0 1.0 1.0 1.0 0.0 0.0 1.0 1.0 1.0 0.0 1.0 1.0 1.0 1.0
226.77806902632943 101.51334341473387 4.0 3.0 4.0 3.0 None None 2.0 3.0 4.0 None 1.0 None 0.0 None 171.77961696564157 143.36966140099776 180.82449557787132 144.65855641485436 None None 94.44984080278448 131.24816652824148 181.58523944424135 None 49.99996604671821 None 29.999966046718207 None 1.0 1.0 1.0 1.0 0.0 0.0 1.0 1.0 1.0 0.0 1.0 1.0 1.0 1.0
246.3360141947068 93.45365140885953 3.0 3.0 4.0 3.0 None 5.0 2.0 3.0 3.0 None 1.0 None 0.0 None 164.6239205261563 121.51843679354297 172.65550272349336 124.16525747422594 None 277.0744580967677 100.62812077566494 134.2420738467235 163.86281471799612 None 59.99995997744035 None 29.999959977440348 None 1.0 1.0 1.0 1.0 0.0 1.0 1.0 1.0 1.0 0.0 1.0 1.0 1.0 1.0
189.74692955756586 121.3247563672214 4.0 4.0 4.0 4.0 None None 3.0 4.0 4.0 None 2.0 None 0.0 None 165.15226711490735 150.94772677701562 173.0082603013747 153.5092844016224 None None 100.0920509497171 141.4138794630289 174.55942639532702 None 79.99991169662565 None 29.999911696625638 None 1.0 1.0 1.0 1.0 0.0 0.0 1.0 1.0 1.0 0.0 1.0 1.0 1.0 1.0
228.20880822955428 100.87691258982113 4.0 3.0 4.0 3.0 None None 3.0 3.0 4.0 None 0.0 None 0.0 None 175.73914301392355 129.963975821064 183.74780578268573 133.23792025967785 None None 113.94116697616266 154.64834270943496 214.59412114812602 None 39.99990211922552 None 29.999902119225517 None 1.0 1.0 1.0 1.0 0.0 0.0 1.0 1.0 1.0 0.0 1.0 1.0 1.0 1.0
194.36019313667887 118.44503562419834 4.0 3.0 4.0 3.0 None None 3.0 3.0 4.0 None 1.0 None 0.0 None 173.3432084850539 147.23609551317665 181.41870664674852 151.40700890673855 None None 122.08527601688061 147.23609551317665 192.96801903132553 None 69.99996651785196 None 29.999966517851966 None 1.0 1.0 1.0 1.0 0.0 0.0 1.0 1.0 1.0 0.0 1.0 1.0 1.0 1.0
180.67543686470185 127.41632398674753 4.0 3.0 4.0 3.0 None None 3.0 3.0 5.0 None 2.0 None 0.0 None 172.67263179692918 124.27771592867852 177.6697747463615 125.92001928145278 None None 108.16575104192178 151.3188960618201 194.77425478214764 None 69.99993310494982 None 29.999933104949818 None 1.0 1.0 1.0 1.0 0.0 0.0 1.0 1.0 1.0 0.0 1.0 1.0 1.0 1.0
219.99443379473635 104.64355667052703 3.0 2.0 3.0 2.0 None None 1.0 2.0 3.0 None 0.0 None 0.0 None 168.8917926553038 134.29092263350137 177.5581403785946 137.28153761461812 None None 104.01259050668921 127.83077149836896 168.8917926553038 None 29.999955908130204 None 29.999955908130204 None 1.0 1.0 1.0 1.0 0.0 0.0 1.0 1.0 1.0 0.0 1.0 1.0 1.0 1.0
282.6963969570486 81.43365195948249 3.0 3.0 3.0 3.0 None 4.0 2.0 3.0 3.0 None 1.0 None 1.0 None 170.9807727455074 138.22309861916483 177.80141844261982 139.01519661281338 None 282.08925617072964 113.39704105112472 144.13354420887524 187.3704396516869 None 59.99997137561159 None 29.999971375611587 None 1.0 1.0 1.0 1.0 0.0 1.0 1.0 1.0 1.0 0.0 1.0 1.0 1.0 1.0
231.7458847086569 99.33725480796012 4.0 3.0 4.0 3.0 None None 3.0 3.0 3.0 5.0 1.0 None 1.0 None 164.80272525086968 144.32921052345569 169.9564221049235 144.8364963514138 None None 96.05961912832485 131.6180631932807 155.1162893322561 255.76445713354877 39.99993197764657 None 29.99993197764657 None 1.0 1.0 1.0 1.0 0.0 0.0 1.0 1.0 1.0 1.0 1.0 1.0 1.0 1.0
158.92249747563028 144.85677211012947 5.0 4.0 5.0 4.0 None None 2.0 3.0 4.0 None 1.0 None 0.0 None 160.42524438967536 134.6973132437035 163.0819259353335 140.3645587238719 None None 94.06103987867215 119.68771571215879 150.39875209279003 None 49.99992091540329 None 29.999920915403287 None 1.0 1.0 1.0 1.0 0.0 0.0 1.0 1.0 1.0 0.0 1.0 1.0 1.0 1.0
263.08731596324003 87.50326831878363 3.0 3.0 3.0 3.0 None None 2.0 3.0 4.0 None 1.0 None 1.0 None 173.02731357412662 130.8772654913097 180.55772122041557 136.42487226240337 None None 91.62640757698748 137.10527097295548 192.244843365683 None 59.999935410370796 None 29.999935410370796 None 1.0 1.0 1.0 1.0 0.0 0.0 1.0 1.0 1.0 0.0 1.0 1.0 1.0 1.0
247.5848404716588 92.98226804251865 3.0 2.0 3.0 2.0 None 5.0 1.0 3.0 4.0 None 1.0 None 0.0 None 176.70263830557823 124.26680415597644 179.7471736634555 126.4267009813019 None 258.9829662289561 108.67697923132985 147.8033319309164 209.1484315209856 None 59.999945508025775 None 29.999945508025775 None 1.0 1.0 1.0 1.0 0.0 1.0 1.0 1.0 1.0 0.0 1.0 1.0 1.0 1.0
161.62585481742875 142.4338947874666 5.0 3.0 5.0 3.0 None None 3.0 3.0 5.0 None 1.0 None 0.0 None 168.18235717203586 124.88055044765494 173.80727966037392 128.3158283263988 None None 96.30401254998372 134.6084358250793 176.98214334126826 None 39.99991073269886 None 29.999910732698858 None 1.0 1.0 1.0 1.0 0.0 0.0 1.0 1.0 1.0 0.0 1.0 1.0 1.0 1.0
237.82317945008896 96.79880679936554 3.0 2.0 4.0 2.0 None None 1.0 2.0 4.0 None 1.0 None 0.0 None 170.57705566499877 120.54600819257206 178.1353590009665 124.56197827215453 None None 94.39895112267351 129.75175717719412 178.89635714574396 None 59.99990976383372 None 29.99990976383372 None 1.0 1.0 1.0 1.0 0.0 0.0 1.0 1.0 1.0 0.0 1.0 1.0 1.0 1.0
