253.0270692112189 135.56257086219745 5.0 4.0 5.0 4.0 None None 4.0 6.0 7.0 None 2.0 None 1.0 1.0 196.6098012658343 141.5065496794667 209.04037391079365 140.53095642148992 None None 165.61586247300696 219.22046953689855 274.8354825000607 None 79.99997374660856 None 29.999973746608568 29.999973746608568 1.0 1.0 1.0 1.0 0.0 0.0 1.0 1.0 1.0 0.0 1.0 1.0 1.0 1.0
285.88761323543736 119.9807141408119 5.0 3.0 5.0 3.0 None 7.0 3.0 5.0 5.0 None 5.0 None 0.0 3.0 191.03795961030278 147.14599923187416 195.93643273773995 143.00273344844814 None 289.6487719801267 149.55022613851898 208.9084967140498 240.5274439514142 None 199.99996775218906 None 29.99996775218907 139.99996775218906 1.0 1.0 1.0 1.0 0.0 1.0 1.0 1.0 1.0 0.0 1.0 1.0 1.0 1.0
268.47711251901086 127.7613561847703 4.0 3.0 4.0 3.0 None 7.0 3.0 4.0 5.0 None 2.0 None 0.0 1.0 189.1353456245347 138.73973505335238 197.72171661644836 137.61636023311013 None 296.2838446002665 151.9452115814043 206.8613543756669 225.4287688465347 None 99.99997764581393 None 29.999977645813928 69.99997764581393 1.0 1.0 1.0 1.0 0.0 1.0 1.0 1.0 1.0 0.0 1.0 1.0 1.0 1.0
263.1894282165477 130.3281831357517 5.0 3.0 5.0 3.0 None 7.0 3.0 5.0 6.0 None 1.0 None 1.0 None 190.93041606334083 121.00871348585041 198.71156449270308 119.50300717678034 None 284.5618329970765 155.31694349019517 207.06389158937566 240.6648361868975 None 29.999950509688418 None 29.999950509688418 None 1.0 1.0 1.0 1.0 0.0 1.0 1.0 1.0 1.0 0.0 1.0 1.0 1.0 1.0
273.29728837311364 125.50801438311838 5.0 3.0 5.0 3.0 None 7.0 4.0 5.0 6.0 None 2.0 None 1.0 2.0 189.73749860694747 131.58972312163272 199.640060399806 128.03412552987174 None 284.38315071361376 153.48390909280297 211.7008146180028 257.01868760608625 None 79.99997410571908 None 29.999974105719083 79.99997410571908 1.0 1.0 1.0 1.0 0.0 1.0 1.0 1.0 1.0 0.0 1.0 1.0 1.0 1.0
226.07451790809822 151.72430894641445 6.0 4.0 6.0 4.0 None None 4.0 6.0 None None 2.0 None 0.0 1.0 198.96257211294275 132.47990603670135 207.15762822523683 131.03580837022375 None None 155.34908206338625 225.74986395136548 None None 79.99993756637062 None 29.999937566370612 49.99993756637061 1.0 1.0 1.0 1.0 0.0 0.0 1.0 1.0 0.0 0.0 1.0 1.0 1.0 1.0
277.9731518160267 123.39680928142916 5.0 3.0 5.0 3.0 None 6.0 3.0 5.0 6.0 None 3.0 None 0.0 None 193.77804871832473 137.98651631312572 203.22362140836242 135.619344360554 None 273.53174910876055 153.17565069612255 212.35424165885092 259.09796497889425 None 129.99990696191372 None 29.99990696191371 None 1.0 1.0 1.0 1.0 0.0 1.0 1.0 1.0 1.0 0.0 1.0 1.0 1.0 1.0
248.135032945887 138.2352164979474 5.0 4.0 5.0 3.0 None None 4.0 5.0 6.0 None 4.0 None 1.0 1.0 191.29106369938202 147.46509216122251 198.91128045441636 143.96796957049492 None None 153.54269901896467 198.91128045441636 221.47478977549545 None 149.99996787399564 None 29.999967873995637 39.99996787399564 1.0 1.0 1.0 1.0 0.0 0.0 1.0 1.0 1.0 0.0 1.0 1.0 1.0 1.0
284.4001616119911 120.60822963524565 5.0 4.0 5.0 4.0 None 7.0 4.0 5.0 6.0 None 2.0 None 1.0 1.0 192.26102142060384 136.89308051015945 203.564532702617 129.7570744905551 None 296.08264461287547 150.7211842440255 208.76327753319015 255.59164216979065 None 79.99995185985745 None 29.999951859857447 39.99995185985745 1.0 1.0 1.0 1.0 0.0 1.0 1.0 1.0 1.0 0.0 1.0 1.0 1.0 1.0
245.0746364980658 139.9614439508542 5.0 4.0 6.0 3.0 None None 4.0 6.0 6.0 None 2.0 None 1.0 4.0 187.1941597456726 137.98189380166616 196.7908850373962 134.22910530785168 None None 146.47699464463835 200.54348037202914 220.68183717318817 None 79.99994201098143 None 29.999942010981428 159.99994201098144 1.0 1.0 1.0 1.0 0.0 0.0 1.0 1.0 1.0 0.0 1.0 1.0 1.0 1.0
269.98679310661635 127.0469551688579 4.0 3.0 5.0 3.0 None 6.0 3.0 5.0 6.0 None 2.0 None 1.0 1.0 194.35189370681726 128.84569304100063 202.26250258358755 124.55206589038801 None 265.9990174308197 160.491436108443 215.9992027460409 250.45311726470032 None 79.99995149380658 None 29.999951493806577 39.99995149380658 1.0 1.0 1.0 1.0 0.0 1.0 1.0 1.0 1.0 0.0 1.0 1.0 1.0 1.0
243.7968976356638 140.6949814893062 5.0 3.0 5.0 3.0 None None 3.0 5.0 6.0 None 2.0 None 1.0 1.0 188.38195879985574 123.57511658184983 196.83188994313184 120.29339097113457 None None 143.93612303440977 196.83188994313184 215.7770420677807 None 89.99998057733266 None 29.999980577332664 69.99998057733266 1.0 1.0 1.0 1.0 0.0 0.0 1.0 1.0 1.0 0.0 1.0 1.0 1.0 1.0
285.7232294687406 120.04974206604605 5.0 3.0 5.0 3.0 None 6.0 4.0 5.0 6.0 None 2.0 None 1.0 1.0 195.44931516534635 129.16416571728638 201.619386528985 127.06994118838765 None 273.2616669810893 157.77402510800619 222.29669211372362 269.5537952007551 None 89.99990976449027 None 29.999909764490276 39.999909764490276 1.0 1.0 1.0 1.0 0.0 1.0 1.0 1.0 1.0 0.0 1.0 1.0 1.0 1.0
291.9012211132353 117.50892945628974 4.0 3.0 4.0 3.0 None 6.0 3.0 4.0 5.0 None 0.0 None 0.0 None 192.19784749592034 139.76167044254464 202.20506781425934 135.68786605003325 None 281.74409553719727 150.82403117097755 203.39820662516593 232.15942830791897 None 29.99997097114504 None 29.99997097114504 None 1.0 1.0 1.0 1.0 0.0 1.0 1.0 1.0 1.0 0.0 1.0 1.0 1.0 1.0
278.3280421672029 123.23946855270157 4.0 2.0 5.0 2.0 None 6.0 3.0 5.0 5.0 None 1.0 None 1.0 2.0 188.9313673698678 115.03704136698121 200.26197526040488 111.37303379038133 None 264.1423358098504 143.41211903003847 205.78657301267225 235.62327808358145 None 29.999914781783104 None 29.999914781783104 79.9999147817831 1.0 1.0 1.0 1.0 0.0 1.0 1.0 1.0 1.0 0.0 1.0 1.0 1.0 1.0
264.96258522847774 129.45601346100312 5.0 3.0 5.0 3.0 None 7.0 4.0 5.0 5.0 None 2.0 None 0.0 1.0 189.014767854124 130.85835263027673 198.70932634419944 126.0707870362511 None 282.0923955805087 146.06688265961782 206.9770154758001 230.03797921197582 None 79.99991292625351 None 29.999912926253515 59.999912926253515 1.0 1.0 1.0 1.0 0.0 1.0 1.0 1.0 1.0 0.0 1.0 1.0 1.0 1.0
274.2462409236757 125.07372893962898 4.0 3.0 5.0 3.0 None 7.0 3.0 5.0 5.0 None 2.0 None 1.0 None 191.77059660592732 130.3298890647376 205.38337754272845 125.05470460086576 None 283.02974542559593 153.96886568895653 211.30341909164184 240.11937848681583 None 99.99994975594524 None 29.999949755945245 None 1.0 1.0 1.0 1.0 0.0 1.0 1.0 1.0 1.0 0.0 1.0 1.0 1.0 1.0
231.5530583484982 148.1345150206368 5.0 3.0 5.0 3.0 None 7.0 4.0 5.0 7.0 None 3.0 None 1.0 None 190.08429921303872 134.54470434001988 197.91741535435705 129.12938421951569 None 246.7212216793713 146.52650247189 204.46531732739436 235.74212792375903 None 129.99994087097014 None 29.999940870970136 None 1.0 1.0 1.0 1.0 0.0 1.0 1.0 1.0 1.0 0.0 1.0 1.0 1.0 1.0
285.33980701787897 120.21105768060869 5.0 3.0 5.0 3.0 None 7.0 4.0 5.0 7.0 None 3.0 None 1.0 None 201.41783951703513 143.71170996286367 211.54293532806076 141.67850919242352 None 300.7717785642489 172.28743631826694 234.4117317313133 285.83501228439565 None 119.99996209520758 None 29.99996209520758 None 1.0 1.0 1.0 1.0 0.0 1.0 1.0 1.0 1.0 0.0 1.0 1.0 1.0 1.0
259.97022042119147 131.94203530091693 5.0 4.0 6.0 4.0 None None 4.0 6.0 6.0 None 3.0 None 0.0 None 196.58574959954132 134.07902876999108 203.38081154778706 129.33947947601987 None None 167.15862730079476 220.40197383169 256.95394462462986 None 119.99995398421714 None 29.999953984217136 None 1.0 1.0 1.0 1.0 0.0 0.0 1.0 1.0 1.0 0.0 1.0 1.0 1.0 1.0
249.231071032008 137.6273024786497 5.0 3.0 5.0 3.0 None 7.0 4.0 6.0 None None 2.0 None 1.0 2.0 200.01136662964979 126.11080478960073 208.1990456135478 124.60116313046132 None 271.0953501797361 168.36165163099966 229.45135521376983 None None 79.9999001307836 None 29.9999001307836 99.9999001307836 1.0 1.0 1.0 1.0 0.0 1.0 1.0 1.0 0.0 0.0 1.0 1.0 1.0 1.0
289.0892493858792 118.65193905642158 5.0 3.0 5.0 3.0 None 6.0 4.0 5.0 5.0 None 3.0 None 1.0 None 193.55895191951691 142.3248080434562 200.7115569987277 138.30831032276058 None 287.55521981908134 158.65953635497175 210.96804224805499 248.44758978712275 None 119.9999947813039 None 29.999994781303897 None 1.0 1.0 1.0 1.0 0.0 1.0 1.0 1.0 1.0 0.0 1.0 1.0 1.0 1.0
245.11512831341946 139.93832300771174 5.0 4.0 6.0 4.0 None 7.0 5.0 6.0 None None 1.0 None 1.0 None 200.7629302635504 118.19486946850094 209.35829547396912 113.00769424825421 None 256.9988620418829 161.77452205667402 228.6772799518365 None None 39.99996853072764 None 29.999968530727642 None 1.0 1.0 1.0 1.0 0.0 1.0 1.0 1.0 0.0 0.0 1.0 1.0 1.0 1.0
261.40474265974785 131.21797122344944 4.0 3.0 5.0 3.0 None 7.0 3.0 4.0 5.0 None 2.0 None 0.0 2.0 190.35440038829466 127.96742555111666 197.23683702449816 125.85096157092278 None 263.17728829775604 139.9268471804759 192.9900945894875 209.25874941286636 None 79.99991871290999 None 29.999918712909988 99.99991871290999 1.0 1.0 1.0 1.0 0.0 1.0 1.0 1.0 1.0 0.0 1.0 1.0 1.0 1.0
301.0674875742534 113.93126596421415 4.0 3.0 4.0 3.0 None 6.0 3.0 5.0 5.0 None 2.0 None 0.0 None 190.49892314738491 138.73469330976286 199.7508194297061 131.80432987714147 None 281.14275491305136 151.70429896068507 204.44882120704898 226.16741484605126 None 119.99990059133495 None 29.999900591334956 None 1.0 1.0 1.0 1.0 0.0 1.0 1.0 1.0 1.0 0.0 1.0 1.0 1.0 1.0
254.661267889214 134.692645977566 5.0 4.0 6.0 4.0 None None 4.0 6.0 6.0 None 3.0 None 1.0 5.0 192.65179913006932 142.38028848440104 199.44855841345873 139.46249387808558 None None 151.98179835445575 206.65783922535934 238.39607667593998 None 89.99995401575335 None 29.999954015753346 169.99995401575336 1.0 1.0 1.0 1.0 0.0 0.0 1.0 1.0 1.0 0.0 1.0 1.0 1.0 1.0
260.73076018750294 131.55716638624705 4.0 3.0 5.0 2.0 None 7.0 3.0 5.0 6.0 None 1.0 None 1.0 None 196.3318118292695 137.04083681475703 207.96458928440268 132.6584304758657 None 279.26131736492033 155.97648205620777 224.84889466124008 259.4045010851182 None 79.99997712056451 None 29.99997712056451 None 1.0 1.0 1.0 1.0 0.0 1.0 1.0 1.0 1.0 0.0 1.0 1.0 1.0 1.0
314.05984193259235 109.21803879453691 4.0 2.0 4.0 2.0 None 5.0 3.0 4.0 4.0 None 1.0 None 1.0 1.0 194.91176224768745 102.1915411460694 201.58507639861594 99.77159418164797 None 240.14017550534388 142.36441525931292 200.44441776915423 231.88500319251241 None 39.99990302727835 None 29.99990302727835 49.99990302727835 1.0 1.0 1.0 1.0 0.0 1.0 1.0 1.0 1.0 0.0 1.0 1.0 1.0 1.0
262.3891448079366 130.72568236428995 5.0 3.0 5.0 3.0 None 7.0 4.0 5.0 5.0 None 1.0 None 1.0 None 190.1018575321327 117.81595800671553 201.22211637446875 112.95298014113808 None 269.0143468882374 149.5890805056757 201.45583804483144 221.1273185803826 None 49.99990725126437 None 29.999907251264368 None 1.0 1.0 1.0 1.0 0.0 1.0 1.0 1.0 1.0 0.0 1.0 1.0 1.0 1.0
255.62645950356986 134.18407494518766 5.0 3.0 5.0 3.0 None None 4.0 5.0 7.0 None 2.0 None 1.0 None 197.15406880348993 140.1699705408149 208.2731188717295 134.75986517430687 None None 150.63084915707705 217.90431748834695 268.0105475062852 None 89.99993353169961 None 29.99993353169961 None 1.0 1.0 1.0 1.0 0.0 0.0 1.0 1.0 1.0 0.0 1.0 1.0 1.0 1.0
294.5913796531066 116.4358578326047 4.0 2.0 4.0 2.0 None 6.0 3.0 5.0 6.0 None 0.0 None 0.0 1.0 196.19516011450253 121.32500979182095 206.20485144474821 118.28977252258116 None 267.608791678801 152.14404053404792 223.9257654774591 248.0126620031238 None 29.999984975811905 None 29.999984975811905 99.99998497581191 1.0 1.0 1.0 1.0 0.0 1.0 1.0 1.0 1.0 0.0 1.0 1.0 1.0 1.0
263.33753733785386 130.2548825615882 5.0 4.0 5.0 4.0 None 7.0 4.0 5.0 6.0 None 4.0 None 1.0 None 194.3075441194801 133.71808839650413 202.89037001496257 131.98272954459568 None 276.20888227940094 159.0454273033373 209.660174209278 232.76531748468335 None 139.99997863176725 None 29.999978631767256 None 1.0 1.0 1.0 1.0 0.0 1.0 1.0 1.0 1.0 0.0 1.0 1.0 1.0 1.0
270.6615850501043 126.73021180176076 5.0 3.0 5.0 3.0 None 6.0 4.0 5.0 5.0 None 3.0 None 1.0 None 192.4810559978741 119.39029579876171 202.96055090346914 116.49932586768534 None 269.7793774586935 150.23735420056667 216.39794728201383 240.61683691775374 None 89.9999759230729 None 29.999975923072896 None 1.0 1.0 1.0 1.0 0.0 1.0 1.0 1.0 1.0 0.0 1.0 1.0 1.0 1.0
244.13980555775117 140.49736757034532 5.0 3.0 5.0 3.0 None None 4.0 5.0 7.0 None 2.0 None 1.0 1.0 189.40089502409495 131.55633168575008 199.78442913927984 128.2620612930184 None None 150.86713085052867 202.38649063635768 244.3802032625145 None 89.99996462062937 None 29.99996462062937 39.99996462062937 1.0 1.0 1.0 1.0 0.0 0.0 1.0 1.0 1.0 0.0 1.0 1.0 1.0 1.0
280.0368892057144 122.48743405659879 5.0 3.0 5.0 3.0 None 7.0 3.0 6.0 6.0 None 2.0 None 1.0 None 195.55671447079442 122.36334664509644 203.2048089382131 117.21352544281515 None 283.44215883314604 145.88375041441012 215.90391132684977 244.05455995759684 None 69.99997789478891 None 29.999977894788913 None 1.0 1.0 1.0 1.0 0.0 1.0 1.0 1.0 1.0 0.0 1.0 1.0 1.0 1.0
315.20069386209997 108.82272998741132 4.0 2.0 4.0 2.0 None 6.0 3.0 4.0 5.0 None 1.0 None 0.0 None 196.20088883778416 143.40082634905204 208.3284762374062 138.15414936773382 None 291.95040396504544 160.13471337279339 219.3653898034893 274.0048886032387 None 79.99993810376989 None 29.999938103769885 None 1.0 1.0 1.0 1.0 0.0 1.0 1.0 1.0 1.0 0.0 1.0 1.0 1.0 1.0
279.17263238575447 122.86662810344407 4.0 3.0 5.0 3.0 None 6.0 4.0 5.0 7.0 None 1.0 None 1.0 None 195.91252680389636 128.55206076851073 206.2003124155096 127.06166027391497 None 258.3019280303462 161.61245774139599 222.00918356262503 279.30342771081206 None 69.99999707023836 None 29.999997070238365 None 1.0 1.0 1.0 1.0 0.0 1.0 1.0 1.0 1.0 0.0 1.0 1.0 1.0 1.0
278.38747107068576 123.2131599460185 4.0 3.0 5.0 3.0 None 6.0 3.0 4.0 6.0 None 2.0 None 1.0 1.0 190.89175291177446 124.98426205179236 197.6863421393512 122.5020939282703 None 277.2504259680222 147.70133668968663 195.49982109636176 231.86457915493344 None 79.99997205711817 None 29.99997205711817 49.99997205711817 1.0 1.0 1.0 1.0 0.0 1.0 1.0 1.0 1.0 0.0 1.0 1.0 1.0 1.0
274.41585527962684 124.99642181771037 4.0 3.0 4.0 3.0 None 6.0 3.0 4.0 6.0 None 3.0 None 0.0 1.0 189.7847526202426 132.48289775084663 199.86486141619085 128.64809769574265 None 268.27424409148904 148.22553273648126 199.86486141619085 229.93250804269726 None 109.99992737423972 None 29.99992737423971 49.99992737423971 1.0 1.0 1.0 1.0 0.0 1.0 1.0 1.0 1.0 0.0 1.0 1.0 1.0 1.0
260.1102101149965 131.87102491991874 5.0 3.0 5.0 3.0 None 7.0 4.0 5.0 7.0 None 1.0 None 0.0 2.0 194.6448186624049 136.09843655028982 201.99561435474715 131.68707673349053 None 278.9660207564024 159.86493771789512 214.2852820342605 260.23187430036546 None 89.9999120718536 None 29.999912071853593 99.9999120718536 1.0 1.0 1.0 1.0 0.0 1.0 1.0 1.0 1.0 0.0 1.0 1.0 1.0 1.0
269.3660383714534 127.33973520707619 5.0 4.0 5.0 4.0 None 7.0 4.0 5.0 7.0 None 4.0 None 1.0 None 195.98431874713205 149.0319763113258 204.418453646311 144.03320160834508 None 286.18024484198924 165.42006850266756 220.8710105335646 275.8884359092445 None 149.99999411266626 None 29.99999411266625 None 1.0 1.0 1.0 1.0 0.0 1.0 1.0 1.0 1.0 0.0 1.0 1.0 1.0 1.0
264.7784798743365 129.54602661167633 5.0 3.0 5.0 3.0 None 7.0 4.0 5.0 6.0 None 2.0 None 0.0 2.0 188.90589673952297 134.1359462608952 195.5771598667556 130.7051559540028 None 287.8755060245928 151.51764957774503 206.3834851226656 238.80043969447075 None 99.99994230971613 None 29.999942309716133 89.99994230971613 1.0 1.0 1.0 1.0 0.0 1.0 1.0 1.0 1.0 0.0 1.0 1.0 1.0 1.0
237.13793398629355 144.64577397381973 5.0 3.0 6.0 3.0 None 7.0 4.0 6.0 None None 2.0 None 1.0 None 195.37992599097655 124.15088369808402 206.31020211215758 119.28938675333723 None 267.83008734729816 157.51335711569482 224.4091660378021 None None 89.99996071714725 None 29.99996071714724 None 1.0 1.0 1.0 1.0 0.0 1.0 1.0 1.0 0.0 0.0 1.0 1.0 1.0 1.0
286.75027968748543 119.6197612688745 4.0 3.0 4.0 3.0 None 6.0 3.0 5.0 6.0 None 2.0 None 0.0 None 192.87732609291805 139.7677898296057 200.82320256447076 138.17669299679568 None 286.4863242210161 157.6219461840562 209.80546618698236 249.08230560683796 None 99.99994095862138 None 29.999940958621373 None 1.0 1.0 1.0 1.0 0.0 1.0 1.0 1.0 1.0 0.0 1.0 1.0 1.0 1.0
273.3047796001772 125.50457423459477 4.0 3.0 4.0 3.0 None 7.0 3.0 4.0 5.0 None 1.0 None 0.0 3.0 192.61258133968772 129.48261492151707 202.53252801350806 126.63002030822625 None 277.90028541532166 146.06461677873818 202.53252801350806 234.1221057693321 None 39.99995801901617 None 29.99995801901617 99.99995801901616 1.0 1.0 1.0 1.0 0.0 1.0 1.0 1.0 1.0 0.0 1.0 1.0 1.0 1.0
280.9108209112378 122.10636773881498 4.0 3.0 5.0 3.0 None 7.0 3.0 5.0 6.0 None 2.0 None 0.0 3.0 191.80087278992457 138.08613590716323 199.8428626930829 134.02006449326225 None 294.8376062481737 143.45117143897485 206.72928576787717 247.28341072779915 None 99.99999874052077 None 29.999998740520773 139.99999874052077 1.0 1.0 1.0 1.0 0.0 1.0 1.0 1.0 1.0 0.0 1.0 1.0 1.0 1.0
270.35890053023365 126.87209458511684 5.0 3.0 5.0 3.0 None 7.0 4.0 5.0 7.0 None 5.0 None 1.0 None 197.78438730259072 153.91639032998376 207.69090045514847 148.8712641220145 None 300.26101582097704 173.48674057712475 230.2769511130953 287.8751468523624 None 229.99991133674231 None 29.999911336742315 None 1.0 1.0 1.0 1.0 0.0 1.0 1.0 1.0 1.0 0.0 1.0 1.0 1.0 1.0
294.4181693598168 116.5043586630001 4.0 3.0 4.0 3.0 None 6.0 3.0 4.0 6.0 None 3.0 None 0.0 None 190.98435765781903 128.6982080745534 196.7597992844963 124.98006144442807 None 275.98328243181635 153.33396948735475 204.99274783447504 238.51413056072408 None 119.99990989890772 None 29.999909898907717 None 1.0 1.0 1.0 1.0 0.0 1.0 1.0 1.0 1.0 0.0 1.0 1.0 1.0 1.0
222.65526128451955 154.05429812039583 6.0 4.0 6.0 4.0 None None 5.0 6.0 None None 2.0 None 1.0 None 193.8739340101419 141.5200892203918 203.88084116121337 137.93595372830856 None None 157.43503573830597 213.21466538917667 None None 89.99997854392473 None 29.999978543924726 None 1.0 1.0 1.0 1.0 0.0 0.0 1.0 1.0 0.0 0.0 1.0 1.0 1.0 1.0
236.15166443533616 145.2498760998249 5.0 3.0 5.0 3.0 None None 4.0 6.0 7.0 None 3.0 None 1.0 1.0 189.2967002491123 141.4674399548946 198.0935125588074 139.39385335542937 None None 151.8413859409519 212.3936569479111 255.6841805735982 None 119.99997549881228 None 29.999975498812276 49.999975498812276 1.0 1.0 1.0 1.0 0.0 0.0 1.0 1.0 1.0 0.0 1.0 1.0 1.0 1.0
245.4772306239478 139.73190064436767 5.0 3.0 6.0 3.0 None None 4.0 6.0 7.0 None 2.0 None 1.0 2.0 192.14683889261843 132.13060967159964 204.06346111446206 130.59482848365903 None None 150.4892360012319 211.3430854403899 246.00635582803378 None 89.99999374951173 None 29.99999374951173 69.99999374951173 1.0 1.0 1.0 1.0 0.0 0.0 1.0 1.0 1.0 0.0 1.0 1.0 1.0 1.0
261.9754708390927 130.9321055522329 4.0 3.0 5.0 3.0 None 7.0 4.0 5.0 6.0 None 3.0 None 1.0 1.0 195.13041496606493 134.14783366108387 201.5319682747708 130.28783416171385 None 283.5394036108584 153.47758957249286 212.71496933036155 234.3622565899811 None 89.99994420755326 None 29.999944207553263 49.99994420755326 1.0 1.0 1.0 1.0 0.0 1.0 1.0 1.0 1.0 0.0 1.0 1.0 1.0 1.0
252.87384411502265 135.64471295970725 5.0 4.0 5.0 4.0 None None 4.0 5.0 6.0 None 3.0 None 1.0 2.0 195.9759882107175 138.22023382630837 204.7685304954928 134.7629605137339 None None 158.39650792809212 216.57470587968376 251.9382621476939 None 119.99995334939976 None 29.999953349399753 69.99995334939976 1.0 1.0 1.0 1.0 0.0 0.0 1.0 1.0 1.0 0.0 1.0 1.0 1.0 1.0
276.4290700858517 124.08608106718658 5.0 3.0 5.0 3.0 None 7.0 3.0 5.0 6.0 None 1.0 None 1.0 None 189.3762909906995 139.73133853789625 194.56846086177677 134.89297061839727 None 293.26396171638004 154.6382715324304 213.32184126261774 240.58679091691818 None 49.99997961379485 None 29.99997961379485 None 1.0 1.0 1.0 1.0 0.0 1.0 1.0 1.0 1.0 0.0 1.0 1.0 1.0 1.0
267.2980401016577 128.32492145080744 5.0 3.0 5.0 3.0 None 7.0 3.0 5.0 6.0 None 0.0 None 0.0 1.0 196.16381563022986 135.92428954437253 206.35616410071316 132.6156831790658 None 268.64913415510944 160.88383095598414 213.70837797851493 248.1665234448099 None 29.99996907309729 None 29.99996907309729 49.99996907309729 1.0 1.0 1.0 1.0 0.0 1.0 1.0 1.0 1.0 0.0 1.0 1.0 1.0 1.0
246.07375058888593 139.39316939703372 5.0 4.0 5.0 4.0 None None 5.0 6.0 None None 7.0 None 0.0 2.0 198.34080189714987 145.10111054426736 210.17702658755124 142.90749515544752 None None 177.2774634511354 235.26656531172225 None None 249.99992628600543 None 29.99992628600544 69.99992628600543 1.0 1.0 1.0 1.0 0.0 0.0 1.0 1.0 0.0 0.0 1.0 1.0 1.0 1.0
235.17513219972204 145.85300613701767 5.0 3.0 5.0 3.0 None 7.0 4.0 6.0 7.0 None 1.0 None 1.0 None 189.51158044009728 119.49601822691392 196.18281578755364 117.7580204585098 None 254.4565673699205 146.73594452858248 203.22672032098978 237.04279397892708 None 29.999965485461473 None 29.999965485461473 None 1.0 1.0 1.0 1.0 0.0 1.0 1.0 1.0 1.0 0.0 1.0 1.0 1.0 1.0
292.4583277075804 117.28508560131158 4.0 3.0 5.0 3.0 None 6.0 4.0 5.0 6.0 7.0 3.0 None 0.0 1.0 200.80930140200024 141.07011076903328 210.62843240352032 139.7632729978825 None 285.91222199076014 179.65983837289434 230.75460532410779 279.38833389466254 301.3588202780602 119.99993218137519 None 29.999932181375193 39.99993218137519 1.0 1.0 1.0 1.0 0.0 1.0 1.0 1.0 1.0 1.0 1.0 1.0 1.0 1.0
262.7544447647848 130.5439382032373 5.0 3.0 5.0 3.0 None 7.0 4.0 5.0 6.0 None 1.0 None 0.0 None 191.44619828327578 131.91755403826247 198.38398706401446 126.08104135338729 None 283.1485632542205 149.69124299464065 208.12865081378314 239.74485510090264 None 39.99992674917646 None 29.99992674917646 None 1.0 1.0 1.0 1.0 0.0 1.0 1.0 1.0 1.0 0.0 1.0 1.0 1.0 1.0
265.2467764921975 129.31731142455183 4.0 3.0 5.0 3.0 None 7.0 4.0 5.0 6.0 None 2.0 None 1.0 None 195.28616217816278 143.64095058548727 203.19651649238293 135.5324119555366 None 290.93684599026346 163.30015020931248 215.65544783916786 252.23302241610637 None 79.99996351435786 None 29.99996351435785 None 1.0 1.0 1.0 1.0 0.0 1.0 1.0 1.0 1.0 0.0 1.0 1.0 1.0 1.0
254.128989946884 134.97476225427616 5.0 3.0 5.0 3.0 None None 4.0 5.0 6.0 None 2.0 None 0.0 1.0 184.3562210840468 121.7756100849025 192.34297693943245 120.15234670840408 None None 142.8917936968479 194.2404581778928 213.5753979179827 None 89.99990128054597 None 29.999901280545977 69.99990128054597 1.0 1.0 1.0 1.0 0.0 0.0 1.0 1.0 1.0 0.0 1.0 1.0 1.0 1.0
303.5743894960968 112.99042734446816 4.0 3.0 5.0 3.0 None 6.0 3.0 5.0 6.0 None 3.0 None 1.0 None 195.810737808778 135.22118878714346 205.74150905513193 131.25567408582853 None 289.8518346526593 156.24282931369243 208.37894641226347 263.91448965493703 None 119.99992301151536 None 29.999923011515357 None 1.0 1.0 1.0 1.0 0.0 1.0 1.0 1.0 1.0 0.0 1.0 1.0 1.0 1.0
239.31711577429803 143.32865365279415 5.0 4.0 5.0 4.0 None None 4.0 5.0 6.0 None 1.0 None 1.0 None 188.70889226631974 145.20175265477192 199.82963107934188 143.9756280276487 None None 138.47121695437266 200.48981995402687 220.8015603487653 None 29.999936675060148 None 29.999936675060148 None 1.0 1.0 1.0 1.0 0.0 0.0 1.0 1.0 1.0 0.0 1.0 1.0 1.0 1.0
289.571856755219 118.45419090224411 5.0 3.0 5.0 3.0 None 7.0 3.0 5.0 6.0 None 2.0 None 1.0 2.0 194.88597271443643 126.8679477336675 205.45161433701873 122.54342634112729 None 297.979765895216 154.12474055967823 211.44287430115077 234.4160784942448 None 79.99996846499772 None 29.999968464997714 99.99996846499772 1.0 1.0 1.0 1.0 0.0 1.0 1.0 1.0 1.0 0.0 1.0 1.0 1.0 1.0
277.47347162033475 123.61902490964559 5.0 4.0 5.0 3.0 None 7.0 4.0 5.0 6.0 None 2.0 None 1.0 None 191.64173948413517 138.29001241395056 201.84220167367167 136.14936544269398 None 290.26971971402304 140.63082638847874 208.52238150453516 250.87945944459383 None 89.99999578825 None 29.999995788250004 None 1.0 1.0 1.0 1.0 0.0 1.0 1.0 1.0 1.0 0.0 1.0 1.0 1.0 1.0
234.763210018763 146.10892395473107 5.0 4.0 6.0 3.0 None None 4.0 6.0 None None 2.0 None 1.0 None 195.57025339485273 133.4070356351353 202.2418885295263 131.07770933052404 None None 167.6477167823602 218.3841311932452 None None 79.99996374223532 None 29.999963742235323 None 1.0 1.0 1.0 1.0 0.0 0.0 1.0 1.0 0.0 0.0 1.0 1.0 1.0 1.0
236.12152306030217 145.2684175310863 6.0 3.0 6.0 3.0 None None 4.0 6.0 None None 2.0 None 1.0 3.0 193.84979566804313 123.56519833750295 196.51513555169575 122.18638525734698 None None 163.47888833709484 223.26730014402412 None None 79.99999532708503 None 29.999995327085024 99.99999532708503 1.0 1.0 1.0 1.0 0.0 0.0 1.0 1.0 0.0 0.0 1.0 1.0 1.0 1.0
257.34685952400366 133.28703549537826 5.0 3.0 5.0 3.0 None 7.0 3.0 6.0 7.0 None 2.0 None 1.0 1.0 193.5748095024605 129.0616108947105 204.36029150186025 124.18928865511708 None 278.15884790969324 150.8887478837096 222.4927145283268 273.46592784452093 None 79.99996900288707 None 29.99996900288707 69.99996900288707 1.0 1.0 1.0 1.0 0.0 1.0 1.0 1.0 1.0 0.0 1.0 1.0 1.0 1.0
232.90053366764667 147.27746415964918 5.0 4.0 6.0 4.0 None None 5.0 6.0 6.0 None 2.0 None 1.0 None 193.9321008815884 132.17271108356005 198.8913176734363 128.81754265606395 None None 153.68349283892465 201.55168879921493 230.57910942184745 None 79.99992655340318 None 29.999926553403192 None 1.0 1.0 1.0 1.0 0.0 0.0 1.0 1.0 1.0 0.0 1.0 1.0 1.0 1.0
242.29254705331886 141.5685311709226 5.0 3.0 6.0 3.0 None None 3.0 6.0 6.0 None 2.0 None 0.0 6.0 189.43965827815416 135.71261360685193 198.3377680722137 134.36495062461304 None None 139.02398100501983 198.3377680722137 220.1019340302168 None 89.99998504762885 None 29.999985047628847 199.99998504762885 1.0 1.0 1.0 1.0 0.0 0.0 1.0 1.0 1.0 0.0 1.0 1.0 1.0 1.0
255.54493540210646 134.22688243078073 5.0 4.0 5.0 3.0 None 7.0 4.0 5.0 7.0 None 3.0 None 1.0 None 188.3302282275396 136.4342210516885 197.22712306639644 132.84735196063195 None 272.85473260195863 142.41769772860144 221.38497443919468 259.38869657892104 None 89.99990720478544 None 29.99990720478545 None 1.0 1.0 1.0 1.0 0.0 1.0 1.0 1.0 1.0 0.0 1.0 1.0 1.0 1.0
326.9024097747707 104.92733909068676 4.0 2.0 4.0 2.0 None 5.0 3.0 4.0 5.0 6.0 1.0 None 1.0 1.0 186.6445586011466 125.47275764002421 193.31571085496603 124.15273012005196 None 267.2444421940366 138.03562914641606 190.13058095454696 215.8909867775065 303.83714637404944 79.99993371851298 None 29.999933718512978 39.99993371851298 1.0 1.0 1.0 1.0 0.0 1.0 1.0 1.0 1.0 1.0 1.0 1.0 1.0 1.0
273.0768607145681 125.60932445994722 4.0 3.0 4.0 3.0 None 6.0 4.0 5.0 6.0 None 3.0 None 1.0 None 192.7885427918196 137.29971081249633 201.0209216746849 132.8155292317302 None 268.995484452897 155.13769398463523 215.04271452622132 240.12295107377471 None 109.99998134985381 None 29.99998134985382 None 1.0 1.0 1.0 1.0 0.0 1.0 1.0 1.0 1.0 0.0 1.0 1.0 1.0 1.0
245.466431737031 139.7380479166568 5.0 4.0 5.0 4.0 None None 4.0 5.0 6.0 None 5.0 None 1.0 None 193.34663512248082 150.14662704070952 203.04570445889343 144.8916458136522 None None 155.60717175509632 207.74041788866438 239.9659294821681 None 199.9999047656074 None 29.99990476560739 None 1.0 1.0 1.0 1.0 0.0 0.0 1.0 1.0 1.0 0.0 1.0 1.0 1.0 1.0
248.25606962530333 138.16782023404713 5.0 3.0 5.0 3.0 None 7.0 4.0 6.0 6.0 None 2.0 None 1.0 None 190.94386620359955 132.9716822517684 199.8403442552447 128.5881333014034 None 267.7964486525267 146.80037823924204 206.5148145197906 231.37531971070217 None 69.99996860974203 None 29.999968609742027 None 1.0 1.0 1.0 1.0 0.0 1.0 1.0 1.0 1.0 0.0 1.0 1.0 1.0 1.0
300.9438087938009 113.97808825999867 3.0 2.0 4.0 2.0 None 6.0 3.0 4.0 4.0 None 2.0 None 0.0 1.0 193.7176601769864 141.81151374183247 201.6043044501719 139.28359128819187 None 291.01578930650936 157.41173295111545 202.0716761766216 232.354026715498 None 149.9999122963189 None 29.999912296318918 59.99991229631892 1.0 1.0 1.0 1.0 0.0 1.0 1.0 1.0 1.0 0.0 1.0 1.0 1.0 1.0
254.08812267350626 134.99647145677685 5.0 3.0 5.0 3.0 None None 4.0 5.0 7.0 None 4.0 None 1.0 None 198.36161459864692 137.7477941522946 208.05646039439014 136.10619236617802 None None 160.5408319569486 221.84746853420936 272.44393298083264 None 149.9999863804093 None 29.99998638040929 None 1.0 1.0 1.0 1.0 0.0 0.0 1.0 1.0 1.0 0.0 1.0 1.0 1.0 1.0
267.981285963569 127.99774385985701 4.0 3.0 5.0 3.0 None 7.0 3.0 5.0 6.0 None 3.0 None 1.0 1.0 191.99530256848269 134.88054632462942 202.69449994698402 133.44426307091788 None 274.76792572152846 136.94212453032532 203.50723036091352 246.79955638490992 None 129.99998023796712 None 29.999980237967122 39.99998023796712 1.0 1.0 1.0 1.0 0.0 1.0 1.0 1.0 1.0 0.0 1.0 1.0 1.0 1.0
247.96395783922435 138.33058763419234 5.0 4.0 5.0 4.0 None None 4.0 5.0 6.0 None 2.0 None 1.0 None 189.14139516161893 143.42987469075254 196.93334172928667 139.33298008564685 None None 143.42987469075254 202.04618320656044 234.30817126631462 None 79.99999245810386 None 29.999992458103854 None 1.0 1.0 1.0 1.0 0.0 0.0 1.0 1.0 1.0 0.0 1.0 1.0 1.0 1.0
245.01260799340255 139.99687722569615 5.0 4.0 5.0 4.0 None None 4.0 5.0 7.0 None 2.0 None 1.0 3.0 188.42887922002961 139.81985026146538 197.91756434741924 130.59351034569815 None None 146.29498599768795 202.82760129033787 248.4247227151216 None 69.99994061220761 None 29.99994061220761 119.99994061220761 1.0 1.0 1.0 1.0 0.0 0.0 1.0 1.0 1.0 0.0 1.0 1.0 1.0 1.0
266.39089301900924 128.76190928025582 5.0 3.0 5.0 2.0 None 7.0 3.0 5.0 6.0 None 1.0 None 0.0 None 192.33364210088695 122.75412189720078 203.48820407755102 119.42068790548595 None 273.4553331154667 157.8223107265502 211.03700749022352 243.4209216091873 None 39.99993008516345 None 29.99993008516345 None 1.0 1.0 1.0 1.0 0.0 1.0 1.0 1.0 1.0 0.0 1.0 1.0 1.0 1.0
271.2386239281519 126.46060322546818 4.0 3.0 4.0 2.0 None 6.0 3.0 4.0 5.0 None 0.0 None 0.0 2.0 191.1814218741053 125.13973874060075 200.79981353534697 122.12505494695573 None 267.630299153141 148.23251467129563 200.79981353534697 220.84974799646812 None 39.99995961680857 None 29.999959616808567 89.99995961680857 1.0 1.0 1.0 1.0 0.0 1.0 1.0 1.0 1.0 0.0 1.0 1.0 1.0 1.0
239.6930977858628 143.10382867446543 5.0 4.0 6.0 4.0 None None 4.0 6.0 7.0 None 2.0 None 1.0 None 197.7309596775131 138.5572686792391 203.27458847376624 129.14908907613614 None None 156.33591205854412 218.12554025849 265.41944765838286 None 79.99992488938055 None 29.99992488938055 None 1.0 1.0 1.0 1.0 0.0 0.0 1.0 1.0 1.0 0.0 1.0 1.0 1.0 1.0
287.38235034807076 119.35666876708133 4.0 3.0 4.0 3.0 None 7.0 3.0 4.0 5.0 None 1.0 None 0.0 None 187.53236211050515 136.34312457539022 198.5481795315143 132.0425501665992 None 294.2298004949274 140.93064512481595 187.35162493571585 203.86604514085033 None 59.99995481261781 None 29.99995481261781 None 1.0 1.0 1.0 1.0 0.0 1.0 1.0 1.0 1.0 0.0 1.0 1.0 1.0 1.0
254.41797470996644 134.8214489919698 5.0 3.0 5.0 3.0 None None 4.0 5.0 6.0 None 2.0 None 1.0 None 191.73355160736247 142.56176902499476 201.82563280899322 139.34897355118414 None None 151.69895301150316 204.74775713064943 223.306918478357 None 99.9999766821903 None 29.999976682190294 None 1.0 1.0 1.0 1.0 0.0 0.0 1.0 1.0 1.0 0.0 1.0 1.0 1.0 1.0
292.4468814535293 117.28967609268399 4.0 3.0 4.0 3.0 None 7.0 3.0 4.0 5.0 None 2.0 None 1.0 None 195.44073347118012 135.0447263445784 205.44953232803755 131.04933485432724 None 305.0119697327776 157.88446768049886 210.78392340048447 242.40188497386345 None 99.99990917237038 None 29.99990917237038 None 1.0 1.0 1.0 1.0 0.0 1.0 1.0 1.0 1.0 0.0 1.0 1.0 1.0 1.0
284.5306404428791 120.55292163476535 4.0 3.0 4.0 3.0 None 7.0 3.0 4.0 5.0 None 3.0 None 0.0 3.0 193.90725695389045 139.6864546063697 203.91540019859258 135.08238599463664 None 306.5360188929126 145.96410639113464 208.1176115018107 242.4009155076227 None 129.99999835038324 None 29.999998350383223 109.99999835038322 1.0 1.0 1.0 1.0 0.0 1.0 1.0 1.0 1.0 0.0 1.0 1.0 1.0 1.0
239.4761330656276 143.23348035104578 5.0 3.0 5.0 3.0 None None 4.0 5.0 6.0 None 2.0 None 1.0 1.0 187.09067493612486 138.52018707583056 197.6365359560151 137.03939395015124 None None 151.95061421082562 202.5686993054772 233.70719084157423 None 89.99998007869713 None 29.999980078697135 69.99998007869713 1.0 1.0 1.0 1.0 0.0 0.0 1.0 1.0 1.0 0.0 1.0 1.0 1.0 1.0
301.0672668743528 113.93134948249008 4.0 3.0 5.0 3.0 None 6.0 3.0 5.0 5.0 None 3.0 None 1.0 3.0 192.24002001124362 130.08913919877946 203.05359991817966 127.17738328362088 None 273.90091731490696 156.8294009186796 208.34414936211783 231.05360109892445 None 129.99990989993427 None 29.999909899934266 139.99990989993427 1.0 1.0 1.0 1.0 0.0 1.0 1.0 1.0 1.0 0.0 1.0 1.0 1.0 1.0
251.70090226359125 136.27682575439727 6.0 4.0 6.0 4.0 None None 4.0 6.0 7.0 None 3.0 None 1.0 3.0 195.97233026450064 139.30987810857917 203.44613337467447 134.3225186217099 None None 163.69345215799424 216.79920419794715 264.3630084645404 None 89.99997792232622 None 29.99997792232623 89.99997792232622 1.0 1.0 1.0 1.0 0.0 0.0 1.0 1.0 1.0 0.0 1.0 1.0 1.0 1.0
329.2946199700444 104.16507868582951 3.0 1.0 3.0 1.0 None 4.0 2.0 3.0 3.0 None 1.0 None 0.0 1.0 189.82955152276298 112.22424907927771 201.64702553121325 108.46682124827785 None 263.6323714235151 147.29541235282872 202.5076709976067 231.81417511397225 None 69.99992378852457 None 29.999923788524562 89.99992378852457 1.0 1.0 1.0 1.0 0.0 1.0 1.0 1.0 1.0 0.0 1.0 1.0 1.0 1.0
257.96537690789523 132.96745637398826 5.0 4.0 5.0 4.0 None None 4.0 5.0 7.0 None None None 1.0 1.0 188.94504542033945 147.1854734087614 199.96318740061244 143.80234868242783 None None 152.74882531352063 212.35434939111204 272.5923872855799 None None None 29.999957364096957 49.99995736409696 1.0 1.0 1.0 1.0 0.0 0.0 1.0 1.0 1.0 0.0 0.0 1.0 1.0 0.0
254.1007653745501 134.98975475118925 5.0 3.0 5.0 3.0 None 7.0 4.0 6.0 7.0 None 2.0 None 0.0 2.0 200.00615535967674 123.81144372461631 206.67851440026809 121.09917802612227 None 273.6657941628796 168.55509839111943 222.98548939895946 262.80272912501255 None 79.99998409287585 None 29.99998409287585 89.99998409287585 1.0 1.0 1.0 1.0 0.0 1.0 1.0 1.0 1.0 0.0 1.0 1.0 1.0 1.0
284.25677658139284 120.6690669349035 4.0 3.0 4.0 3.0 None 6.0 4.0 5.0 6.0 None 1.0 None 1.0 None 191.15772333869012 127.18881568478332 202.54224960349134 124.17504055065123 None 272.3949607400688 159.19773765834665 217.16230617051124 266.31402484477377 None 29.99999568620806 None 29.99999568620806 None 1.0 1.0 1.0 1.0 0.0 1.0 1.0 1.0 1.0 0.0 1.0 1.0 1.0 1.0
282.56522111342497 121.39144323862553 4.0 3.0 5.0 3.0 None 6.0 3.0 5.0 5.0 None 1.0 None 1.0 None 195.79674373205438 125.05299517733488 203.21327924248382 122.55653336447241 None 274.2371551749924 153.2512954340539 212.85266214756936 244.88667018654914 None 79.99999660509664 None 29.99999660509664 None 1.0 1.0 1.0 1.0 0.0 1.0 1.0 1.0 1.0 0.0 1.0 1.0 1.0 1.0
222.20191249519664 154.3686083293342 6.0 3.0 6.0 3.0 None 7.0 5.0 7.0 None None 2.0 None 1.0 None 196.38596883092683 119.05677251341689 203.87440295125262 116.04964722545856 None 251.65826958499568 155.96480376412816 223.21388878441323 None None 79.99993958756326 None 29.999939587563254 None 1.0 1.0 1.0 1.0 0.0 1.0 1.0 1.0 0.0 0.0 1.0 1.0 1.0 1.0
253.03587191068587 135.5578548645752 5.0 4.0 5.0 4.0 None None 4.0 6.0 6.0 None 4.0 None 1.0 None 194.6330953365921 131.44726974493386 204.99154809407352 129.39157092384485 None None 163.2003810053414 214.1942912895361 248.93694909734663 None 129.99999844585457 None 29.999998445854565 None 1.0 1.0 1.0 1.0 0.0 0.0 1.0 1.0 1.0 0.0 1.0 1.0 1.0 1.0
249.25609243803714 137.61348685399506 5.0 3.0 5.0 3.0 None None 5.0 6.0 7.0 None 3.0 None 1.0 2.0 193.67718335796346 133.81261383127068 202.36801052068935 131.81548571704155 None None 170.00709015970907 220.30051599358208 267.81326864647076 None 99.99997378331639 None 29.999973783316392 69.99997378331639 1.0 1.0 1.0 1.0 0.0 0.0 1.0 1.0 1.0 0.0 1.0 1.0 1.0 1.0
276.0600226126822 124.25196403075356 5.0 3.0 5.0 3.0 None 7.0 4.0 5.0 6.0 None 3.0 None 1.0 None 192.45791224021548 139.94766910507064 199.0277372799831 137.44169169120553 None 290.94589811187467 148.2987959185216 210.31392961816783 233.30066814327324 None 109.99990990992148 None 29.99990990992149 None 1.0 1.0 1.0 1.0 0.0 1.0 1.0 1.0 1.0 0.0 1.0 1.0 1.0 1.0
264.62216681389094 129.6225498150498 5.0 3.0 5.0 3.0 None 6.0 4.0 5.0 6.0 None 1.0 None 1.0 1.0 194.93959229126088 128.7929215302038 205.9562506671384 123.98209542277863 None 260.04183648965807 153.85889079375497 213.48202249915354 246.1728759796823 None 29.999993671515234 None 29.999993671515234 49.999993671515234 1.0 1.0 1.0 1.0 0.0 1.0 1.0 1.0 1.0 0.0 1.0 1.0 1.0 1.0
286.3216689374127 119.79882670877377 5.0 3.0 5.0 3.0 None 6.0 3.0 5.0 5.0 None 2.0 None 0.0 None 192.3439282802934 133.79092516222303 198.78685411279855 131.64185638469766 None 282.84925449558676 159.61929200069574 211.4242333216544 242.73708785471064 None 79.99999888461429 None 29.99999888461428 None 1.0 1.0 1.0 1.0 0.0 1.0 1.0 1.0 1.0 0.0 1.0 1.0 1.0 1.0
299.06704403819447 114.69334613685936 5.0 3.0 5.0 3.0 None 6.0 4.0 5.0 5.0 None 1.0 None 1.0 None 194.57302473721933 148.4252158474422 201.88166231906985 144.61798803375717 None 290.28645822476926 157.42477480794457 210.72663050923478 251.91260671250006 None 49.9999564759962 None 29.9999564759962 None 1.0 1.0 1.0 1.0 0.0 1.0 1.0 1.0 1.0 0.0 1.0 1.0 1.0 1.0
307.41143250795636 111.58010526857106 5.0 3.0 5.0 3.0 None 6.0 4.0 5.0 6.0 None 2.0 None 1.0 None 196.17455141883545 123.222707294555 204.97242132435696 121.61936649293185 None 255.06096919520058 167.50450095535612 228.83111832200296 297.98716218183574 None 79.9999931394616 None 29.999993139461594 None 1.0 1.0 1.0 1.0 0.0 1.0 1.0 1.0 1.0 0.0 1.0 1.0 1.0 1.0
245.71325401103238 139.5976791649176 5.0 4.0 5.0 4.0 None None 4.0 6.0 7.0 None 4.0 None 1.0 2.0 197.6487339164244 140.9431284235514 207.24188726831997 138.91537935330504 None None 165.2037002111259 222.36693815873193 263.8430182052168 None 159.99995495030507 None 29.999954950305074 69.99995495030507 1.0 1.0 1.0 1.0 0.0 0.0 1.0 1.0 1.0 0.0 1.0 1.0 1.0 1.0
278.39513659437387 123.20976730989774 5.0 3.0 5.0 3.0 None 7.0 5.0 5.0 6.0 None 2.0 None 1.0 1.0 195.97688869591525 131.92188135227542 203.53826228160256 127.67840729260539 None 296.3636202147725 173.5445560100991 221.26747931270984 256.2509801890036 None 79.99995093199925 None 29.99995093199925 49.99995093199925 1.0 1.0 1.0 1.0 0.0 1.0 1.0 1.0 1.0 0.0 1.0 1.0 1.0 1.0
277.4502866551131 123.62935505861685 5.0 3.0 5.0 3.0 None 7.0 4.0 5.0 6.0 None 2.0 None 1.0 2.0 188.91076139047624 127.69457392749494 198.07719029227633 124.93925113167201 None 292.6015211815844 146.35639711757557 198.07719029227633 216.94038393401235 None 79.99992609548632 None 29.999926095486316 99.99992609548632 1.0 1.0 1.0 1.0 0.0 1.0 1.0 1.0 1.0 0.0 1.0 1.0 1.0 1.0
323.82231800888354 105.9253735533417 4.0 3.0 4.0 3.0 None 6.0 3.0 4.0 5.0 None 3.0 None 1.0 None 199.5723783728606 136.18116659712362 207.32632810818194 132.57230092546095 None 307.0810076029672 159.86194924856065 219.5820298340658 267.79941658935985 None 119.99995511181095 None 29.99995511181094 None 1.0 1.0 1.0 1.0 0.0 1.0 1.0 1.0 1.0 0.0 1.0 1.0 1.0 1.0
291.47850184197534 117.67934781892161 4.0 3.0 4.0 3.0 None 6.0 3.0 5.0 6.0 None 2.0 None 0.0 None 198.618900487135 133.01745544422874 206.4032685815129 128.9643182598968 None 277.54631894287854 154.38807314969065 215.27731769919242 269.3563386113665 None 109.99992567203921 None 29.999925672039204 None 1.0 1.0 1.0 1.0 0.0 1.0 1.0 1.0 1.0 0.0 1.0 1.0 1.0 1.0
258.8128929578195 132.5320373648861 5.0 4.0 5.0 3.0 None None 4.0 6.0 6.0 None 3.0 None 1.0 2.0 194.1021503015125 140.78202526451244 201.4544620537136 135.39353613528397 None None 154.20762642543352 213.78154498314706 238.604319278856 None 119.9999989881141 None 29.999998988114108 79.9999989881141 1.0 1.0 1.0 1.0 0.0 0.0 1.0 1.0 1.0 0.0 1.0 1.0 1.0 1.0
257.6624950635007 133.12375940296062 4.0 3.0 5.0 3.0 None 7.0 4.0 5.0 6.0 None 2.0 None 1.0 1.0 192.10890540373927 123.86704593270815 198.42947637012222 121.3694712858092 None 264.6950080993721 156.42155367440253 208.47475556569864 240.37320536301925 None 79.99994400799645 None 29.999944007996447 69.99994400799645 1.0 1.0 1.0 1.0 0.0 1.0 1.0 1.0 1.0 0.0 1.0 1.0 1.0 1.0
258.1034198620187 132.89634061546806 5.0 3.0 5.0 3.0 None 7.0 3.0 5.0 5.0 None 2.0 None 0.0 1.0 190.82035320452144 134.45388245553394 196.7373547685363 129.57995199224743 None 288.397458190027 145.37669825891555 196.7373547685363 233.58770646848285 None 79.99995093972177 None 29.999950939721778 39.99995093972178 1.0 1.0 1.0 1.0 0.0 1.0 1.0 1.0 1.0 0.0 1.0 1.0 1.0 1.0
269.9210903118501 127.07788028112495 4.0 3.0 5.0 3.0 None 7.0 4.0 5.0 6.0 None 3.0 None 0.0 None 194.31890012865367 133.33835304916073 203.0279934928337 131.96937837284884 None 284.9320081250383 151.8821263049945 209.58483702682636 266.73954292098404 None 129.99993615987725 None 29.999936159877244 None 1.0 1.0 1.0 1.0 0.0 1.0 1.0 1.0 1.0 0.0 1.0 1.0 1.0 1.0
246.69959739722614 139.03954591693093 5.0 3.0 5.0 3.0 None 7.0 4.0 5.0 None None 2.0 None 1.0 1.0 191.1461618552465 125.91767260255739 202.47566430455097 124.62898258965302 None 260.63750683738033 166.75162322266203 222.68864784177956 None None 89.99998418863262 None 29.999984188632624 29.999984188632624 1.0 1.0 1.0 1.0 0.0 1.0 1.0 1.0 0.0 0.0 1.0 1.0 1.0 1.0
247.01772952490057 138.86047801496895 5.0 3.0 5.0 3.0 None 7.0 4.0 5.0 6.0 None 2.0 None 1.0 None 188.60235485028372 127.84146025286046 195.37830233969217 125.82642807752057 None 270.2710883064531 141.37969466569464 192.76740098873825 219.93117948852392 None 69.99995382580505 None 29.999953825805058 None 1.0 1.0 1.0 1.0 0.0 1.0 1.0 1.0 1.0 0.0 1.0 1.0 1.0 1.0
283.550374278454 120.96968691113597 4.0 3.0 4.0 3.0 None 7.0 3.0 4.0 5.0 None 2.0 None 0.0 None 192.4862874918334 136.26098693957545 200.10704905646418 131.69198676794792 None 283.84818908477695 147.8967439769908 200.10704905646418 229.78453493211424 None 89.99991728852206 None 29.99991728852205 None 1.0 1.0 1.0 1.0 0.0 1.0 1.0 1.0 1.0 0.0 1.0 1.0 1.0 1.0
222.11370057720282 154.42991544809087 5.0 3.0 5.0 3.0 None None 4.0 6.0 7.0 None 2.0 None 1.0 None 191.94498985333064 121.9647030563269 198.6181119741233 116.75208051330029 None None 149.82566057306383 199.9864762852022 243.09068686381895 None 79.99998237686108 None 29.999982376861084 None 1.0 1.0 1.0 1.0 0.0 0.0 1.0 1.0 1.0 0.0 1.0 1.0 1.0 1.0
277.58343904302717 123.57005201121933 5.0 3.0 5.0 3.0 None 6.0 4.0 5.0 6.0 None 1.0 None 1.0 None 190.04838224688035 130.53842224179778 201.72161222961373 124.42305044876065 None 272.0059503041798 152.61883207857304 212.64567287517198 257.44225323977935 None 79.9999454527227 None 29.9999454527227 None 1.0 1.0 1.0 1.0 0.0 1.0 1.0 1.0 1.0 0.0 1.0 1.0 1.0 1.0
243.77490006284575 140.70767741534146 5.0 4.0 6.0 4.0 None None 4.0 6.0 7.0 None 2.0 None 1.0 None 194.84556112426526 126.70977240213666 206.7668112048101 125.67637935917433 None None 158.33677901747689 217.89039085844308 243.83268781832356 None 79.99998832705172 None 29.999988327051724 None 1.0 1.0 1.0 1.0 0.0 0.0 1.0 1.0 1.0 0.0 1.0 1.0 1.0 1.0
260.96984660960385 131.43664084422886 5.0 3.0 5.0 3.0 None 7.0 4.0 5.0 6.0 None 2.0 None 0.0 2.0 194.50304569199903 132.8385723972736 203.77426046472917 130.09698099157163 None 272.2464747318314 154.9670528915683 206.37664462363549 238.4456124646484 None 89.99994844634111 None 29.999948446341115 119.99994844634111 1.0 1.0 1.0 1.0 0.0 1.0 1.0 1.0 1.0 0.0 1.0 1.0 1.0 1.0
257.88204529293427 133.0104232771874 5.0 3.0 5.0 3.0 None 7.0 4.0 6.0 6.0 None 2.0 None 1.0 3.0 193.42810592495644 135.13050381422565 202.32330398013738 133.57098222682487 None 274.1820240703015 158.56882797794475 215.13577225687328 251.13127865643042 None 79.99994963266869 None 29.99994963266868 139.9999496326687 1.0 1.0 1.0 1.0 0.0 1.0 1.0 1.0 1.0 0.0 1.0 1.0 1.0 1.0
213.35753021699418 160.76770276218676 6.0 5.0 6.0 4.0 None None 5.0 7.0 None None 7.0 None 1.0 None 198.1777860115419 155.69852419071844 205.9612482572286 151.10292756903 None None 159.8308589045406 217.60524799663085 None None 219.99992328011206 None 29.99992328011207 None 1.0 1.0 1.0 1.0 0.0 0.0 1.0 1.0 0.0 0.0 1.0 1.0 1.0 1.0
266.2924995631383 128.8094860210931 5.0 3.0 5.0 3.0 None 7.0 4.0 5.0 6.0 None 2.0 None 1.0 1.0 189.4606343908606 122.28274509627778 196.1536229560156 119.60122634253847 None 280.28599237543165 150.46881271311378 194.98579266652948 234.73061988062094 None 89.99998076064409 None 29.9999807606441 39.9999807606441 1.0 1.0 1.0 1.0 0.0 1.0 1.0 1.0 1.0 0.0 1.0 1.0 1.0 1.0
258.5360816756211 132.6739377253989 5.0 3.0 5.0 3.0 None 7.0 4.0 5.0 6.0 None 2.0 None 1.0 None 192.0477220032124 130.06727407437216 197.62387203902605 127.10956970032075 None 281.3072148672567 151.1725231740127 203.14939952154722 241.7780277967698 None 79.9999434375151 None 29.999943437515107 None 1.0 1.0 1.0 1.0 0.0 1.0 1.0 1.0 1.0 0.0 1.0 1.0 1.0 1.0
222.05982490604515 154.4673828978878 5.0 4.0 6.0 4.0 None None 5.0 6.0 None None 3.0 None 1.0 2.0 195.71609015919975 129.52573208494096 200.4247134272623 128.25159862623252 None None 160.87032752867196 215.5262484483104 None None 89.99990955731704 None 29.999909557317032 69.99990955731704 1.0 1.0 1.0 1.0 0.0 0.0 1.0 1.0 0.0 0.0 1.0 1.0 1.0 1.0
250.51313144985113 136.92296208778393 4.0 3.0 5.0 3.0 None 7.0 4.0 5.0 7.0 None 2.0 None 1.0 None 194.74586447046667 121.66736992531673 204.7496820869643 114.97608965175635 None 268.72167908889156 167.517045523098 210.8956496474803 252.44550488400756 None 89.99996875266572 None 29.999968752665723 None 1.0 1.0 1.0 1.0 0.0 1.0 1.0 1.0 1.0 0.0 1.0 1.0 1.0 1.0
290.41667531462133 118.1096091084997 4.0 3.0 5.0 3.0 None 6.0 3.0 5.0 6.0 None 1.0 None 1.0 None 194.75783952915322 134.14450889395016 203.8302672372991 128.64339498496975 None 265.3094955018555 169.3080112257041 222.6790564262963 268.116984115583 None 79.99995690003003 None 29.99995690003003 None 1.0 1.0 1.0 1.0 0.0 1.0 1.0 1.0 1.0 0.0 1.0 1.0 1.0 1.0
297.9617027485149 115.11882125653803 4.0 3.0 4.0 3.0 None 6.0 3.0 4.0 5.0 None 1.0 None 1.0 None 195.22589072497402 119.89022971927974 208.0046686964497 116.01300061314905 None 276.4324539391633 157.357815150397 211.42402057614032 245.56225003221613 None 29.99992703302258 None 29.99992703302258 None 1.0 1.0 1.0 1.0 0.0 1.0 1.0 1.0 1.0 0.0 1.0 1.0 1.0 1.0
257.0339362217247 133.4493044156278 5.0 3.0 5.0 3.0 None 7.0 4.0 6.0 6.0 None 3.0 None 1.0 2.0 199.55211909730605 125.2461612360552 206.61563128822178 124.08457903954303 None 266.10915860360126 153.92247066022782 214.55318951697046 250.5755689510862 None 109.99990189821636 None 29.999901898216365 69.99990189821636 1.0 1.0 1.0 1.0 0.0 1.0 1.0 1.0 1.0 0.0 1.0 1.0 1.0 1.0
226.0281664569707 151.75542295313858 6.0 4.0 6.0 3.0 None None 4.0 6.0 7.0 None 2.0 None 1.0 1.0 191.3262303094509 122.2534334853878 201.23430458888427 119.3050794533219 None None 152.05519067748838 204.4244577759117 242.58349734546508 None 79.99999096970006 None 29.999990969700065 49.999990969700065 1.0 1.0 1.0 1.0 0.0 0.0 1.0 1.0 1.0 0.0 1.0 1.0 1.0 1.0
266.41397017782094 128.75075573966868 5.0 4.0 5.0 3.0 None 7.0 4.0 5.0 5.0 None 4.0 None 1.0 None 189.67727783887167 143.69557469854814 195.23714684927359 140.51248388507483 None 284.89387135466575 145.07756273202583 196.83514200988125 240.4160021651214 None 179.99999498181953 None 29.999994981819533 None 1.0 1.0 1.0 1.0 0.0 1.0 1.0 1.0 1.0 0.0 1.0 1.0 1.0 1.0
224.0986805471007 153.06203461912247 5.0 4.0 5.0 4.0 None None 4.0 6.0 None None 5.0 None 1.0 None 191.87534212826972 153.77010907811749 202.50267571889978 151.18552024176932 None None 155.49296290306305 216.3611050631167 None None 179.99996932496376 None 29.99996932496375 None 1.0 1.0 1.0 1.0 0.0 0.0 1.0 1.0 0.0 0.0 1.0 1.0 1.0 1.0
268.8358267416898 127.59088108058613 5.0 3.0 5.0 3.0 None 7.0 3.0 5.0 6.0 None 3.0 None 1.0 None 188.6929959117974 143.67654504754165 195.95451219601784 139.094998127796 None 288.19989820773685 154.44995925899786 215.55912611454238 247.7339009224798 None 149.9999732120201 None 29.9999732120201 None 1.0 1.0 1.0 1.0 0.0 1.0 1.0 1.0 1.0 0.0 1.0 1.0 1.0 1.0
249.47145293954014 137.49468965618647 5.0 3.0 5.0 3.0 None None 3.0 5.0 6.0 None 4.0 None 1.0 1.0 189.32393554013254 143.78311470040003 198.2197919215513 139.36864914862377 None None 142.70569991794392 205.0681351620696 234.05130013644913 None 179.99998309950496 None 29.99998309950496 49.99998309950496 1.0 1.0 1.0 1.0 0.0 0.0 1.0 1.0 1.0 0.0 1.0 1.0 1.0 1.0
249.9432737504383 137.23513933905113 5.0 3.0 5.0 3.0 None 7.0 4.0 6.0 7.0 None 2.0 None 1.0 1.0 197.2944174352509 126.60713023411617 207.1723779188761 125.85362875654485 None 279.9098776643369 166.39256295615752 227.59397628511513 262.59890965037124 None 89.99993178461105 None 29.999931784611057 39.99993178461106 1.0 1.0 1.0 1.0 0.0 1.0 1.0 1.0 1.0 0.0 1.0 1.0 1.0 1.0
266.4544335876761 128.73120382406154 5.0 3.0 5.0 3.0 None 7.0 4.0 5.0 6.0 None 3.0 None 0.0 None 196.2614789663699 136.65674722553666 205.07235530258242 132.01185896552397 None 294.0681415696349 162.20769702540014 213.3517599214581 248.64267600052239 None 139.99996898166864 None 29.99996898166866 None 1.0 1.0 1.0 1.0 0.0 1.0 1.0 1.0 1.0 0.0 1.0 1.0 1.0 1.0
243.71802963278196 140.740510875139 5.0 4.0 5.0 4.0 None None 4.0 5.0 6.0 None 5.0 None 1.0 1.0 189.0642216802969 147.85279139317655 194.64260680765062 143.35153982511537 None None 151.49422869462242 194.62109096479742 222.54956340589956 None 199.9999677819198 None 29.9999677819198 69.99996778191979 1.0 1.0 1.0 1.0 0.0 0.0 1.0 1.0 1.0 0.0 1.0 1.0 1.0 1.0
273.69437920932984 125.32592046315115 4.0 3.0 4.0 3.0 None 7.0 3.0 4.0 5.0 None 4.0 None 0.0 2.0 189.68634555612192 144.06581014393097 196.3581316369437 137.1606061002669 None 297.5529071540827 147.82537619316358 195.26616300910229 232.47762339691752 None 189.9999504272576 None 29.999950427257595 89.9999504272576 1.0 1.0 1.0 1.0 0.0 1.0 1.0 1.0 1.0 0.0 1.0 1.0 1.0 1.0
275.5274263887678 124.49214384778327 4.0 3.0 5.0 3.0 None 6.0 3.0 5.0 6.0 None 1.0 None 0.0 1.0 195.72395147484923 119.94755778285456 203.63565261091082 115.8824565993334 None 266.96263711223685 157.77428441926781 212.01357188718544 252.8523077585719 None 79.99994749147224 None 29.99994749147224 49.99994749147224 1.0 1.0 1.0 1.0 0.0 1.0 1.0 1.0 1.0 0.0 1.0 1.0 1.0 1.0
267.74447623261693 128.1109529602367 5.0 3.0 5.0 3.0 None 7.0 4.0 5.0 6.0 None 4.0 None 0.0 None 191.25766431293113 142.3805893129145 198.94044973447055 136.23351283609003 None 297.99042541468623 162.80621506940727 217.76245201373544 264.44548561474875 None 149.99994594126966 None 29.99994594126965 None 1.0 1.0 1.0 1.0 0.0 1.0 1.0 1.0 1.0 0.0 1.0 1.0 1.0 1.0
260.12730804897063 131.86235715606844 5.0 3.0 5.0 3.0 None 7.0 4.0 5.0 6.0 None 4.0 None 1.0 None 189.25731560514464 139.0916970342622 199.86345237504014 138.28027160263485 None 282.42152100917536 150.9606770397432 205.13940478313378 234.13131562900492 None 149.9999133445652 None 29.999913344565172 None 1.0 1.0 1.0 1.0 0.0 1.0 1.0 1.0 1.0 0.0 1.0 1.0 1.0 1.0
251.77873817581116 136.23469657731155 5.0 3.0 5.0 3.0 None None 4.0 5.0 6.0 None None None 1.0 2.0 194.6596347825389 139.85063568186763 205.05180240640698 136.08547827708682 None None 149.74377274155304 208.59505588520585 249.85477105652325 None None None 29.9999243523282 119.99992435232821 1.0 1.0 1.0 1.0 0.0 0.0 1.0 1.0 1.0 0.0 0.0 1.0 1.0 0.0
250.20614417283116 137.09095799144887 5.0 4.0 5.0 3.0 None None 4.0 5.0 6.0 None 2.0 None 1.0 1.0 191.03632046973695 131.8147760970296 197.70911093008408 126.36809735203441 None None 146.65568749450085 199.53150443175207 219.44774921606069 None 79.99996386735013 None 29.999963867350132 49.99996386735013 1.0 1.0 1.0 1.0 0.0 0.0 1.0 1.0 1.0 0.0 1.0 1.0 1.0 1.0
217.0198362345501 158.05467645330015 6.0 3.0 6.0 3.0 None None 5.0 6.0 None None 1.0 None 1.0 2.0 192.90924931017219 123.90518273630154 202.2090330693875 121.58105715791002 None None 150.05368964171845 216.6086222025824 None None 29.999935971163822 None 29.999935971163822 69.99993597116382 1.0 1.0 1.0 1.0 0.0 0.0 1.0 1.0 0.0 0.0 1.0 1.0 1.0 1.0
223.7451880617778 153.30385559187636 5.0 4.0 5.0 3.0 None None 4.0 5.0 6.0 None 3.0 None 1.0 1.0 186.68634661529921 137.86843327515788 194.4705357627948 133.2976309391344 None None 136.78894116600563 190.55283554066065 215.66898364394717 None 129.999937387672 None 29.999937387672 49.999937387672 1.0 1.0 1.0 1.0 0.0 0.0 1.0 1.0 1.0 0.0 1.0 1.0 1.0 1.0
285.2427233442021 120.25197206734357 4.0 3.0 4.0 3.0 None 7.0 3.0 4.0 5.0 None 3.0 None 1.0 1.0 189.80179132028098 141.20027847077853 196.04811259313868 134.5823602858739 None 308.84345470368663 145.58676063382086 197.4229389026375 227.14763680830873 None 109.99999329478543 None 29.999993294785426 39.999993294785426 1.0 1.0 1.0 1.0 0.0 1.0 1.0 1.0 1.0 0.0 1.0 1.0 1.0 1.0
266.55859504737555 128.68090032476226 5.0 3.0 5.0 3.0 None 7.0 3.0 5.0 7.0 None 0.0 None 0.0 2.0 195.44853570488982 129.45361011863997 205.49097983960905 126.48560352153957 None 273.84543455571736 160.63919853269704 215.66089928087558 273.56460822416403 None 29.999981929308504 None 29.999981929308504 89.9999819293085 1.0 1.0 1.0 1.0 0.0 1.0 1.0 1.0 1.0 0.0 1.0 1.0 1.0 1.0
245.65216719891316 139.6323931969437 5.0 4.0 5.0 4.0 None None 5.0 6.0 6.0 None 3.0 None 1.0 3.0 195.3864123028157 134.66809263432833 207.7517947232149 133.48040427084777 None None 166.75460389194973 217.89205878366784 239.4055814040322 None 109.99996749558368 None 29.999967495583675 119.99996749558368 1.0 1.0 1.0 1.0 0.0 0.0 1.0 1.0 1.0 0.0 1.0 1.0 1.0 1.0
224.7243634855879 152.63587564772345 6.0 4.0 6.0 4.0 None None 5.0 6.0 7.0 None 2.0 None 1.0 1.0 191.76324104637877 129.777623234658 202.03717434312682 126.04087246867066 None None 153.66371454024926 206.73448694315528 250.61328462816198 None 69.99990809478997 None 29.999908094789973 39.99990809478997 1.0 1.0 1.0 1.0 0.0 0.0 1.0 1.0 1.0 0.0 1.0 1.0 1.0 1.0
274.703457473312 124.86555617281377 4.0 3.0 5.0 3.0 None 7.0 3.0 5.0 6.0 None 2.0 None 1.0 None 195.83119728546595 125.2147638651112 205.94101344091163 123.70791439544317 None 279.8239495140851 155.8171303214859 218.40467833272342 244.06500243480767 None 79.99997503856557 None 29.99997503856556 None 1.0 1.0 1.0 1.0 0.0 1.0 1.0 1.0 1.0 0.0 1.0 1.0 1.0 1.0
299.9777251509641 114.34515673701435 4.0 3.0 4.0 3.0 None 6.0 4.0 5.0 6.0 None 2.0 None 1.0 None 190.61825277973833 122.29910795339073 200.31909405625385 120.19796548822079 None 268.99276972102723 156.95401008466308 213.17412635050817 257.7662518841209 None 89.99993121280228 None 29.99993121280228 None 1.0 1.0 1.0 1.0 0.0 1.0 1.0 1.0 1.0 0.0 1.0 1.0 1.0 1.0
245.2566080065385 139.85759763539394 5.0 4.0 5.0 4.0 None None 4.0 5.0 6.0 None 4.0 None 0.0 1.0 190.40656297717408 148.64446744297567 200.13026500748646 144.31654383535243 None None 152.3456541512782 203.95747918637875 226.00716009657884 None 159.99991747887816 None 29.999917478878146 69.99991747887815 1.0 1.0 1.0 1.0 0.0 0.0 1.0 1.0 1.0 0.0 1.0 1.0 1.0 1.0
260.27220857080954 131.78894584385904 5.0 3.0 5.0 3.0 None None 4.0 5.0 6.0 None 2.0 None 0.0 None 193.27046452361418 136.4616158055954 200.7432925648577 132.79722205626683 None None 163.54838090645313 221.0982162460428 256.06768543860693 None 99.9999763850655 None 29.999976385065494 None 1.0 1.0 1.0 1.0 0.0 0.0 1.0 1.0 1.0 0.0 1.0 1.0 1.0 1.0
269.13284578322396 127.45006987228948 4.0 3.0 5.0 3.0 None 7.0 3.0 5.0 6.0 None 2.0 None 0.0 2.0 195.7357560081994 138.39969368019132 203.64553877781515 134.28580267612944 None 278.31560921455736 151.900201180414 209.7364131921301 252.2302045889885 None 89.99991802751583 None 29.999918027515825 99.99991802751583 1.0 1.0 1.0 1.0 0.0 1.0 1.0 1.0 1.0 0.0 1.0 1.0 1.0 1.0
271.32979289289153 126.41811145870166 5.0 3.0 5.0 3.0 None None 3.0 5.0 6.0 None None None 0.0 None 193.67461745701314 150.16340263516688 200.29141795968647 147.86931420594007 None None 143.11599970863676 199.23309757141604 225.82982865467764 None None None 29.99997028623889 None 1.0 1.0 1.0 1.0 0.0 0.0 1.0 1.0 1.0 0.0 0.0 1.0 1.0 0.0
220.40973858027826 155.62379512331208 6.0 4.0 6.0 4.0 None None 5.0 6.0 7.0 None 5.0 None 1.0 2.0 195.55822031924748 138.98525491264837 200.79827916497317 135.55896029819843 None None 163.05957960812873 216.33487538688786 251.11758481311477 None 169.999918492824 None 29.999918492824023 69.99991849282402 1.0 1.0 1.0 1.0 0.0 0.0 1.0 1.0 1.0 0.0 1.0 1.0 1.0 1.0
230.60766997899623 148.7418003188018 5.0 3.0 5.0 3.0 None None 3.0 5.0 7.0 None 3.0 None 0.0 None 185.48728689838714 135.06293478636604 195.20229863994902 128.17451787823703 None None 137.94860166922678 199.50327578108192 233.54127205962703 None 109.999914550418 None 29.99991455041799 None 1.0 1.0 1.0 1.0 0.0 0.0 1.0 1.0 1.0 0.0 1.0 1.0 1.0 1.0
240.8920806439521 142.3915635097121 5.0 3.0 5.0 3.0 None None 4.0 5.0 6.0 None 2.0 None 1.0 3.0 189.0036883157316 125.63617593405951 200.0242774969676 122.96731734402269 None None 147.93988625636305 200.2992987500549 220.77825282394184 None 79.99990299869796 None 29.99990299869797 119.99990299869796 1.0 1.0 1.0 1.0 0.0 0.0 1.0 1.0 1.0 0.0 1.0 1.0 1.0 1.0
283.58313147065326 120.9557134873153 5.0 3.0 5.0 3.0 None 6.0 4.0 5.0 6.0 None 3.0 None 0.0 None 194.25066178708997 142.07112895557006 205.04645747652427 136.6407909897776 None 272.7651271539906 168.99935645506335 212.35633190926364 252.57847647770973 None 139.9999747179981 None 29.999974717998107 None 1.0 1.0 1.0 1.0 0.0 1.0 1.0 1.0 1.0 0.0 1.0 1.0 1.0 1.0
251.64719900181933 136.30590817643878 5.0 3.0 5.0 3.0 None None 3.0 5.0 5.0 None 2.0 None 1.0 1.0 190.50623025271423 132.65237987894247 197.18238020811094 130.59121703694976 None None 143.45741309122678 196.0640371857874 222.50530981298783 None 89.99999842696093 None 29.99999842696092 59.99999842696092 1.0 1.0 1.0 1.0 0.0 0.0 1.0 1.0 1.0 0.0 1.0 1.0 1.0 1.0
241.4036048292529 142.08984171657846 5.0 3.0 6.0 3.0 None 7.0 4.0 6.0 None None 2.0 None 1.0 None 199.00617713814796 120.15883432698783 208.39923571851608 118.14347878459495 None 255.60355173510106 165.6308659350126 225.13189368150466 None None 79.99996830157028 None 29.999968301570277 None 1.0 1.0 1.0 1.0 0.0 1.0 1.0 1.0 0.0 0.0 1.0 1.0 1.0 1.0
279.7204065722672 122.62601938960846 4.0 3.0 5.0 3.0 None 6.0 4.0 5.0 6.0 None 2.0 None 1.0 None 193.55624887319573 124.38226294182591 201.46494616308934 118.67320809559392 None 263.3185113461778 159.69453461706092 222.69808584059604 256.64701672943306 None 79.99994645721866 None 29.999946457218655 None 1.0 1.0 1.0 1.0 0.0 1.0 1.0 1.0 1.0 0.0 1.0 1.0 1.0 1.0
323.6791030390869 105.97224126593639 4.0 3.0 5.0 3.0 None 6.0 3.0 5.0 5.0 None 2.0 None 0.0 None 190.90137143337955 142.9623887605144 201.81384395820464 139.60788835027546 None 290.5165285486492 148.87122065403298 209.12278127121488 242.88719045845374 None 109.99996396840505 None 29.999963968405055 None 1.0 1.0 1.0 1.0 0.0 1.0 1.0 1.0 1.0 0.0 1.0 1.0 1.0 1.0
268.4494978662782 127.77449863991266 4.0 3.0 5.0 3.0 None None 4.0 5.0 5.0 None 3.0 None 1.0 1.0 191.2084543771147 139.74187174565301 199.11703151387363 138.4105619685003 None None 152.06559678900237 211.56591391279696 233.7877925249273 None 89.99992610914282 None 29.999926109142812 49.99992610914281 1.0 1.0 1.0 1.0 0.0 0.0 1.0 1.0 1.0 0.0 1.0 1.0 1.0 1.0
236.845495194521 144.82437156690955 5.0 4.0 6.0 4.0 None 7.0 4.0 6.0 7.0 None 3.0 None 1.0 None 190.15011728577502 138.20355004864922 199.84691098312896 135.78881307351998 None 266.06961821576186 150.3700958567784 203.5265959410786 238.00056409361667 None 89.99997284906601 None 29.99997284906602 None 1.0 1.0 1.0 1.0 0.0 1.0 1.0 1.0 1.0 0.0 1.0 1.0 1.0 1.0
267.4169969186446 128.26783785338552 4.0 3.0 4.0 3.0 None 7.0 4.0 5.0 7.0 None 1.0 None 1.0 1.0 194.59324394867406 141.29874381186215 206.79443661190135 137.42713925271494 None 290.54967019547865 169.98890075538094 223.5335482129616 268.88687320190434 None 69.99992690230438 None 29.99992690230438 69.99992690230438 1.0 1.0 1.0 1.0 0.0 1.0 1.0 1.0 1.0 0.0 1.0 1.0 1.0 1.0
244.409011837545 140.34261561025974 5.0 4.0 5.0 4.0 None None 4.0 6.0 7.0 None 6.0 None 0.0 2.0 193.7345292844539 146.36391142554754 203.21197525843775 142.31645122658438 None None 157.98836927023308 221.59806043031455 256.03424380003156 None 209.9999691874433 None 29.999969187443284 79.99996918744328 1.0 1.0 1.0 1.0 0.0 0.0 1.0 1.0 1.0 0.0 1.0 1.0 1.0 1.0
233.06668469050737 147.17247145617915 6.0 4.0 6.0 4.0 None None 5.0 7.0 None None 4.0 None 1.0 None 202.88634175762536 141.2019870719048 211.78087695687543 136.92736037658216 None None 185.13353214793955 253.35346433716416 None None 159.9999667747257 None 29.999966774725678 None 1.0 1.0 1.0 1.0 0.0 0.0 1.0 1.0 0.0 0.0 1.0 1.0 1.0 1.0
241.2526890368216 142.17872611884027 5.0 4.0 5.0 4.0 None None 5.0 6.0 None None 6.0 None 1.0 None 197.41779248435586 146.3999845435743 204.09034243582744 143.44383474529394 None None 175.33382405171142 229.44955600945957 None None 219.9999804343198 None 29.999980434319795 None 1.0 1.0 1.0 1.0 0.0 0.0 1.0 1.0 0.0 0.0 1.0 1.0 1.0 1.0
270.0495287648474 127.01744067795978 5.0 3.0 5.0 3.0 None 7.0 3.0 5.0 6.0 None 3.0 None 0.0 2.0 195.94243406560693 135.68038579071353 205.165089786855 132.65594838898392 None 290.5018460949497 159.01761556188615 220.01812061936897 262.9619263427115 None 149.99999423961117 None 29.999994239611176 89.99999423961117 1.0 1.0 1.0 1.0 0.0 1.0 1.0 1.0 1.0 0.0 1.0 1.0 1.0 1.0
270.7611903460486 126.68359138235921 4.0 3.0 5.0 3.0 None 7.0 3.0 4.0 5.0 None 2.0 None 1.0 None 189.353392744562 138.31642154018837 197.24947507180283 136.29763560441657 None 280.313103283165 132.39759736980318 191.98889758939376 208.2854060867983 None 89.99994659271081 None 29.99994659271082 None 1.0 1.0 1.0 1.0 0.0 1.0 1.0 1.0 1.0 0.0 1.0 1.0 1.0 1.0
274.45988148199916 124.97637109943035 4.0 4.0 4.0 4.0 None None 3.0 5.0 6.0 None None None 1.0 1.0 191.333685005047 167.07169435468361 201.34084234686745 161.70688303477354 None None 143.95440967445205 211.95180097730983 256.3242116135678 None None None 29.999990148636677 39.99999014863668 1.0 1.0 1.0 1.0 0.0 0.0 1.0 1.0 1.0 0.0 0.0 0.0 0.0 0.0
224.51872530775688 152.7756758505654 5.0 3.0 6.0 3.0 None None 4.0 6.0 None None 3.0 None 1.0 None 190.13961786444364 129.6126912769681 199.78885054345193 121.43497984782437 None None 155.53400091706305 215.37595092545155 None None 129.99999663805454 None 29.99999663805454 None 1.0 1.0 1.0 1.0 0.0 0.0 1.0 1.0 0.0 0.0 1.0 1.0 1.0 1.0
263.7431612281701 130.05455701778536 4.0 3.0 5.0 3.0 None None 3.0 5.0 6.0 None 3.0 None 1.0 1.0 195.78195179512682 141.1855127820135 204.24139221220352 139.71791746809635 None None 150.02570410507465 213.11851360095503 245.58284744981657 None 149.99996384089948 None 29.999963840899476 49.999963840899476 1.0 1.0 1.0 1.0 0.0 0.0 1.0 1.0 1.0 0.0 1.0 1.0 1.0 1.0
231.0672455999462 148.44596390518444 5.0 4.0 6.0 4.0 None None 4.0 6.0 7.0 None 4.0 None 0.0 1.0 184.59094641094356 145.68575314859046 196.0255991827117 143.46255215140204 None None 138.7889021175746 198.94794039454536 231.55710752274422 None 159.99990149381995 None 29.99990149381994 49.99990149381994 1.0 1.0 1.0 1.0 0.0 0.0 1.0 1.0 1.0 0.0 1.0 1.0 1.0 1.0
247.94737936764784 138.33983681327666 6.0 3.0 6.0 3.0 None None 4.0 6.0 7.0 None 3.0 None 1.0 1.0 193.04858871117762 129.54066390473207 198.5267088232818 127.00586294682783 None None 159.97261406870643 222.08173093375206 273.3286431147836 None 89.99992171804858 None 29.999921718048583 49.99992171804858 1.0 1.0 1.0 1.0 0.0 0.0 1.0 1.0 1.0 0.0 1.0 1.0 1.0 1.0
277.73113117578373 123.50433980802083 4.0 3.0 4.0 3.0 None 7.0 3.0 4.0 5.0 None 4.0 None 0.0 None 191.85813034241568 150.94696258376666 202.84882596398143 145.00055788705896 None 284.46681562146125 155.77441518229546 206.9318725093388 240.3178122948787 None 189.99998896027512 None 29.999988960275104 None 1.0 1.0 1.0 1.0 0.0 1.0 1.0 1.0 1.0 0.0 1.0 1.0 1.0 1.0
290.7072694534819 117.99154546250087 4.0 3.0 4.0 3.0 None 6.0 4.0 5.0 6.0 None 1.0 None 1.0 1.0 195.85586999070395 132.61446309920547 203.20693030946484 128.9546072747481 None 272.96909124497955 152.99553835665012 216.87240051464892 239.8187008464265 None 59.99993845206932 None 29.999938452069323 49.99993845206932 1.0 1.0 1.0 1.0 0.0 1.0 1.0 1.0 1.0 0.0 1.0 1.0 1.0 1.0
257.2916183696019 133.31565255548387 5.0 3.0 5.0 3.0 None 7.0 4.0 5.0 6.0 None 1.0 None 1.0 1.0 191.59599233330133 129.04342819198683 199.8465489599953 120.37693605766077 None 280.11283293494677 149.47071631009445 203.46961559306442 231.1847278296334 None 69.99993813929706 None 29.999938139297065 49.999938139297065 1.0 1.0 1.0 1.0 0.0 1.0 1.0 1.0 1.0 0.0 1.0 1.0 1.0 1.0
266.52479267957943 128.69722045422333 4.0 3.0 5.0 3.0 None 7.0 4.0 5.0 6.0 None 1.0 None 0.0 None 194.19276563809683 125.94215342480618 199.85739415033237 120.38003418376107 None 278.85507720050697 159.2691613733106 215.2781879400692 249.9670743875712 None 89.99990443252256 None 29.999904432522555 None 1.0 1.0 1.0 1.0 0.0 1.0 1.0 1.0 1.0 0.0 1.0 1.0 1.0 1.0
293.0726385649616 117.03924381326011 4.0 3.0 4.0 3.0 None 6.0 3.0 4.0 5.0 None 2.0 None 0.0 0.0 185.97022717112725 120.53337369541958 195.00412105219365 115.71185484994686 None 263.847769274885 147.7196020743467 202.62326146849227 241.70515610812402 None 79.999940455846 None 29.999940455846 49.999940455846 1.0 1.0 1.0 1.0 0.0 1.0 1.0 1.0 1.0 0.0 1.0 1.0 1.0 1.0
233.93276038932632 146.62760334599574 6.0 4.0 6.0 4.0 None None 4.0 6.0 6.0 None 2.0 None 1.0 2.0 192.9607370225477 129.05217781652232 198.48619887601595 126.72270807230419 None None 147.15720488143015 198.48619887601595 227.62327895850333 None 69.99996493396256 None 29.99996493396256 69.99996493396256 1.0 1.0 1.0 1.0 0.0 0.0 1.0 1.0 1.0 0.0 1.0 1.0 1.0 1.0
272.8482776723371 125.71455569601213 4.0 3.0 5.0 3.0 None 7.0 3.0 5.0 6.0 None 3.0 None 0.0 1.0 197.14343826085252 138.40275062546084 204.95088429428546 136.9589484101616 None 283.61239414176276 156.580837994945 208.07439303573716 254.27559393207025 None 149.99992804189463 None 29.99992804189462 59.99992804189462 1.0 1.0 1.0 1.0 0.0 1.0 1.0 1.0 1.0 0.0 1.0 1.0 1.0 1.0
290.55742159316696 118.05239670672606 4.0 3.0 5.0 3.0 None 7.0 4.0 5.0 5.0 None 3.0 None 1.0 None 188.46647211934385 136.60677721117722 194.02500405173018 133.4928671118408 None 305.54183065116575 149.30596367097922 194.02500405173018 221.18979167782936 None 89.99997265910082 None 29.999972659100827 None 1.0 1.0 1.0 1.0 0.0 1.0 1.0 1.0 1.0 0.0 1.0 1.0 1.0 1.0
250.7851482567931 136.77444712506366 5.0 3.0 5.0 3.0 None 7.0 4.0 5.0 6.0 None 2.0 None 1.0 1.0 187.89324746103773 125.8449030145808 195.92671095112314 119.3075491426424 None 281.13417336453085 149.4764257554088 198.849218969663 217.56285580865966 None 79.999900829259 None 29.999900829259005 39.999900829259005 1.0 1.0 1.0 1.0 0.0 1.0 1.0 1.0 1.0 0.0 1.0 1.0 1.0 1.0
250.89943244371892 136.7121466394481 5.0 3.0 5.0 3.0 None 7.0 4.0 5.0 7.0 None 2.0 None 1.0 1.0 198.44194634192246 116.65304801906156 205.91380228049002 113.50455172329997 None 272.70718343817884 159.36694056926552 221.99333997794554 270.17932348098816 None 79.99993622561756 None 29.99993622561756 49.99993622561756 1.0 1.0 1.0 1.0 0.0 1.0 1.0 1.0 1.0 0.0 1.0 1.0 1.0 1.0
249.0085688529278 137.75027967113547 5.0 4.0 5.0 4.0 None None 4.0 6.0 None None 3.0 None 1.0 1.0 198.21504314292577 138.81519485066028 203.77438751577608 135.1122372864738 None None 172.1406935096052 234.6328675489243 None None 129.99992818270653 None 29.99992818270652 49.99992818270652 1.0 1.0 1.0 1.0 0.0 0.0 1.0 1.0 0.0 0.0 1.0 1.0 1.0 1.0
292.7759601424713 117.15784309377166 4.0 3.0 5.0 3.0 None 7.0 4.0 5.0 6.0 None 2.0 None 0.0 3.0 194.123128944371 146.30388618586974 201.82388734288742 141.25931847714875 None 304.30571863971977 159.21779005604267 213.17273293399813 234.66670347842881 None 79.99999206850475 None 29.999992068504753 129.99999206850475 1.0 1.0 1.0 1.0 0.0 1.0 1.0 1.0 1.0 0.0 1.0 1.0 1.0 1.0
339.00163296165005 101.18240346022269 3.0 3.0 3.0 3.0 None 6.0 3.0 3.0 4.0 None 0.0 None 0.0 1.0 194.45078500527208 146.8137875402338 202.07159755668584 143.02016096444208 None 290.8675808385508 148.18694581726783 202.07159755668584 232.36775031846298 None 29.99995674646278 None 29.99995674646278 99.99995674646277 1.0 1.0 1.0 1.0 0.0 1.0 1.0 1.0 1.0 0.0 1.0 1.0 1.0 1.0
277.7797645777315 123.48271679235837 4.0 3.0 4.0 2.0 None 6.0 3.0 4.0 4.0 None 3.0 None 0.0 None 193.47662237880684 127.54018040415369 202.5347912422967 125.45883621320075 None 271.0899333906689 148.75678102816252 202.5347912422967 209.66018361821818 None 129.9999395125643 None 29.99993951256431 None 1.0 1.0 1.0 1.0 0.0 1.0 1.0 1.0 1.0 0.0 1.0 1.0 1.0 1.0
291.9689149218639 117.48168468269836 4.0 3.0 4.0 3.0 None 6.0 3.0 4.0 6.0 None 2.0 None 1.0 1.0 192.29622117923856 137.1873225345109 201.17269559591216 133.5577526925155 None 274.9713516015141 155.09244636940116 208.14423351441638 251.17078565866734 None 89.99993177744773 None 29.99993177744772 59.99993177744772 1.0 1.0 1.0 1.0 0.0 1.0 1.0 1.0 1.0 0.0 1.0 1.0 1.0 1.0
226.6873961716838 151.31410294210545 6.0 4.0 6.0 4.0 None None 4.0 6.0 7.0 None 3.0 None 1.0 1.0 192.12774915305198 141.32625868520392 196.91864109439663 139.27316099370023 None None 146.69127243218887 199.8415872554489 238.5481881207164 None 119.99996215252176 None 29.999962152521753 49.99996215252175 1.0 1.0 1.0 1.0 0.0 0.0 1.0 1.0 1.0 0.0 1.0 1.0 1.0 1.0
261.06268748914204 131.38989845657903 5.0 3.0 5.0 3.0 None 6.0 4.0 5.0 7.0 None 2.0 None 1.0 2.0 194.24811820974097 131.98132852461455 203.9438145216191 130.671888669768 None 259.74369151022836 152.50018332411642 213.1528260736935 265.4664947387346 None 89.99990180938246 None 29.999901809382465 89.99990180938246 1.0 1.0 1.0 1.0 0.0 1.0 1.0 1.0 1.0 0.0 1.0 1.0 1.0 1.0
264.94071295123405 129.46670074943736 4.0 4.0 5.0 4.0 None None 4.0 5.0 7.0 None None None 1.0 3.0 196.8323404286449 164.2002001982866 206.96570981569573 157.57561112692014 None None 162.79959671440196 224.82003511611083 270.5672497321121 None None None 29.999918785880297 89.9999187858803 1.0 1.0 1.0 1.0 0.0 0.0 1.0 1.0 1.0 0.0 0.0 0.0 0.0 0.0
228.13794482469754 150.3520163046839 6.0 4.0 6.0 4.0 None None 5.0 6.0 7.0 None 2.0 None 1.0 None 194.27248891289187 133.6606600810062 200.55208916711294 131.74049299950562 None None 159.45939558734597 212.2118143621 255.5389962968812 None 89.99999797105474 None 29.999997971054746 None 1.0 1.0 1.0 1.0 0.0 0.0 1.0 1.0 1.0 0.0 1.0 1.0 1.0 1.0
214.854769479815 159.6473752155755 6.0 4.0 6.0 3.0 None None 4.0 6.0 7.0 None 3.0 None 1.0 None 187.82865804638354 133.33085307248467 194.20775343897634 127.9673668028571 None None 144.3372598114829 202.6333385469378 234.94613957522438 None 99.99991317189284 None 29.999913171892842 None 1.0 1.0 1.0 1.0 0.0 0.0 1.0 1.0 1.0 0.0 1.0 1.0 1.0 1.0
241.33313565956928 142.13133188799185 5.0 3.0 5.0 3.0 None None 4.0 6.0 6.0 None 2.0 None 0.0 0.0 191.89432846222303 138.47321255391358 199.65097703993348 134.9399796315209 None None 152.9598848903021 207.50902387056038 238.06617999762636 None 89.99999419192977 None 29.999994191929765 39.999994191929765 1.0 1.0 1.0 1.0 0.0 0.0 1.0 1.0 1.0 0.0 1.0 1.0 1.0 1.0
273.74843876073413 125.30117123327338 5.0 3.0 5.0 3.0 None 7.0 4.0 5.0 6.0 None 3.0 None 0.0 None 196.87977376334976 138.07657447523349 208.59619639475073 130.56893006440606 None 293.35793275845697 157.45413133943032 217.05315259681873 252.78528591781878 None 139.99995485208774 None 29.999954852087747 None 1.0 1.0 1.0 1.0 0.0 1.0 1.0 1.0 1.0 0.0 1.0 1.0 1.0 1.0
278.1194719165653 123.33188957833976 4.0 3.0 5.0 3.0 None 7.0 3.0 5.0 6.0 None 2.0 None 0.0 3.0 202.48271109264522 128.35099084934524 210.1881058759771 121.23229091169839 None 279.3375258935355 160.49261115985544 221.7085901293492 261.9790153969112 None 89.99998600827422 None 29.999986008274227 139.99998600827422 1.0 1.0 1.0 1.0 0.0 1.0 1.0 1.0 1.0 0.0 1.0 1.0 1.0 1.0
283.768097960788 120.8768718065687 4.0 3.0 4.0 3.0 None 6.0 3.0 4.0 5.0 None 0.0 None 0.0 None 191.27713942270367 135.23638666033006 201.81160293636282 131.96730922256918 None 271.52804903752764 153.40744814326982 204.73392871895066 236.732089756086 None 29.999958065044552 None 29.999958065044552 None 1.0 1.0 1.0 1.0 0.0 1.0 1.0 1.0 1.0 0.0 1.0 1.0 1.0 1.0
233.68377466904795 146.7838323331537 5.0 4.0 5.0 3.0 None 7.0 4.0 5.0 7.0 None 1.0 None 1.0 2.0 186.09969955425063 135.31491491570574 190.44530951202836 129.05007961025095 None 261.88099339919063 144.27749872924318 195.4989298376419 235.25057933841575 None 29.999957857798528 None 29.999957857798528 89.99995785779853 1.0 1.0 1.0 1.0 0.0 1.0 1.0 1.0 1.0 0.0 1.0 1.0 1.0 1.0
