205.7658343594913 277.6116850390285 6.0 5.0 6.0 8.0 None 5.0 4.0 5.0 3.0 9.0 2.0 None 2.0 None 124.1168601032372 104.388420212267 121.02044408810175 169.10599886680936 None 92.7863697003842 86.02778833461606 95.4452049657548 60.858452149833155 184.75833461294462 29.99990247130953 None 29.99990247130953 None 1.0 1.0 1.0 1.0 0.0 1.0 1.0 1.0 1.0 1.0 1.0 1.0 1.0 1.0
222.857804441253 256.3203929214786 5.0 5.0 5.0 7.0 None 4.0 3.0 3.0 2.0 8.0 1.0 None 1.0 None 117.33641142605482 102.96927190131449 116.57590002672539 168.1752425792233 None 91.81671591527132 77.9005451026805 87.13126985169214 59.269932779215594 200.07603702022425 29.999990511511545 None 29.999990511511545 None 1.0 1.0 1.0 1.0 0.0 1.0 1.0 1.0 1.0 1.0 1.0 1.0 1.0 1.0
220.44710032862082 259.12339021400896 5.0 4.0 5.0 7.0 None 4.0 4.0 4.0 3.0 None 1.0 None 1.0 None 127.19645959835304 105.96387840765183 125.13254378150512 171.70795605254207 None 94.29625853257107 90.63849870281362 105.56803573608124 73.20131090167615 None 29.999969264409877 None 29.999969264409877 None 1.0 1.0 1.0 1.0 0.0 1.0 1.0 1.0 1.0 0.0 1.0 1.0 1.0 1.0
215.76420612040624 264.747341679661 6.0 5.0 6.0 8.0 None 5.0 4.0 4.0 3.0 9.0 1.0 None 1.0 None 120.0105522990797 104.84273475290664 115.8823711200119 169.39913866904666 None 94.00537680639248 72.95250348258752 81.73511495140865 53.291941615428414 206.27027555671512 29.99992283199234 None 29.99992283199234 None 1.0 1.0 1.0 1.0 0.0 1.0 1.0 1.0 1.0 1.0 1.0 1.0 1.0 1.0
239.38807818062227 238.6209055778448 5.0 5.0 5.0 7.0 None 4.0 4.0 4.0 2.0 None 2.0 None 1.0 None 123.0455731211079 107.23694901230635 120.98001369427476 171.96615149460274 None 96.32590741749635 78.11833992722634 86.66565190446221 52.70100932992598 None 39.99997290322156 None 29.999972903221565 None 1.0 1.0 1.0 1.0 0.0 1.0 1.0 1.0 1.0 0.0 1.0 1.0 1.0 1.0
181.15531774832746 315.32610088409837 6.0 5.0 6.0 9.0 None 5.0 4.0 4.0 3.0 None 2.0 None 2.0 None 113.806442433751 103.54786544309381 112.89315068898118 167.89085173652109 None 92.71586726378109 69.81246992707293 78.42186804117681 57.458648032695706 None 29.999954466521228 None 29.999954466521228 None 1.0 1.0 1.0 1.0 0.0 1.0 1.0 1.0 1.0 0.0 1.0 1.0 1.0 1.0
191.9091488784296 297.65647095952795 6.0 5.0 6.0 8.0 None 4.0 4.0 5.0 3.0 None 2.0 None 2.0 None 123.38182240549415 105.19695332598755 122.62115461157188 170.90148407027587 None 93.66919270680748 85.22199192164543 94.4553506949023 68.11880076852368 None 29.999934899685346 None 29.999934899685346 None 1.0 1.0 1.0 1.0 0.0 1.0 1.0 1.0 1.0 0.0 1.0 1.0 1.0 1.0
188.7229016415962 302.68186586322383 6.0 6.0 6.0 8.0 None 5.0 4.0 5.0 3.0 None 1.0 None 1.0 None 120.6256982467945 106.78882484850065 118.9798503312024 170.25295247009063 None 96.07468437154701 78.34385663868112 92.7199987281923 59.38355910439779 None 29.999975678754925 None 29.999975678754925 None 1.0 1.0 1.0 1.0 0.0 1.0 1.0 1.0 1.0 0.0 1.0 1.0 1.0 1.0
188.59716754615485 302.8836580274751 6.0 6.0 6.0 8.0 None 5.0 4.0 5.0 3.0 None 2.0 None 2.0 None 118.01425871119177 104.42417042229145 117.25270292869955 169.55967355257607 None 93.25314029540425 76.30040635738192 91.04148738697701 57.80201840459624 None 29.99999530618307 None 29.99999530618307 None 1.0 1.0 1.0 1.0 0.0 1.0 1.0 1.0 1.0 0.0 1.0 1.0 1.0 1.0
219.33377778685366 260.43868197770956 6.0 4.0 6.0 7.0 None 4.0 4.0 4.0 3.0 9.0 1.0 None 1.0 None 126.43815440985294 104.84695632821222 126.21383699597347 169.92379755050416 None 92.35889258165297 92.75288202815612 101.30252464798816 74.92113593466478 210.0577390721714 29.999932290022215 None 29.999932290022215 None 1.0 1.0 1.0 1.0 0.0 1.0 1.0 1.0 1.0 1.0 1.0 1.0 1.0 1.0
205.91183901349734 277.4148406117418 5.0 5.0 5.0 8.0 None 4.0 4.0 4.0 3.0 10.0 1.0 None 1.0 None 120.74779492074865 103.65528196510533 119.98675770288074 169.9575115089064 None 92.95370749106145 83.67275372543513 92.2255291698496 66.29057843322816 233.8437650516832 29.999933046198404 None 29.999933046198404 None 1.0 1.0 1.0 1.0 0.0 1.0 1.0 1.0 1.0 1.0 1.0 1.0 1.0 1.0
184.9280437919598 308.8931177158949 6.0 5.0 6.0 9.0 None 5.0 4.0 4.0 3.0 7.0 1.0 None 1.0 None 117.20371671075259 106.91076358768038 113.81777250502896 172.37960766079155 None 96.75874867549189 71.70763854831621 81.43515213127509 52.427729209252604 137.35909198178064 29.999999608675182 None 29.999999608675182 None 1.0 1.0 1.0 1.0 0.0 1.0 1.0 1.0 1.0 1.0 1.0 1.0 1.0 1.0
202.65978347263544 281.8664809622337 5.0 4.0 5.0 8.0 None 4.0 4.0 4.0 3.0 None 1.0 None 1.0 None 123.04669063852467 102.8541954034888 121.74202996394442 170.62283002092062 None 92.35573728229677 86.52917331534587 100.60636510206322 68.12771757643378 None 29.99997550612071 None 29.99997550612071 None 1.0 1.0 1.0 1.0 0.0 1.0 1.0 1.0 1.0 0.0 1.0 1.0 1.0 1.0
197.2881866215332 289.5409044920749 6.0 6.0 6.0 8.0 None 5.0 5.0 5.0 4.0 10.0 2.0 None 2.0 None 123.26571798757413 104.48152689349533 121.02831981503121 168.33467571496664 None 94.0277294688185 83.83557782129043 92.63494225523937 64.79957674561552 226.99007878883086 29.99999348646137 None 29.99999348646137 None 1.0 1.0 1.0 1.0 0.0 1.0 1.0 1.0 1.0 1.0 1.0 1.0 1.0 1.0
217.83759088693517 262.22746848889227 6.0 5.0 6.0 7.0 None 4.0 4.0 4.0 3.0 10.0 2.0 None 2.0 None 122.07791963644019 102.98193058105761 118.98134330654077 166.47310547189747 None 92.96729075943739 78.30838158466682 87.46405873967686 58.9211782653879 239.10995060521844 29.999967456410268 None 29.999967456410268 None 1.0 1.0 1.0 1.0 0.0 1.0 1.0 1.0 1.0 1.0 1.0 1.0 1.0 1.0
223.85646856570992 255.17690136897852 6.0 5.0 6.0 7.0 None 4.0 4.0 5.0 3.0 10.0 1.0 None 1.0 None 122.37279439640862 104.5151823676821 121.61143934252893 167.73185830801174 None 93.89716513816253 87.27758524396049 96.00131995367087 62.66255782148285 233.77400820098825 29.999915969252797 None 29.999915969252797 None 1.0 1.0 1.0 1.0 0.0 1.0 1.0 1.0 1.0 1.0 1.0 1.0 1.0 1.0
214.17400085486145 266.7130453369564 6.0 5.0 6.0 7.0 None 4.0 4.0 4.0 3.0 None 1.0 None 1.0 None 125.09177569106464 104.51096488979064 124.33087470926412 168.99663109890253 None 93.48985493986645 88.31169680338984 98.18548313193685 77.95998399825625 None 29.99994382297697 None 29.99994382297697 None 1.0 1.0 1.0 1.0 0.0 1.0 1.0 1.0 1.0 0.0 1.0 1.0 1.0 1.0
207.6579613710204 275.08215732667674 6.0 6.0 6.0 8.0 None 5.0 4.0 5.0 3.0 10.0 2.0 None 2.0 None 122.06870018699358 105.90239487950764 121.03661615751484 172.61493326784068 None 95.24550335482091 80.04773046628856 94.29463469287019 53.36868716700425 209.69434475653668 29.999983834617936 None 29.999983834617936 None 1.0 1.0 1.0 1.0 0.0 1.0 1.0 1.0 1.0 1.0 1.0 1.0 1.0 1.0
196.2124916127884 291.1282535096096 6.0 5.0 6.0 8.0 None 5.0 4.0 4.0 3.0 10.0 1.0 None 1.0 None 115.87480510443207 103.57085636615768 113.97018799492803 167.74138914018832 None 93.78757962769112 77.64180870068701 86.19442782766446 59.09359755298141 222.26994718116265 29.999951282764226 None 29.999951282764226 None 1.0 1.0 1.0 1.0 0.0 1.0 1.0 1.0 1.0 1.0 1.0 1.0 1.0 1.0
224.75126017778575 254.1609775839023 6.0 5.0 6.0 7.0 None 5.0 5.0 5.0 4.0 10.0 1.0 None 1.0 None 130.3182312541099 107.89229906403754 128.25341990704163 172.64675042944776 None 95.9920832823016 98.18118262917282 107.30623790677369 81.71384251281212 240.76915318709155 29.999936172172497 None 29.999936172172497 None 1.0 1.0 1.0 1.0 0.0 1.0 1.0 1.0 1.0 1.0 1.0 1.0 1.0 1.0
209.568491968254 272.57437157420185 5.0 5.0 5.0 7.0 None 4.0 3.0 4.0 3.0 8.0 1.0 None 1.0 None 118.92751453212782 103.45682829389392 117.8951769993597 166.25617050141227 None 92.59963496590356 76.52412315101974 85.59647890245103 58.27509936930551 181.47058397457516 29.999947946238308 None 29.999947946238308 None 1.0 1.0 1.0 1.0 0.0 1.0 1.0 1.0 1.0 1.0 1.0 1.0 1.0 1.0
220.71913353715465 258.8040243026064 5.0 4.0 5.0 7.0 None 4.0 4.0 4.0 3.0 7.0 2.0 None 2.0 None 120.99171217851722 104.87307150418133 120.82585644187105 168.12741687439438 None 94.16100793652873 85.82024679121406 94.84987770800711 67.7115705528364 172.2403368862737 29.999963107890917 None 29.999963107890917 None 1.0 1.0 1.0 1.0 0.0 1.0 1.0 1.0 1.0 1.0 1.0 1.0 1.0 1.0
191.73010234109967 297.93443649435216 6.0 5.0 6.0 8.0 None 5.0 4.0 5.0 3.0 10.0 1.0 None 1.0 None 117.94680154502967 104.70762260014084 117.01048906804311 170.3416610094997 None 93.48211724828315 82.75290502875539 91.30019439781368 65.3204394884986 207.8859993387732 29.999977745833203 None 29.999977745833203 None 1.0 1.0 1.0 1.0 0.0 1.0 1.0 1.0 1.0 1.0 1.0 1.0 1.0 1.0
224.65317930560292 254.271941205398 5.0 4.0 5.0 7.0 None 4.0 3.0 4.0 3.0 7.0 1.0 None 1.0 None 118.92691957480965 101.89147202375237 117.89477708151163 167.50368765223084 None 91.14924847373686 75.35017733880544 90.31069520865628 61.482257088414485 178.78117457693412 29.999966848230898 None 29.999966848230898 None 1.0 1.0 1.0 1.0 0.0 1.0 1.0 1.0 1.0 1.0 1.0 1.0 1.0 1.0
182.41344139121077 313.15126541301225 6.0 5.0 6.0 9.0 None 5.0 4.0 5.0 3.0 None 1.0 None 1.0 None 126.09980638845276 106.78714134662211 123.10364349435908 170.56221267912542 None 96.15951161865291 85.40372290907673 94.96559784852096 68.13618375729149 None 29.999994119987846 None 29.999994119987846 None 1.0 1.0 1.0 1.0 0.0 1.0 1.0 1.0 1.0 0.0 1.0 1.0 1.0 1.0
222.3957287552463 256.8529545046511 6.0 5.0 6.0 7.0 None 4.0 4.0 5.0 3.0 6.0 1.0 None 1.0 None 126.20136481181038 107.75684128930322 125.59734785250865 173.25822475898264 None 95.94809625841873 97.89946772544647 106.99596293802267 75.51449437053128 134.00455288503264 29.99991497307345 None 29.99991497307345 None 1.0 1.0 1.0 1.0 0.0 1.0 1.0 1.0 1.0 1.0 1.0 1.0 1.0 1.0
203.01944846000058 281.3671322294747 6.0 6.0 6.0 8.0 None 5.0 4.0 5.0 3.0 None 2.0 None 1.0 None 122.07435237861765 106.10363404885263 118.97802984148413 171.32418423049896 None 94.5281303390302 79.02543810926555 88.25913917259281 52.60453151954992 None 39.99993145148875 None 29.999931451488752 None 1.0 1.0 1.0 1.0 0.0 1.0 1.0 1.0 1.0 0.0 1.0 1.0 1.0 1.0
225.3943720428936 253.43578671578024 6.0 5.0 6.0 7.0 None 5.0 4.0 4.0 3.0 9.0 1.0 None 1.0 None 117.94070012669803 108.73110822022755 115.87704053379835 174.7774408696168 None 97.12081056166164 78.44230498821096 87.27613083933656 52.86570699169123 223.76285131784178 29.999909180909093 None 29.999909180909093 None 1.0 1.0 1.0 1.0 0.0 1.0 1.0 1.0 1.0 1.0 1.0 1.0 1.0 1.0
190.05982760172333 300.5527297420428 6.0 6.0 6.0 9.0 None 5.0 5.0 5.0 4.0 9.0 2.0 None 2.0 None 126.19277198209677 105.39055164367902 123.29833088808526 171.39528628732552 None 94.83747556387146 89.7378192898207 98.87146768627868 79.66532142852736 181.14117889292217 29.999919453202256 None 29.999919453202256 None 1.0 1.0 1.0 1.0 0.0 1.0 1.0 1.0 1.0 1.0 1.0 1.0 1.0 1.0
193.15268543652718 295.74012844243606 6.0 5.0 6.0 8.0 None 4.0 4.0 4.0 2.0 None 1.0 None 1.0 None 124.13463707162516 104.04952041519134 121.03756434241306 168.19622316641818 None 93.14245582844548 83.17000357456133 92.91292725993097 59.11039859557175 None 29.999970509023637 None 29.999970509023637 None 1.0 1.0 1.0 1.0 0.0 1.0 1.0 1.0 1.0 0.0 1.0 1.0 1.0 1.0
195.4588683004102 292.25074562595387 7.0 6.0 7.0 8.0 None 5.0 5.0 5.0 4.0 8.0 1.0 None 1.0 None 121.078391492543 105.30670179528562 117.96227772842246 170.00686340727248 None 94.32510874072932 84.72440189996775 93.76596725177703 66.95597642245627 159.31556450775858 29.99993413873336 None 29.99993413873336 None 1.0 1.0 1.0 1.0 0.0 1.0 1.0 1.0 1.0 1.0 1.0 1.0 1.0 1.0
201.69097417641515 283.2204080190303 5.0 5.0 5.0 8.0 None 4.0 4.0 4.0 3.0 8.0 1.0 None 1.0 None 120.52388155405455 106.21014894985919 117.89580062294041 171.69063663443026 None 94.38441348450573 79.15972548713987 93.21576501616232 65.44363653722459 171.21014654707992 29.999947857189177 None 29.999947857189177 None 1.0 1.0 1.0 1.0 0.0 1.0 1.0 1.0 1.0 1.0 1.0 1.0 1.0 1.0
208.41134943188294 274.0877603629262 6.0 5.0 6.0 8.0 None 5.0 5.0 5.0 4.0 6.0 1.0 None 1.0 None 128.25970251694702 108.01156480587966 126.19489961763915 171.95222074837903 None 96.33866162638571 96.41898365011536 105.46455961628445 73.69575430743191 114.08046223087825 29.999924541923242 None 29.999924541923242 None 1.0 1.0 1.0 1.0 0.0 1.0 1.0 1.0 1.0 1.0 1.0 1.0 1.0 1.0
191.82631718244943 297.7850007184848 6.0 6.0 6.0 8.0 None 5.0 4.0 5.0 3.0 7.0 1.0 None 1.0 None 115.87829297335632 105.5528688763717 114.60703587199247 167.7346759178791 None 94.12869191847346 77.5411831406471 86.91775124692779 52.96538647820567 132.69825007389352 29.999968485499195 None 29.999968485499195 None 1.0 1.0 1.0 1.0 0.0 1.0 1.0 1.0 1.0 1.0 1.0 1.0 1.0 1.0
206.16033641792777 277.08045588459066 6.0 5.0 6.0 8.0 None 5.0 5.0 5.0 4.0 7.0 1.0 None 1.0 None 126.53860228220734 104.64311619182004 126.2011526974764 168.60091202160015 None 93.08508714348274 91.55709056912647 100.59253240335602 74.58866366096647 158.0170027059538 29.999952972169382 None 29.999952972169382 None 1.0 1.0 1.0 1.0 0.0 1.0 1.0 1.0 1.0 1.0 1.0 1.0 1.0 1.0
195.08353808804702 292.81302030834956 6.0 5.0 6.0 8.0 None 4.0 4.0 4.0 3.0 10.0 1.0 None 1.0 None 119.99529495235963 104.1569794407737 115.86628196689797 168.31459995594332 None 93.42717083385256 84.72583765334905 93.61801866482867 66.19672111196026 216.97042074719144 29.99992732132459 None 29.99992732132459 None 1.0 1.0 1.0 1.0 0.0 1.0 1.0 1.0 1.0 1.0 1.0 1.0 1.0 1.0
227.58291698174523 250.99862835742599 6.0 5.0 6.0 7.0 None 5.0 4.0 5.0 3.0 7.0 2.0 None 2.0 None 121.02597525858747 105.84042770390155 120.2640602908941 170.08195054141652 None 94.45606662469712 84.89109427173483 94.0977624506551 66.21145696078348 162.02356518531676 29.999956692913965 None 29.999956692913965 None 1.0 1.0 1.0 1.0 0.0 1.0 1.0 1.0 1.0 1.0 1.0 1.0 1.0 1.0
216.26535051805735 264.1338516001917 5.0 5.0 5.0 7.0 None 4.0 4.0 4.0 3.0 10.0 2.0 None 1.0 None 118.94323169088581 105.1532802695666 117.45122228328627 170.83263183659534 None 94.73860028783452 82.22640350662175 85.27185753253839 57.417046810085566 241.99703904191313 39.99999067207729 None 29.999990672077285 None 1.0 1.0 1.0 1.0 0.0 1.0 1.0 1.0 1.0 1.0 1.0 1.0 1.0 1.0
218.75561774189114 261.12700825539116 6.0 4.0 6.0 7.0 None 4.0 4.0 4.0 3.0 6.0 1.0 None 1.0 None 126.90887860994275 104.02471494831045 126.19310710724633 169.07745219882565 None 92.60397376204455 91.49057285980538 101.23247519995962 73.87366397099834 144.6914647634708 29.999929827487563 None 29.999929827487563 None 1.0 1.0 1.0 1.0 0.0 1.0 1.0 1.0 1.0 1.0 1.0 1.0 1.0 1.0
222.62026794072398 256.5938875574881 6.0 5.0 6.0 8.0 None 5.0 5.0 5.0 4.0 10.0 2.0 None 2.0 None 126.18975640118167 108.77715369904318 123.11376979061684 172.84130598702728 None 97.31951806185158 89.14080547525018 97.68997202612448 71.73961167351884 251.01033560744645 29.999992701172758 None 29.999992701172758 None 1.0 1.0 1.0 1.0 0.0 1.0 1.0 1.0 1.0 1.0 1.0 1.0 1.0 1.0
208.48260002441825 273.99408868322604 6.0 5.0 6.0 8.0 None 5.0 4.0 5.0 3.0 None 2.0 None 2.0 None 123.63097651578974 105.40971706720362 121.04085108590132 169.58681316888635 None 94.64588724445761 83.21523076518963 91.90160328460945 65.31006542731242 None 29.999983518266724 None 29.999983518266724 None 1.0 1.0 1.0 1.0 0.0 1.0 1.0 1.0 1.0 0.0 1.0 1.0 1.0 1.0
194.23467780500775 294.09269573039785 6.0 5.0 6.0 8.0 None 4.0 5.0 5.0 4.0 7.0 1.0 None 1.0 None 130.00412102624077 103.96415036116395 129.2436958472024 168.00039454012474 None 93.20446264791147 98.2389963496002 112.51629095727202 87.25931764295377 150.65457385855908 29.99996789062058 None 29.99996789062058 None 1.0 1.0 1.0 1.0 0.0 1.0 1.0 1.0 1.0 1.0 1.0 1.0 1.0 1.0
206.6813968786556 276.3819137217144 6.0 5.0 6.0 8.0 None 4.0 4.0 5.0 3.0 9.0 2.0 None 2.0 None 122.0614094047979 106.638810210803 120.35696614775978 169.9499287460536 None 96.28646168687564 91.06356190011715 100.63793739554336 60.96275163855713 186.806359730064 29.999905648945038 None 29.999905648945038 None 1.0 1.0 1.0 1.0 0.0 1.0 1.0 1.0 1.0 1.0 1.0 1.0 1.0 1.0
216.0045834039907 264.45272178860927 6.0 4.0 6.0 7.0 None 4.0 4.0 4.0 3.0 9.0 1.0 None 1.0 None 125.00333046621532 102.06866281134404 124.24252625157075 166.9354756990535 None 91.41799726505889 79.9978880686231 94.74102345309026 61.58265451039613 199.46762064141674 29.999953536735568 None 29.999953536735568 None 1.0 1.0 1.0 1.0 0.0 1.0 1.0 1.0 1.0 1.0 1.0 1.0 1.0 1.0
220.55151410805445 259.00071568773643 5.0 5.0 5.0 7.0 None 5.0 4.0 5.0 3.0 10.0 1.0 None 1.0 None 124.24723733585034 104.43285349250951 123.48686060265072 170.05496064291768 None 93.47359927495575 88.10470351010261 98.02503918794883 68.5013545326266 243.64231180772768 29.999953935639745 None 29.999953935639745 None 1.0 1.0 1.0 1.0 0.0 1.0 1.0 1.0 1.0 1.0 1.0 1.0 1.0 1.0
221.06256603479298 258.4019584347421 6.0 5.0 6.0 7.0 None 4.0 4.0 4.0 2.0 8.0 1.0 None 1.0 None 120.00034491358684 104.16512257298635 118.96858497087473 169.6088259092094 None 93.98203640286332 77.19600778738842 87.22048001510404 52.4371405815943 188.7612715373541 29.99990021771216 None 29.99990021771216 None 1.0 1.0 1.0 1.0 0.0 1.0 1.0 1.0 1.0 1.0 1.0 1.0 1.0 1.0
218.11426468039508 261.8948379359914 6.0 5.0 6.0 8.0 None 4.0 4.0 4.0 3.0 8.0 1.0 None 1.0 1.0 122.33264790218658 106.5489387404784 121.57191493507005 170.61303532110202 None 95.67581254829904 81.43311200936142 96.12696052685617 69.18404356180557 186.7115552846013 29.999961741197435 None 29.999961741197435 29.999961741197435 1.0 1.0 1.0 1.0 0.0 1.0 1.0 1.0 1.0 1.0 1.0 1.0 1.0 1.0
199.70396955341505 286.03838034737333 6.0 5.0 6.0 8.0 None 4.0 4.0 5.0 4.0 6.0 1.0 None 1.0 None 125.6043445519056 104.26876780508513 124.84311338342857 167.65027862145934 None 93.33443999555183 90.8699339517096 106.53387964670989 80.79532330510781 116.10235415112496 29.999982885787684 None 29.999982885787684 None 1.0 1.0 1.0 1.0 0.0 1.0 1.0 1.0 1.0 1.0 1.0 1.0 1.0 1.0
212.58693908573187 268.70418401839584 6.0 6.0 6.0 8.0 None 5.0 5.0 6.0 4.0 10.0 2.0 None 2.0 None 129.17249155961625 106.45393866217273 128.41120165078235 170.47047454415406 None 95.16537136810915 96.56422588026624 105.14236105682929 80.73927100595866 237.43166106706283 29.999959857020226 None 29.999959857020226 None 1.0 1.0 1.0 1.0 0.0 1.0 1.0 1.0 1.0 1.0 1.0 1.0 1.0 1.0
187.9629495533265 303.9056374447549 6.0 6.0 6.0 8.0 None 5.0 4.0 5.0 3.0 8.0 2.0 None 2.0 None 122.07048418807801 103.70653359364107 118.97276484278697 166.22340072354015 None 93.46362901049807 82.55814346948743 91.1034604320788 57.28789682529798 166.06893923016446 29.999920952137046 None 29.999920952137046 None 1.0 1.0 1.0 1.0 0.0 1.0 1.0 1.0 1.0 1.0 1.0 1.0 1.0 1.0
197.6403405525431 289.02500289314025 6.0 5.0 6.0 8.0 None 5.0 4.0 5.0 3.0 6.0 1.0 None 1.0 None 120.02089536527467 104.64870336375279 115.89203654671024 169.9467629118271 None 93.38356501873443 84.92216384808071 94.15506749388081 60.52817259487659 122.14373886149454 29.999966254678206 None 29.999966254678206 None 1.0 1.0 1.0 1.0 0.0 1.0 1.0 1.0 1.0 1.0 1.0 1.0 1.0 1.0
221.7308168869174 257.62318834162187 5.0 4.0 5.0 6.0 None 3.0 3.0 4.0 3.0 10.0 1.0 None 1.0 None 123.49606682218008 101.90282530182152 123.05928457386709 165.31561083578327 None 90.41631205016517 86.13278844098792 96.37878403743551 68.3965562093651 237.588679214746 29.99994891712682 None 29.99994891712682 None 1.0 1.0 1.0 1.0 0.0 1.0 1.0 1.0 1.0 1.0 1.0 1.0 1.0 1.0
210.6273557297494 271.20408838675763 6.0 5.0 6.0 8.0 None 5.0 5.0 5.0 4.0 8.0 2.0 None 2.0 None 124.40883639007379 105.17167694318502 123.64744480734063 168.2643240834523 None 94.04874390315085 89.72217123317385 105.64504000707095 79.65311160289252 185.5269733425962 29.99998220825987 None 29.99998220825987 None 1.0 1.0 1.0 1.0 0.0 1.0 1.0 1.0 1.0 1.0 1.0 1.0 1.0 1.0
207.1019552572331 275.8206697230347 6.0 5.0 6.0 7.0 None 5.0 4.0 4.0 2.0 7.0 1.0 None 1.0 None 117.93304406880087 102.93090825729082 116.62148771785873 167.97037878540675 None 92.19759343448509 73.66166365740138 83.93829504351031 46.47998781511484 173.28782713105267 29.999946018556344 None 29.999946018556344 None 1.0 1.0 1.0 1.0 0.0 1.0 1.0 1.0 1.0 1.0 1.0 1.0 1.0 1.0
206.11936040230626 277.1355387893046 6.0 5.0 6.0 8.0 None 5.0 4.0 5.0 3.0 9.0 2.0 None 2.0 None 119.37896311430397 105.0261079193259 118.61717304885342 169.34431828965953 None 94.02742060225879 82.70503719858918 91.7552220428216 65.25797006413842 189.80490935610456 29.99998656020772 None 29.99998656020772 None 1.0 1.0 1.0 1.0 0.0 1.0 1.0 1.0 1.0 1.0 1.0 1.0 1.0 1.0
206.75168843987385 276.287949235356 6.0 5.0 6.0 7.0 None 4.0 4.0 5.0 4.0 None 2.0 None 2.0 None 127.04562322111462 105.67316583567236 126.28488167102765 171.1210402886837 None 94.52302989827359 92.75816079610084 108.24365753071231 81.9974034421372 None 29.999941272483788 None 29.999941272483788 None 1.0 1.0 1.0 1.0 0.0 1.0 1.0 1.0 1.0 0.0 1.0 1.0 1.0 1.0
216.95402243792074 263.29541788673305 6.0 5.0 6.0 7.0 None 4.0 4.0 4.0 2.0 7.0 1.0 None 1.0 None 116.52113646071876 103.722026018892 115.76028886254318 168.31257664503642 None 93.05812307587675 78.42230516408821 87.5314645298765 53.395200190700685 143.91820886760038 29.999963555101537 None 29.999963555101537 None 1.0 1.0 1.0 1.0 0.0 1.0 1.0 1.0 1.0 1.0 1.0 1.0 1.0 1.0
214.0888711508938 266.81910037135304 6.0 5.0 6.0 8.0 None 5.0 5.0 5.0 4.0 10.0 2.0 None 1.0 None 124.1232361329752 105.33980307877053 123.04775494276214 171.44752580035285 None 94.46641367659967 94.09964045366155 103.19440485369901 83.34789234611348 232.44652221304355 39.99997322065619 None 29.999973220656184 None 1.0 1.0 1.0 1.0 0.0 1.0 1.0 1.0 1.0 1.0 1.0 1.0 1.0 1.0
206.59308925297205 276.500052381003 6.0 6.0 6.0 7.0 None 5.0 4.0 5.0 3.0 8.0 1.0 None 1.0 None 122.06107731418763 105.79852557359314 119.6297976568236 170.1084121261183 None 93.77804620253497 84.16684653086409 99.80320612659486 66.99637521641941 181.64906290006715 29.99994769579242 None 29.99994769579242 None 1.0 1.0 1.0 1.0 0.0 1.0 1.0 1.0 1.0 1.0 1.0 1.0 1.0 1.0
216.00387223332595 264.4535924721577 6.0 5.0 6.0 7.0 None 4.0 4.0 4.0 3.0 8.0 1.0 None 1.0 None 124.90397828425773 104.39638609113598 124.14276535569536 170.83638486625884 None 93.9643967907727 89.88620661446322 99.02315181231288 72.44120755723378 184.40836729620912 29.999971211511617 None 29.999971211511617 None 1.0 1.0 1.0 1.0 0.0 1.0 1.0 1.0 1.0 1.0 1.0 1.0 1.0 1.0
195.71687795254175 291.86547730365606 7.0 5.0 7.0 8.0 None 4.0 5.0 6.0 4.0 None 1.0 None 1.0 None 133.46456262860892 103.55913924437516 132.38953772455474 166.74688548336763 None 93.05580829243321 109.08584029129449 117.63157184169543 94.41570660646899 None 29.999901360258182 None 29.999901360258182 None 1.0 1.0 1.0 1.0 0.0 1.0 1.0 1.0 1.0 0.0 1.0 1.0 1.0 1.0
214.74059421761802 266.009322588125 6.0 5.0 5.0 7.0 None 4.0 4.0 4.0 3.0 7.0 1.0 None 1.0 None 117.63178726676571 103.90122774864972 115.83842184087854 168.08221639070587 None 92.29390093608966 79.37284441069667 89.37202403148666 60.098319711136156 162.867624521338 29.999964487554504 None 29.999964487554504 None 1.0 1.0 1.0 1.0 0.0 1.0 1.0 1.0 1.0 1.0 1.0 1.0 1.0 1.0
199.0461730240463 286.9836638009569 6.0 6.0 6.0 9.0 None 5.0 5.0 6.0 4.0 8.0 1.0 None 1.0 None 125.18711616514385 106.88452903505554 124.42648664325047 172.7651720894404 None 96.56169049015563 95.67156854333182 104.22015489282451 77.32761501813879 165.92205032498825 29.999914864120864 None 29.999914864120864 None 1.0 1.0 1.0 1.0 0.0 1.0 1.0 1.0 1.0 1.0 1.0 1.0 1.0 1.0
235.01593304000923 243.06011622741914 6.0 5.0 6.0 7.0 None 5.0 4.0 5.0 3.0 10.0 1.0 None 1.0 None 122.06185905705198 105.18814085732447 121.03040516223456 171.0606476947702 None 93.11075458320673 84.6979193329694 93.92848631329954 67.49641985821782 246.74846743024793 29.999920833890677 None 29.999920833890677 None 1.0 1.0 1.0 1.0 0.0 1.0 1.0 1.0 1.0 1.0 1.0 1.0 1.0 1.0
203.84218816035633 280.231489445468 6.0 5.0 6.0 8.0 None 5.0 4.0 4.0 3.0 9.0 1.0 None 1.0 None 117.94500735445963 105.5504849279033 114.2688307452821 172.4690443637556 None 94.03318438010598 72.31759446217978 81.04823551058597 53.696026340573894 198.81528175476257 29.999912420467055 None 29.999912420467055 None 1.0 1.0 1.0 1.0 0.0 1.0 1.0 1.0 1.0 1.0 1.0 1.0 1.0 1.0
247.93570167726347 230.39441118631916 5.0 4.0 5.0 7.0 None 4.0 4.0 4.0 3.0 8.0 1.0 None 1.0 None 129.2453968727342 105.12844735408693 128.21336201672204 170.42784749698842 None 94.09271867002265 94.03486711671387 103.51758569608175 84.3501054072071 223.08203603942547 29.999950604464416 None 29.999950604464416 None 1.0 1.0 1.0 1.0 0.0 1.0 1.0 1.0 1.0 1.0 1.0 1.0 1.0 1.0
211.43157717207598 270.17251048318957 6.0 5.0 6.0 8.0 None 4.0 4.0 4.0 3.0 10.0 1.0 None 1.0 None 124.36499627334541 104.59413684274739 123.08045849521966 169.23156356593688 None 93.46017161948097 81.58185242969063 97.97407950632179 63.87997994812879 237.924642113221 29.999972095236554 None 29.999972095236554 None 1.0 1.0 1.0 1.0 0.0 1.0 1.0 1.0 1.0 1.0 1.0 1.0 1.0 1.0
193.23978288387798 295.60683182058045 6.0 5.0 6.0 8.0 None 5.0 4.0 4.0 3.0 None 2.0 None 2.0 None 115.85865903483426 104.6103496949545 114.44637643623497 168.47515278238765 None 93.72709124194542 84.2542349903537 87.29766954818118 66.07720135964193 None 29.999982688302197 None 29.999982688302197 None 1.0 1.0 1.0 1.0 0.0 1.0 1.0 1.0 1.0 0.0 1.0 1.0 1.0 1.0
185.061824620201 308.66981948995954 7.0 6.0 6.0 9.0 None 5.0 4.0 5.0 3.0 10.0 2.0 None 2.0 None 118.99381851573375 107.34775724565995 115.8726493364326 169.36765099629991 None 96.22870574250118 77.39110692510468 86.73964622191886 51.46499677760465 201.3958759516184 29.99996446808253 None 29.99996446808253 None 1.0 1.0 1.0 1.0 0.0 1.0 1.0 1.0 1.0 1.0 1.0 1.0 1.0 1.0
245.431641651859 232.74505119037624 6.0 5.0 6.0 7.0 None 4.0 4.0 4.0 2.0 None 1.0 None 1.0 None 122.05750130771449 105.83645215239986 121.0250105350679 168.5646073005632 None 94.37941154868022 80.86520811823337 89.983064325437 60.48199884698791 None 29.999945726956263 None 29.999945726956263 None 1.0 1.0 1.0 1.0 0.0 1.0 1.0 1.0 1.0 0.0 1.0 1.0 1.0 1.0
220.32800241429956 259.2634589069948 6.0 5.0 6.0 7.0 None 4.0 4.0 4.0 3.0 6.0 1.0 None 1.0 None 124.54390062723897 104.72752393967605 123.78240099456289 167.2141787715533 None 93.89585926250118 89.01574170213576 97.56698304887826 78.76920968418017 148.75133697845223 29.99992872860434 None 29.99992872860434 None 1.0 1.0 1.0 1.0 0.0 1.0 1.0 1.0 1.0 1.0 1.0 1.0 1.0 1.0
188.71757040378208 302.6904165721243 6.0 5.0 6.0 9.0 None 5.0 4.0 5.0 2.0 None 2.0 None 1.0 None 122.0641097876828 104.27503878239223 121.20862174748224 171.08792770254237 None 92.8260747237818 83.60102877000746 93.6411570236242 52.68721073840052 None 39.999934130045986 None 29.999934130045983 None 1.0 1.0 1.0 1.0 0.0 1.0 1.0 1.0 1.0 0.0 1.0 1.0 1.0 1.0
197.5141557570694 289.20965072628957 5.0 5.0 5.0 8.0 None 4.0 4.0 4.0 3.0 10.0 1.0 None 1.0 None 120.98369866550574 104.49020676502575 117.88822008802588 167.8461840271663 None 93.95003358401425 77.93755717436945 93.66093446417804 59.824423709564215 215.00786799219526 29.999905882072238 None 29.999905882072238 None 1.0 1.0 1.0 1.0 0.0 1.0 1.0 1.0 1.0 1.0 1.0 1.0 1.0 1.0
191.2623656969423 298.6630422135013 6.0 6.0 6.0 8.0 None 5.0 4.0 4.0 3.0 9.0 1.0 None 1.0 None 115.88034878362184 103.46677718945286 112.82803761098417 167.61250310129444 None 93.07211402396698 70.96488246693264 79.51690142036415 57.945850057815804 178.21440684139083 29.99997430228775 None 29.99997430228775 None 1.0 1.0 1.0 1.0 0.0 1.0 1.0 1.0 1.0 1.0 1.0 1.0 1.0 1.0
193.39361601819746 295.3716941443661 6.0 5.0 6.0 8.0 None 5.0 4.0 5.0 3.0 None 1.0 None 1.0 None 124.13151751626509 103.78776578892374 121.03557377430545 167.87633649930336 None 93.63143388956767 76.81194749774579 86.2638391550128 51.17377213600987 None 29.9999672373394 None 29.9999672373394 None 1.0 1.0 1.0 1.0 0.0 1.0 1.0 1.0 1.0 0.0 1.0 1.0 1.0 1.0
203.06123871273394 281.3092265275235 6.0 5.0 6.0 8.0 None 4.0 4.0 4.0 3.0 4.0 1.0 None 1.0 1.0 120.40275611046825 104.81585200676123 119.64182559676992 168.59077731125262 None 93.3436992794085 84.32723701204402 92.99267240168493 66.79521516408772 74.58309031393902 29.999966850585466 None 29.999966850585466 29.999966850585466 1.0 1.0 1.0 1.0 0.0 1.0 1.0 1.0 1.0 1.0 1.0 1.0 1.0 1.0
193.44188528701628 295.2979904804209 6.0 5.0 6.0 8.0 None 5.0 5.0 5.0 4.0 6.0 2.0 None 2.0 None 122.04714156594395 103.5024971969892 121.03265545654824 167.90632017990015 None 92.39424047449089 89.2092671507945 92.25310004653929 72.86853145243242 121.28684477559946 29.999984747784282 None 29.999984747784282 None 1.0 1.0 1.0 1.0 0.0 1.0 1.0 1.0 1.0 1.0 1.0 1.0 1.0 1.0
206.5092834834721 276.6122618626577 5.0 5.0 5.0 8.0 None 4.0 4.0 4.0 3.0 8.0 1.0 None 1.0 None 126.86618776791303 109.04600963964637 126.10557023192285 174.28781239959815 None 97.1626759983297 93.41768020776206 102.0707305171855 69.0872995695022 178.4245748379037 29.999996274793546 None 29.999996274793546 None 1.0 1.0 1.0 1.0 0.0 1.0 1.0 1.0 1.0 1.0 1.0 1.0 1.0 1.0
210.70371469004016 271.1058041099651 6.0 5.0 6.0 8.0 None 5.0 4.0 4.0 3.0 9.0 1.0 None 1.0 1.0 122.06951876753844 102.51865971054455 121.0382046732794 168.36128941731107 None 91.44978151320817 75.46001751109625 84.66957875625131 61.22588411051993 200.88223477934733 29.99998663018467 None 29.99998663018467 29.99998663018467 1.0 1.0 1.0 1.0 0.0 1.0 1.0 1.0 1.0 1.0 1.0 1.0 1.0 1.0
227.80268594840481 250.7564814794933 5.0 4.0 5.0 7.0 None 4.0 3.0 3.0 2.0 8.0 1.0 None 1.0 None 115.94818218777725 105.64204592040487 115.18643420708695 170.62167804401452 None 94.94462058969403 72.29585184311503 80.84648986935511 46.487248577878546 181.37459798218293 29.99995982701613 None 29.99995982701613 None 1.0 1.0 1.0 1.0 0.0 1.0 1.0 1.0 1.0 1.0 1.0 1.0 1.0 1.0
211.21430832375495 270.45042759338224 6.0 5.0 6.0 7.0 None 4.0 4.0 4.0 3.0 10.0 1.0 None 1.0 None 125.71179730180819 105.32987691066691 123.10224075422298 168.46230971237875 None 93.80219694323581 83.89014689893573 100.42454819470225 73.05753265021482 222.97824608877772 29.999945016820217 None 29.999945016820217 None 1.0 1.0 1.0 1.0 0.0 1.0 1.0 1.0 1.0 1.0 1.0 1.0 1.0 1.0
208.06993880914 274.5374960310736 6.0 5.0 6.0 7.0 None 5.0 4.0 4.0 3.0 9.0 1.0 None 1.0 1.0 122.07230726313797 104.404021667989 118.97603062181388 168.35637425807042 None 93.22208632802601 77.39734000917548 86.90069849287906 51.4545868114874 202.7805415851161 29.99997972867389 None 29.99997972867389 29.99997972867389 1.0 1.0 1.0 1.0 0.0 1.0 1.0 1.0 1.0 1.0 1.0 1.0 1.0 1.0
193.93906527126217 294.5409679071216 6.0 5.0 6.0 8.0 None 5.0 5.0 5.0 4.0 None 2.0 None 2.0 None 128.26049663759972 105.36875088214289 126.1964031278559 170.25231038599463 None 95.22840725161723 92.19831800772971 101.2400186560195 73.8780228571841 None 29.99992546207777 None 29.99992546207777 None 1.0 1.0 1.0 1.0 0.0 1.0 1.0 1.0 1.0 0.0 1.0 1.0 1.0 1.0
218.24863349536355 261.7335975265729 5.0 5.0 5.0 7.0 None 4.0 4.0 4.0 2.0 8.0 1.0 None 1.0 None 119.04174924559584 105.47026229925183 117.90219987173722 168.65705013134252 None 95.05992448658698 81.62507672118146 91.44146042707791 53.60074868377647 187.82598465606256 29.999906965382817 None 29.999906965382817 None 1.0 1.0 1.0 1.0 0.0 1.0 1.0 1.0 1.0 1.0 1.0 1.0 1.0 1.0
204.23572175022667 279.69152267035577 6.0 5.0 6.0 8.0 None 5.0 3.0 4.0 2.0 9.0 2.0 None 1.0 None 120.00416239534434 107.45271759255954 115.87574094324691 171.3113286555196 None 97.11870347922702 77.50599500420272 86.70537473500983 52.16684091653019 194.41421252872735 49.999961154739395 None 29.999961154739395 None 1.0 1.0 1.0 1.0 0.0 1.0 1.0 1.0 1.0 1.0 1.0 1.0 1.0 1.0
230.4357825515074 247.89118845824984 6.0 5.0 6.0 7.0 None 4.0 4.0 4.0 2.0 8.0 1.0 None 1.0 None 122.1737469047059 105.47149286775027 121.04407815669265 170.9614916667404 None 94.68453908332953 84.89980007389318 94.76253133725257 51.62952665436133 205.2121617387976 29.999969874393148 None 29.999969874393148 None 1.0 1.0 1.0 1.0 0.0 1.0 1.0 1.0 1.0 1.0 1.0 1.0 1.0 1.0
203.48326527891442 280.72578804798286 6.0 5.0 6.0 8.0 None 4.0 4.0 5.0 3.0 None 1.0 None 1.0 None 126.58200549504743 105.21516085966239 126.19495069411296 168.6988157781239 None 93.67211728841171 90.64781266771242 99.1925996529571 73.01403408065931 None 29.99998849405763 None 29.99998849405763 None 1.0 1.0 1.0 1.0 0.0 1.0 1.0 1.0 1.0 0.0 1.0 1.0 1.0 1.0
213.63069332102788 267.3913523941053 5.0 5.0 5.0 7.0 None 4.0 3.0 4.0 3.0 8.0 2.0 None 2.0 None 118.9269255031906 107.51301141271227 118.10531363276107 174.5475731671002 None 96.23171952794235 77.27916603370471 85.82788984592132 52.20154660736816 187.8599172548566 39.99993088800758 None 29.999930888007583 None 1.0 1.0 1.0 1.0 0.0 1.0 1.0 1.0 1.0 1.0 1.0 1.0 1.0 1.0
185.32141567935213 308.23744676565434 6.0 6.0 6.0 8.0 None 5.0 4.0 5.0 3.0 None 1.0 None 1.0 None 119.62660211889497 101.41617276012377 118.86582563252847 166.73815725950178 None 90.206744608286 77.37598602687876 86.31465599859101 58.71370972436689 None 29.999937588318204 None 29.999937588318204 None 1.0 1.0 1.0 1.0 0.0 1.0 1.0 1.0 1.0 0.0 1.0 1.0 1.0 1.0
199.4073820946555 286.46381793871916 6.0 5.0 6.0 8.0 None 5.0 4.0 5.0 3.0 7.0 1.0 None 1.0 None 120.40414956138153 107.21724431980869 119.98398762034225 174.2749454304742 None 96.8498927329507 84.59265973795223 94.30148213085076 59.62149031153606 144.28417484261047 29.99993997684559 None 29.99993997684559 None 1.0 1.0 1.0 1.0 0.0 1.0 1.0 1.0 1.0 1.0 1.0 1.0 1.0 1.0
195.47447754632512 292.2274084935847 6.0 5.0 6.0 8.0 None 5.0 4.0 5.0 3.0 None 2.0 None 2.0 None 122.06127661745896 103.26490800833122 121.1739741528475 169.17096036252113 None 92.65480697231067 77.6416004123584 87.55801009278281 59.17122136637513 None 29.999945855682903 None 29.999945855682903 None 1.0 1.0 1.0 1.0 0.0 1.0 1.0 1.0 1.0 0.0 1.0 1.0 1.0 1.0
194.98758685522523 292.95711035396727 6.0 5.0 6.0 8.0 None 5.0 4.0 5.0 3.0 7.0 1.0 None 1.0 None 122.06511748074999 103.27811928382451 118.9709784374705 166.49358886230593 None 91.9312137713747 79.2261386092274 88.2165472842773 61.353062254003675 134.4571794714919 29.99998344412353 None 29.99998344412353 None 1.0 1.0 1.0 1.0 0.0 1.0 1.0 1.0 1.0 1.0 1.0 1.0 1.0 1.0
204.5761787803342 279.22605818801816 6.0 6.0 6.0 8.0 None 5.0 4.0 5.0 3.0 8.0 1.0 None 1.0 None 126.48239820217125 105.17304985729595 126.18915244788852 169.58551538060178 None 94.15678618782995 87.17432789698415 96.40785735885808 59.75789349730259 180.29561624442067 29.999988917897152 None 29.999988917897152 None 1.0 1.0 1.0 1.0 0.0 1.0 1.0 1.0 1.0 1.0 1.0 1.0 1.0 1.0
195.86707640333063 291.6416635656111 6.0 6.0 6.0 8.0 None 5.0 4.0 5.0 2.0 10.0 1.0 None 1.0 None 119.99696260883013 106.9566205960567 118.96486518315726 171.69006393622075 None 96.00540206617177 84.58883172405221 93.2477194318595 60.680643742230274 224.3341900679334 29.99999159747702 None 29.99999159747702 None 1.0 1.0 1.0 1.0 0.0 1.0 1.0 1.0 1.0 1.0 1.0 1.0 1.0 1.0
212.53712852732596 268.7671579822613 6.0 5.0 6.0 8.0 None 5.0 4.0 5.0 3.0 8.0 2.0 None 1.0 None 129.63329625244913 107.37863243810364 128.2608250049681 173.44384731581954 None 96.47288595292648 89.30173355853574 99.83700068371661 72.14261172311208 190.82343549883697 39.999929702571315 None 29.999929702571315 None 1.0 1.0 1.0 1.0 0.0 1.0 1.0 1.0 1.0 1.0 1.0 1.0 1.0 1.0
200.1247506615635 285.4369577534279 6.0 5.0 6.0 8.0 None 5.0 4.0 5.0 3.0 7.0 1.0 None 1.0 None 121.60138964518347 103.42377319576525 120.8403284776928 167.41133831574555 None 92.7014391971122 77.90824796885062 95.32165984246717 52.610717682815796 147.70664595356612 29.99997449914175 None 29.99997449914175 None 1.0 1.0 1.0 1.0 0.0 1.0 1.0 1.0 1.0 1.0 1.0 1.0 1.0 1.0
206.11676696883862 277.1390258058726 6.0 5.0 6.0 7.0 None 5.0 4.0 5.0 3.0 10.0 1.0 None 1.0 None 124.14271527754119 106.35873022534031 121.0462678888104 169.36566949443028 None 96.18532982479857 83.61315706089297 98.32919313748098 58.71367516550351 209.57893500218395 29.999906549343258 None 29.999906549343258 None 1.0 1.0 1.0 1.0 0.0 1.0 1.0 1.0 1.0 1.0 1.0 1.0 1.0 1.0
194.94493274445784 293.0212096093786 6.0 5.0 6.0 8.0 None 5.0 4.0 4.0 3.0 10.0 1.0 None 1.0 None 120.74644010459131 105.43838208465313 119.9851751336562 167.81064524898494 None 94.27443806030374 78.18951232178706 87.39922102099457 58.708518657075246 213.08160573029124 29.99996721983133 None 29.99996721983133 None 1.0 1.0 1.0 1.0 0.0 1.0 1.0 1.0 1.0 1.0 1.0 1.0 1.0 1.0
204.9273844040016 278.7475191084543 6.0 5.0 6.0 8.0 None 5.0 5.0 5.0 4.0 9.0 2.0 None 2.0 None 124.1371389756305 103.79232886124072 123.10603593478015 170.46656289547218 None 92.91624001458541 88.46652290225188 97.21105099232915 70.96486101626519 191.16787303943937 29.999994197729883 None 29.999994197729883 None 1.0 1.0 1.0 1.0 0.0 1.0 1.0 1.0 1.0 1.0 1.0 1.0 1.0 1.0
215.18174504650145 265.46396855205137 5.0 5.0 5.0 7.0 None 4.0 3.0 4.0 2.0 9.0 2.0 None 2.0 None 120.99073647138675 102.2712424603568 119.42814902539354 167.75242499284494 None 91.99719602651706 76.35244612335259 85.19964268247125 58.45532030833795 207.29862324573725 29.9999227536754 None 29.9999227536754 None 1.0 1.0 1.0 1.0 0.0 1.0 1.0 1.0 1.0 1.0 1.0 1.0 1.0 1.0
207.92706394477858 274.7261415434153 6.0 5.0 6.0 8.0 None 4.0 4.0 4.0 3.0 10.0 1.0 None 1.0 None 120.00412361737364 104.08459845482233 118.97163334472182 168.11565733525873 None 92.82423083548284 82.6471632822957 92.30938956048561 58.44869757425846 229.57278611763545 29.999991097445925 None 29.999991097445925 None 1.0 1.0 1.0 1.0 0.0 1.0 1.0 1.0 1.0 1.0 1.0 1.0 1.0 1.0
204.87066164821707 278.82469622754365 6.0 5.0 6.0 8.0 None 5.0 4.0 4.0 3.0 10.0 1.0 None 1.0 None 122.07105390989122 107.52804593759802 119.8757842232661 172.2028608113643 None 96.01917707179064 71.99127556770657 86.58062146284279 59.590509773768204 225.73601716038178 29.999902120746068 None 29.999902120746068 None 1.0 1.0 1.0 1.0 0.0 1.0 1.0 1.0 1.0 1.0 1.0 1.0 1.0 1.0
202.28787115007478 282.3847009473998 6.0 6.0 6.0 8.0 None 5.0 4.0 4.0 2.0 6.0 1.0 None 1.0 1.0 113.80576710683617 107.95697343891221 109.67842712512264 170.53737826660148 None 95.51827531399817 71.3015470146999 79.85093162821305 45.97793081127395 107.62081743466412 29.999998911728266 None 29.999998911728266 29.999998911728266 1.0 1.0 1.0 1.0 0.0 1.0 1.0 1.0 1.0 1.0 1.0 1.0 1.0 1.0
209.55381818649562 272.5934583027378 6.0 5.0 6.0 8.0 None 5.0 5.0 5.0 4.0 10.0 2.0 None 2.0 None 122.21621138224648 104.86867072191859 121.45541500887686 171.61677410211553 None 93.85053615376503 88.1976462672019 91.24126967655607 63.967429056045006 235.70121841749946 29.999905295462813 None 29.999905295462813 None 1.0 1.0 1.0 1.0 0.0 1.0 1.0 1.0 1.0 1.0 1.0 1.0 1.0 1.0
205.11272011480327 278.49564848063926 6.0 6.0 6.0 8.0 None 5.0 5.0 5.0 3.0 8.0 2.0 None 2.0 None 122.07132623025028 105.52568594739928 118.97549462771197 169.36105586846747 None 94.83653711100744 86.90027337449209 95.85704474900773 52.32689840335995 176.63621849249304 39.99992011408587 None 29.99992011408587 None 1.0 1.0 1.0 1.0 0.0 1.0 1.0 1.0 1.0 1.0 1.0 1.0 1.0 1.0
186.9259330917435 305.59162688231146 6.0 6.0 6.0 8.0 None 5.0 4.0 4.0 3.0 None 1.0 None 1.0 None 117.92645511479317 105.64986018649604 115.8620187183062 169.66172616221291 None 94.52225665461302 79.13591166876895 82.1794162767018 51.98539670819085 None 29.99991984563358 None 29.99991984563358 None 1.0 1.0 1.0 1.0 0.0 1.0 1.0 1.0 1.0 0.0 1.0 1.0 1.0 1.0
205.04735451792428 278.5844281400206 6.0 6.0 6.0 8.0 None 5.0 4.0 5.0 3.0 None 2.0 None 2.0 None 122.05898897749158 104.88350918384943 118.96100519147735 171.47093433856358 None 94.2242749798177 79.22499914120921 88.1891406848106 53.84891712643848 None 29.999996114359913 None 29.999996114359913 None 1.0 1.0 1.0 1.0 0.0 1.0 1.0 1.0 1.0 0.0 1.0 1.0 1.0 1.0
203.1604772500413 281.17181438639483 6.0 5.0 6.0 8.0 None 4.0 4.0 4.0 3.0 10.0 1.0 None 1.0 None 123.56950144529206 106.33113124410549 122.80869372418427 169.38758544661465 None 95.42354988316166 79.68429662571843 94.73023154439933 60.24665796004719 208.38263268316825 29.99997490919598 None 29.99997490919598 None 1.0 1.0 1.0 1.0 0.0 1.0 1.0 1.0 1.0 1.0 1.0 1.0 1.0 1.0
216.5035046482366 263.8433040278513 6.0 5.0 6.0 8.0 None 5.0 5.0 5.0 4.0 None 2.0 None 2.0 None 129.22830255417716 105.20869058756298 128.2556533693001 169.742243065973 None 94.22597113208082 95.43995058752961 105.7239048531471 79.18182022614181 None 29.999906622755738 None 29.999906622755738 None 1.0 1.0 1.0 1.0 0.0 1.0 1.0 1.0 1.0 0.0 1.0 1.0 1.0 1.0
205.98668852498244 277.31403620808254 6.0 5.0 6.0 8.0 None 5.0 4.0 5.0 4.0 10.0 1.0 None 1.0 None 123.2661312181047 106.10785923711293 122.50496794191702 169.0143483877319 None 94.58943485626246 87.93010923794263 103.20552611588201 76.40887891482151 234.2611978826061 29.99996498766774 None 29.99996498766774 None 1.0 1.0 1.0 1.0 0.0 1.0 1.0 1.0 1.0 1.0 1.0 1.0 1.0 1.0
191.9565877028054 297.5829101965494 6.0 6.0 6.0 8.0 None 5.0 5.0 5.0 3.0 9.0 1.0 None 1.0 None 120.00310163001308 103.39092301810561 115.87400543933802 169.18014043922756 None 92.5802205765474 83.15158657744634 86.19533130358386 59.09840855920076 174.346914614888 29.999957484927936 None 29.999957484927936 None 1.0 1.0 1.0 1.0 0.0 1.0 1.0 1.0 1.0 1.0 1.0 1.0 1.0 1.0
202.9051542734843 281.52562316385104 6.0 5.0 6.0 8.0 None 4.0 4.0 5.0 3.0 10.0 1.0 None 1.0 None 126.18914733944293 103.95448792384552 126.05838642049856 168.18870146365416 None 93.1381537707199 89.75143502461422 98.95506398394092 72.54963403088179 229.40690784556062 29.999931763861515 None 29.999931763861515 None 1.0 1.0 1.0 1.0 0.0 1.0 1.0 1.0 1.0 1.0 1.0 1.0 1.0 1.0
228.92274466119414 249.52959604141603 6.0 5.0 6.0 7.0 None 4.0 4.0 5.0 3.0 9.0 1.0 None 1.0 None 124.12730715273369 107.20326761279293 121.03337856477378 170.9522184696155 None 95.57883724225553 85.3005518345864 100.63248145178736 54.29019598577241 222.44638508493603 29.999980598065 None 29.999980598065 None 1.0 1.0 1.0 1.0 0.0 1.0 1.0 1.0 1.0 1.0 1.0 1.0 1.0 1.0
199.764168389471 285.9521828190425 6.0 5.0 6.0 8.0 None 4.0 4.0 4.0 3.0 None 2.0 None 2.0 None 120.91274134993614 102.36081175780276 120.15219336420097 165.63102953796982 None 91.36793379760007 85.49477618495987 94.91790706780685 67.37383999729732 None 29.999950493790116 None 29.999950493790116 None 1.0 1.0 1.0 1.0 0.0 1.0 1.0 1.0 1.0 0.0 1.0 1.0 1.0 1.0
221.83577457095853 257.50129847396676 5.0 4.0 5.0 7.0 None 4.0 3.0 4.0 2.0 None 1.0 None 1.0 None 118.92604842472196 103.93240270710089 116.0560605178027 169.89211799017127 None 92.1008297444025 79.19770873406547 88.21986527566814 53.38451487561997 None 29.999929589113663 None 29.999929589113663 None 1.0 1.0 1.0 1.0 0.0 1.0 1.0 1.0 1.0 0.0 1.0 1.0 1.0 1.0
222.6127500225715 256.60255306224866 5.0 4.0 5.0 7.0 None 4.0 3.0 4.0 2.0 9.0 1.0 None 1.0 None 121.00541752624173 105.60183276492299 117.91085275382301 168.51103153919456 None 94.29294319464212 76.09344248780022 90.32604542652295 64.34162613480252 214.4938521680605 29.999987944322893 None 29.999987944322893 None 1.0 1.0 1.0 1.0 0.0 1.0 1.0 1.0 1.0 1.0 1.0 1.0 1.0 1.0
198.80621606542346 287.33004998798367 6.0 5.0 6.0 8.0 None 5.0 4.0 5.0 4.0 10.0 1.0 None 1.0 None 124.13029769154024 106.53733246425425 121.03592689909517 170.3916166395137 None 94.60400097856808 91.6200119207635 100.48563532086216 81.3950742545355 221.60066346924657 29.99990996449073 None 29.99990996449073 None 1.0 1.0 1.0 1.0 0.0 1.0 1.0 1.0 1.0 1.0 1.0 1.0 1.0 1.0
216.16557640228731 264.25576611556903 5.0 4.0 5.0 7.0 None 4.0 3.0 4.0 2.0 6.0 1.0 None 1.0 1.0 122.57826006681321 103.47332460830188 121.81731451111551 167.58521805791798 None 91.76890683388243 79.32476658749006 88.18567572682984 51.92888333796036 135.43775286128653 29.99994188868953 None 29.99994188868953 29.99994188868953 1.0 1.0 1.0 1.0 0.0 1.0 1.0 1.0 1.0 1.0 1.0 1.0 1.0 1.0
208.219547552974 274.3402368861026 6.0 5.0 6.0 7.0 None 4.0 4.0 4.0 2.0 7.0 1.0 None 1.0 None 122.06213483026049 104.66796607723482 118.96639412709037 169.3029030177541 None 93.87698363533578 83.92548311569766 92.47652324973718 51.438975256809655 154.11319231504177 29.99992111580572 None 29.99992111580572 None 1.0 1.0 1.0 1.0 0.0 1.0 1.0 1.0 1.0 1.0 1.0 1.0 1.0 1.0
237.43677795317808 240.58193718946316 5.0 5.0 5.0 7.0 None 4.0 3.0 4.0 2.0 8.0 1.0 None 1.0 None 120.98002306520306 106.53818169532434 119.63603065274745 170.4652895421311 None 95.13520335116148 83.51401221539831 92.60557028278733 58.779952406595484 214.7782438342545 29.999951189756697 None 29.999951189756697 None 1.0 1.0 1.0 1.0 0.0 1.0 1.0 1.0 1.0 1.0 1.0 1.0 1.0 1.0
187.22686119277054 305.1004521257536 6.0 6.0 6.0 9.0 None 5.0 4.0 5.0 3.0 7.0 1.0 None 1.0 None 115.87479554180636 102.89834704778032 114.80132305934985 165.59356483822324 None 92.87321922691807 78.42597464912213 87.56875198144643 59.45945036700371 129.63438213822712 29.999931968801587 None 29.999931968801587 None 1.0 1.0 1.0 1.0 0.0 1.0 1.0 1.0 1.0 1.0 1.0 1.0 1.0 1.0
231.8370565267505 246.3928797914533 6.0 5.0 6.0 7.0 None 5.0 5.0 5.0 4.0 10.0 1.0 None 1.0 None 126.19202802857264 106.70553646623524 123.09563022422195 168.78983186629907 None 95.02764795517113 95.23050569034343 104.10134732632456 77.45839579898507 234.45515259748512 29.999970478681195 None 29.999970478681195 None 1.0 1.0 1.0 1.0 0.0 1.0 1.0 1.0 1.0 1.0 1.0 1.0 1.0 1.0
214.34813576843615 266.4963695402088 5.0 5.0 5.0 7.0 None 4.0 3.0 4.0 3.0 8.0 1.0 None 1.0 None 120.77776777992659 103.403596790076 117.8883624060685 167.52869841333822 None 92.24756424854996 77.97517593558433 87.19227070966554 57.548720115162716 192.1400333407876 29.999971712293593 None 29.999971712293593 None 1.0 1.0 1.0 1.0 0.0 1.0 1.0 1.0 1.0 1.0 1.0 1.0 1.0 1.0
208.23421492687993 274.32091320851555 6.0 5.0 6.0 8.0 None 5.0 4.0 5.0 3.0 10.0 1.0 None 1.0 None 123.25403621898134 104.94047739611936 121.04266212811636 171.93454081507286 None 93.96331164919825 82.59775054992438 97.33362126905784 63.590065127034464 224.35598692131975 29.99992896967335 None 29.99992896967335 None 1.0 1.0 1.0 1.0 0.0 1.0 1.0 1.0 1.0 1.0 1.0 1.0 1.0 1.0
216.45608194387935 263.90110865450436 6.0 4.0 6.0 7.0 None 4.0 4.0 4.0 3.0 9.0 2.0 None 2.0 None 126.19390884239404 103.31918927514486 123.09887992164884 170.108779878791 None 92.10558533345579 86.87500610041438 95.82597855768338 75.46440285480972 199.92058924342996 29.999950504464284 None 29.999950504464284 None 1.0 1.0 1.0 1.0 0.0 1.0 1.0 1.0 1.0 1.0 1.0 1.0 1.0 1.0
198.1008435690482 288.35313858766955 6.0 5.0 6.0 8.0 None 5.0 4.0 5.0 3.0 None 1.0 None 1.0 None 124.1368762543874 102.69519596361829 121.0401187229358 166.68474710187687 None 92.92660205926833 79.54058958482986 94.81919346551172 60.473854927982394 None 29.99994793473126 None 29.99994793473126 None 1.0 1.0 1.0 1.0 0.0 1.0 1.0 1.0 1.0 0.0 1.0 1.0 1.0 1.0
217.1945870711538 263.0037919926903 6.0 5.0 6.0 7.0 None 5.0 4.0 5.0 4.0 6.0 2.0 None 2.0 None 124.13727924132249 103.04773113207943 121.03900868820625 166.2961749884642 None 92.11199242250638 77.86500718721015 86.68198995716244 66.18388563859256 124.58680006136723 29.999955184887348 None 29.999955184887348 None 1.0 1.0 1.0 1.0 0.0 1.0 1.0 1.0 1.0 1.0 1.0 1.0 1.0 1.0
208.8841088153852 273.46742805833134 6.0 5.0 5.0 7.0 None 4.0 4.0 4.0 3.0 7.0 2.0 None 2.0 None 125.06688991904899 103.52820643180674 124.30609082267829 165.38924941209464 None 92.84564169171952 83.78804204390408 92.64482315852565 64.46659026495335 177.58211627446937 29.999960540256115 None 29.999960540256115 None 1.0 1.0 1.0 1.0 0.0 1.0 1.0 1.0 1.0 1.0 1.0 1.0 1.0 1.0
192.57967181082586 296.6200921565224 6.0 6.0 6.0 8.0 None 5.0 5.0 6.0 4.0 9.0 2.0 None 2.0 None 125.30558722545103 105.50952737143538 124.54436111520397 171.18547216019203 None 94.14243794540053 95.70755692163878 105.51649369462041 72.8108885534329 185.32252729303326 29.99995314353006 None 29.99995314353006 None 1.0 1.0 1.0 1.0 0.0 1.0 1.0 1.0 1.0 1.0 1.0 1.0 1.0 1.0
230.04088277487173 248.3167309695256 6.0 5.0 5.0 7.0 None 4.0 4.0 4.0 2.0 6.0 1.0 None 1.0 None 115.84869760378513 105.0258144963438 113.75861681125676 170.56576694548298 None 94.14383257311745 74.65731841597504 77.70076893976479 46.72366224846314 124.66986358292081 29.99998055952275 None 29.99998055952275 None 1.0 1.0 1.0 1.0 0.0 1.0 1.0 1.0 1.0 1.0 1.0 1.0 1.0 1.0
207.3335416906604 275.5125848630269 5.0 4.0 5.0 8.0 None 4.0 3.0 4.0 2.0 10.0 1.0 None 1.0 None 121.46286044669421 102.23684225358295 120.98356785251124 168.459818182618 None 91.85854312117968 79.66095976604527 88.61551135140024 55.129462619961835 220.4187620484395 29.99991504733395 None 29.99991504733395 None 1.0 1.0 1.0 1.0 0.0 1.0 1.0 1.0 1.0 1.0 1.0 1.0 1.0 1.0
221.1936243500897 258.24885399766197 6.0 5.0 6.0 7.0 None 5.0 4.0 5.0 3.0 None 2.0 None 2.0 None 119.99918615661653 106.24485797013807 118.96721218173613 170.43780014953535 None 95.39282985128949 84.37257751979325 92.92203663894938 58.5573010676306 None 29.99995275838608 None 29.99995275838608 None 1.0 1.0 1.0 1.0 0.0 1.0 1.0 1.0 1.0 0.0 1.0 1.0 1.0 1.0
213.26467417980652 267.8502673717016 5.0 5.0 5.0 7.0 None 4.0 4.0 4.0 3.0 9.0 2.0 None 2.0 None 120.99094911219062 105.81340349848408 120.71158605702318 168.7287954294052 None 94.28086816475258 84.22628481873363 93.41292666396583 59.96457648918641 204.43696657392425 29.999953890641894 None 29.999953890641894 None 1.0 1.0 1.0 1.0 0.0 1.0 1.0 1.0 1.0 1.0 1.0 1.0 1.0 1.0
187.74240627435992 304.26263907858157 6.0 5.0 6.0 8.0 None 5.0 4.0 5.0 3.0 10.0 2.0 None 2.0 None 124.13151594970165 103.44783089702273 122.98138064614818 168.1233834246813 None 93.31254374707868 83.15365114344188 98.31652786525802 65.0690043258505 216.557916736751 29.999997323591938 None 29.999997323591938 None 1.0 1.0 1.0 1.0 0.0 1.0 1.0 1.0 1.0 1.0 1.0 1.0 1.0 1.0
222.18694310861545 257.094315268002 6.0 5.0 6.0 7.0 None 5.0 4.0 5.0 3.0 7.0 1.0 None 1.0 None 121.0368547019873 106.55373480352279 120.27572099490456 171.50583299043393 None 95.46564248813212 88.44906297467355 98.89726742926624 70.8529398090817 166.0194737892513 29.999911847913218 None 29.999911847913218 None 1.0 1.0 1.0 1.0 0.0 1.0 1.0 1.0 1.0 1.0 1.0 1.0 1.0 1.0
185.17107371545174 308.48770736070605 6.0 6.0 6.0 9.0 None 5.0 5.0 5.0 4.0 8.0 2.0 None 2.0 2.0 128.25313325820736 107.91877924652422 126.18803180833012 172.24395500426164 None 97.08462047206827 91.0399895622125 99.97978877224719 80.08437830667296 150.80406282709424 29.99990613443884 None 29.99990613443884 29.99990613443884 1.0 1.0 1.0 1.0 0.0 1.0 1.0 1.0 1.0 1.0 1.0 1.0 1.0 1.0
189.32854121744327 301.7136224294593 6.0 6.0 6.0 8.0 None 5.0 5.0 5.0 3.0 9.0 1.0 None 1.0 None 123.54676783403914 106.9361865349268 122.78557922525854 171.2753846664685 None 96.77749623170055 88.12680135108477 97.01263466930087 64.04542567786356 183.62802937537725 29.99999046161482 None 29.99999046161482 None 1.0 1.0 1.0 1.0 0.0 1.0 1.0 1.0 1.0 1.0 1.0 1.0 1.0 1.0
219.13014519484128 260.68070164061015 6.0 5.0 6.0 7.0 None 5.0 4.0 4.0 3.0 5.0 2.0 None 2.0 2.0 116.5862795087675 107.15270632736521 115.82472180181391 173.1862689898119 None 96.45398632950847 72.60092925550187 81.57673867344799 52.92132469644453 95.51201551021877 39.99996386594184 None 29.999963865941833 29.999963865941833 1.0 1.0 1.0 1.0 0.0 1.0 1.0 1.0 1.0 1.0 1.0 1.0 1.0 1.0
197.18835721072767 289.6874886936394 6.0 5.0 6.0 8.0 None 5.0 4.0 5.0 3.0 None 2.0 None 2.0 None 122.07571967301735 103.28208383011673 118.9807803979659 167.17703460317287 None 93.4540282088 77.94776298873151 93.10080394991535 60.09347220573781 None 29.999958979471984 None 29.999958979471984 None 1.0 1.0 1.0 1.0 0.0 1.0 1.0 1.0 1.0 0.0 1.0 1.0 1.0 1.0
229.73883527643358 248.643203624092 5.0 4.0 5.0 7.0 None 4.0 3.0 4.0 3.0 10.0 1.0 None 1.0 None 123.05541101556213 107.69936807743971 122.58039461132728 173.20279933537307 None 96.1925646871623 85.45131772417747 101.09837059006287 68.08719593953803 245.8300213266798 29.999964389479718 None 29.999964389479718 None 1.0 1.0 1.0 1.0 0.0 1.0 1.0 1.0 1.0 1.0 1.0 1.0 1.0 1.0
204.227020408028 279.7034392700494 6.0 6.0 6.0 8.0 None 5.0 5.0 6.0 4.0 None 1.0 None 1.0 None 128.25465795810624 103.35124034407316 126.19053301930096 167.335892134088 None 93.09734201481695 89.8889865381771 104.34881137348081 79.70935798265363 None 29.999912446770864 None 29.999912446770864 None 1.0 1.0 1.0 1.0 0.0 1.0 1.0 1.0 1.0 0.0 1.0 1.0 1.0 1.0
175.71521744492426 325.08852011012925 6.0 6.0 6.0 9.0 None 5.0 5.0 5.0 4.0 None 2.0 None 2.0 None 122.0625723240199 105.42292694437654 119.55617576884839 171.66568147467262 None 94.60906789771624 90.80254129397505 93.84773026933405 67.03473448644624 None 29.999934360152857 None 29.999934360152857 None 1.0 1.0 1.0 1.0 0.0 1.0 1.0 1.0 1.0 0.0 1.0 1.0 1.0 1.0
216.60599157588814 263.718466808832 5.0 4.0 5.0 7.0 None 4.0 4.0 4.0 3.0 8.0 1.0 None 1.0 None 125.11424986696215 101.96459438213373 123.05021212140184 165.45419802906054 None 91.04556156668126 92.64535199077508 101.93635589187937 66.69497709738995 193.73846512946074 29.999954641673785 None 29.999954641673785 None 1.0 1.0 1.0 1.0 0.0 1.0 1.0 1.0 1.0 1.0 1.0 1.0 1.0 1.0
213.3337908561117 267.7634882442418 5.0 4.0 5.0 7.0 None 4.0 3.0 4.0 3.0 None 1.0 None 1.0 None 125.4127461193998 103.69386321549786 125.11492576404453 167.85334687420004 None 92.49365257400888 83.42744751659178 92.3060045551584 56.4131765574123 None 29.999942578827987 None 29.999942578827987 None 1.0 1.0 1.0 1.0 0.0 1.0 1.0 1.0 1.0 0.0 1.0 1.0 1.0 1.0
178.18736884249353 320.57827875831737 7.0 6.0 7.0 9.0 None 5.0 5.0 5.0 3.0 None 2.0 None 2.0 None 121.07194442646838 105.02564295240037 120.00027739451409 169.8572001658398 None 94.1914248927366 84.53228996309032 94.38600719122152 67.30473046031454 None 29.99994086288265 None 29.99994086288265 None 1.0 1.0 1.0 1.0 0.0 1.0 1.0 1.0 1.0 0.0 1.0 1.0 1.0 1.0
198.06894344054268 288.3995794986783 6.0 5.0 6.0 8.0 None 5.0 4.0 5.0 4.0 10.0 1.0 None 1.0 None 123.54061501787095 103.66771935184593 122.77911503842853 170.07430501937344 None 92.76507569244738 86.6298420036048 103.50762361171698 75.11269779246545 226.33386230059438 29.999921852159105 None 29.999921852159105 None 1.0 1.0 1.0 1.0 0.0 1.0 1.0 1.0 1.0 1.0 1.0 1.0 1.0 1.0
221.71645896994954 257.6398715069782 6.0 5.0 6.0 7.0 None 4.0 4.0 5.0 3.0 None 1.0 None 1.0 None 130.32444351494848 103.91618471464243 128.25970784315035 167.30706532472095 None 93.05912738588476 96.33820488471638 111.6058233965688 79.35134488801543 None 29.999993880603952 None 29.999993880603952 None 1.0 1.0 1.0 1.0 0.0 1.0 1.0 1.0 1.0 0.0 1.0 1.0 1.0 1.0
199.58206178876443 286.21309694885497 5.0 5.0 5.0 8.0 None 4.0 4.0 5.0 3.0 6.0 1.0 None 1.0 1.0 121.14841918479335 105.69198477582815 120.99741790906943 167.64676261901505 None 94.44337678489063 85.19802376879564 99.91943631773883 67.64371278490809 137.26991915855226 29.999971113753855 None 29.999971113753855 29.999971113753855 1.0 1.0 1.0 1.0 0.0 1.0 1.0 1.0 1.0 1.0 1.0 1.0 1.0 1.0
197.03028974820495 289.9198903529015 6.0 5.0 6.0 8.0 None 4.0 5.0 5.0 3.0 None 1.0 None 1.0 None 127.36493603762067 104.0361414125661 126.60409932292201 168.8721350447256 None 93.7418296300139 97.47047426176216 107.60283736938693 73.04767767282333 None 29.999983333302524 None 29.999983333302524 None 1.0 1.0 1.0 1.0 0.0 1.0 1.0 1.0 1.0 0.0 1.0 1.0 1.0 1.0
205.58499482114746 277.85588169844414 5.0 5.0 5.0 7.0 None 4.0 3.0 3.0 2.0 8.0 1.0 None 1.0 None 116.85923162565203 103.07342761349341 113.76384360638215 165.5350449167346 None 92.04552722937431 76.40122085952505 84.94943310015775 57.671379249014365 170.8218908103281 29.999947281493807 None 29.999947281493807 None 1.0 1.0 1.0 1.0 0.0 1.0 1.0 1.0 1.0 1.0 1.0 1.0 1.0 1.0
213.3347684014358 267.7622612949364 6.0 5.0 6.0 8.0 None 5.0 4.0 5.0 3.0 8.0 2.0 None 2.0 None 124.13249059042856 105.92317397119656 121.0355583586756 170.1941279105613 None 95.80442529672767 84.48619843184902 99.71196313858069 66.82156397311972 185.7859891962652 29.999939937342656 None 29.999939937342656 None 1.0 1.0 1.0 1.0 0.0 1.0 1.0 1.0 1.0 1.0 1.0 1.0 1.0 1.0
218.507823172314 261.42313428729335 6.0 5.0 6.0 7.0 None 5.0 4.0 5.0 3.0 6.0 1.0 None 1.0 1.0 116.52840945721209 105.90885227787015 115.76784468752422 169.05339288073924 None 94.63197855859619 78.28558364902506 86.8382080188268 59.91899885168639 116.52840945721209 29.99997962857038 None 29.99997962857038 29.99997962857038 1.0 1.0 1.0 1.0 0.0 1.0 1.0 1.0 1.0 1.0 1.0 1.0 1.0 1.0
204.56035903986208 279.24765222409786 6.0 5.0 6.0 7.0 None 5.0 5.0 5.0 3.0 6.0 1.0 None 1.0 1.0 128.7176235191624 106.22572170205835 128.2637462116946 171.1762222259958 None 95.95424620498031 96.50507936072805 105.05484754292767 71.90065138311198 128.7176235191624 29.99991886958834 None 29.99991886958834 29.99991886958834 1.0 1.0 1.0 1.0 0.0 1.0 1.0 1.0 1.0 1.0 1.0 1.0 1.0 1.0
236.16299127587814 241.87955822964113 6.0 5.0 6.0 7.0 None 4.0 5.0 5.0 4.0 8.0 1.0 None 1.0 None 132.4001692220411 104.70466534990062 132.39958788990242 169.25388072596365 None 94.2257004834774 106.72377724056052 115.70098612600033 91.71468019208267 198.42775161831418 29.99996940214031 None 29.99996940214031 None 1.0 1.0 1.0 1.0 0.0 1.0 1.0 1.0 1.0 1.0 1.0 1.0 1.0 1.0
220.79873023584864 258.7107269094502 6.0 5.0 6.0 8.0 None 4.0 4.0 4.0 3.0 10.0 1.0 None 1.0 None 122.08185320827793 105.66893317267333 119.49655574878425 170.72418993787275 None 95.51237208780988 90.93546833102799 93.97928894985479 73.6175085745386 241.9790953423505 29.999945841324585 None 29.999945841324585 None 1.0 1.0 1.0 1.0 0.0 1.0 1.0 1.0 1.0 1.0 1.0 1.0 1.0 1.0
224.5357824398144 254.40488540088933 5.0 5.0 5.0 7.0 None 5.0 4.0 4.0 3.0 10.0 2.0 None 2.0 None 120.99999753226524 106.18635196832508 119.6615067083157 171.3849648473616 None 95.14938339263193 83.49321088735411 92.04325758096829 59.120788328867306 253.12041024030717 29.99990611217825 None 29.99990611217825 None 1.0 1.0 1.0 1.0 0.0 1.0 1.0 1.0 1.0 1.0 1.0 1.0 1.0 1.0
197.783746771983 288.8154407644771 6.0 5.0 6.0 8.0 None 4.0 4.0 4.0 3.0 None 1.0 None 1.0 None 122.23300698042556 105.59995912476455 121.04689098619866 170.62551835143327 None 94.99511129559193 87.7721259677837 96.31842195477986 61.62850653757185 None 29.99990600065519 None 29.99990600065519 None 1.0 1.0 1.0 1.0 0.0 1.0 1.0 1.0 1.0 0.0 1.0 1.0 1.0 1.0
203.71835400701545 280.4018335924354 6.0 5.0 6.0 8.0 None 5.0 4.0 4.0 3.0 10.0 1.0 None 1.0 None 121.22379753912554 105.23421184066959 120.46204985670735 171.44860238639183 None 94.45417986719508 78.621006174003 87.55795416436447 60.15917613692767 214.29247564229888 29.999990187139158 None 29.999990187139158 None 1.0 1.0 1.0 1.0 0.0 1.0 1.0 1.0 1.0 1.0 1.0 1.0 1.0 1.0
197.3384446548435 289.46716439318993 6.0 5.0 6.0 8.0 None 5.0 4.0 5.0 3.0 9.0 1.0 None 1.0 None 123.34142933660134 103.21593154068968 121.03334615003608 167.61389912712323 None 92.42063679831321 82.30410775779734 92.03744249801525 57.79949162540994 184.03193316080132 29.999959298085468 None 29.999959298085468 None 1.0 1.0 1.0 1.0 0.0 1.0 1.0 1.0 1.0 1.0 1.0 1.0 1.0 1.0
211.34045892927685 270.2889938320598 6.0 5.0 6.0 8.0 None 4.0 4.0 5.0 3.0 6.0 2.0 None 2.0 None 125.46937831198332 104.66123934611662 123.10483761470948 171.31155588286768 None 93.10847050821107 90.76016218317463 99.40107353915155 59.39396230813927 135.2830714994285 29.999915772627155 None 29.999915772627155 None 1.0 1.0 1.0 1.0 0.0 1.0 1.0 1.0 1.0 1.0 1.0 1.0 1.0 1.0
200.15921042710352 285.3878164192887 6.0 5.0 6.0 8.0 None 4.0 4.0 5.0 3.0 None 1.0 None 1.0 None 124.26659422065978 104.91209520848335 123.5058022196522 167.3133926077236 None 93.5033152670773 84.9965556079556 99.33692916914043 58.324865397342606 None 29.999970918040443 None 29.999970918040443 None 1.0 1.0 1.0 1.0 0.0 1.0 1.0 1.0 1.0 0.0 1.0 1.0 1.0 1.0
225.74460062100803 253.0425970005861 6.0 5.0 6.0 7.0 None 4.0 5.0 5.0 4.0 9.0 1.0 None 1.0 None 129.23598051866412 105.89860044262893 128.47486978291485 171.97776953955616 None 94.94674222021983 103.09808691992687 112.13762761816433 86.27892352977484 206.06536659507114 29.999960467432533 None 29.999960467432533 None 1.0 1.0 1.0 1.0 0.0 1.0 1.0 1.0 1.0 1.0 1.0 1.0 1.0 1.0
237.5532619976363 240.46396803664345 6.0 5.0 6.0 7.0 None 4.0 4.0 5.0 3.0 8.0 2.0 None 2.0 None 122.0681885680051 105.45191174752745 121.03615409575681 168.9998896919494 None 94.42730918532375 84.95161219515211 101.48510366970547 63.102383714240204 197.21732244653603 29.999940132737205 None 29.999940132737205 None 1.0 1.0 1.0 1.0 0.0 1.0 1.0 1.0 1.0 1.0 1.0 1.0 1.0 1.0
193.02654760400824 295.9333869307303 6.0 5.0 6.0 8.0 None 5.0 4.0 5.0 3.0 None 2.0 None 2.0 None 122.07367504928646 102.96625539595354 118.97643850858853 166.570858812805 None 92.04982970386895 77.78386414274385 86.32900914864415 58.28992405345531 None 29.999957133371428 None 29.999957133371428 None 1.0 1.0 1.0 1.0 0.0 1.0 1.0 1.0 1.0 0.0 1.0 1.0 1.0 1.0
182.38789997645677 313.195118795565 6.0 5.0 6.0 9.0 None 5.0 4.0 5.0 3.0 None 1.0 None 1.0 None 121.05321631223563 106.52825929271947 120.29185070179048 170.96525410184475 None 95.7782336138489 85.26401407305106 100.23379488008044 67.57606307721221 None 29.99995841457201 None 29.99995841457201 None 1.0 1.0 1.0 1.0 0.0 1.0 1.0 1.0 1.0 0.0 1.0 1.0 1.0 1.0
202.70150826195277 281.808460577311 6.0 5.0 6.0 7.0 None 4.0 4.0 4.0 3.0 10.0 2.0 None 2.0 None 117.95482440421752 103.49441709638633 115.45488531426032 168.46658699304896 None 92.26916715184326 78.39850224592017 87.70027655407975 59.458269480451264 206.94711021760213 39.99992387319277 None 29.99992387319277 None 1.0 1.0 1.0 1.0 0.0 1.0 1.0 1.0 1.0 1.0 1.0 1.0 1.0 1.0
192.24243893471493 297.1404249578775 6.0 6.0 6.0 8.0 None 5.0 4.0 5.0 3.0 9.0 1.0 None 1.0 None 123.33719818213194 104.78178257076078 122.57576940717504 168.09182317674032 None 94.5517644792743 81.98943234350257 97.15466239807303 57.39504456517564 184.22670587159672 29.99992972028232 None 29.99992972028232 None 1.0 1.0 1.0 1.0 0.0 1.0 1.0 1.0 1.0 1.0 1.0 1.0 1.0 1.0
192.00157460029286 297.513185081519 6.0 6.0 6.0 8.0 None 5.0 4.0 5.0 3.0 10.0 1.0 None 1.0 None 121.5658447020945 105.15314819596705 118.96781041105109 168.91080046879776 None 94.86282814736367 76.85947968471903 86.05816956974444 51.66948376198826 197.6703644729112 29.99995188337115 None 29.99995188337115 None 1.0 1.0 1.0 1.0 0.0 1.0 1.0 1.0 1.0 1.0 1.0 1.0 1.0 1.0
199.00860446848498 287.0378401605545 6.0 5.0 6.0 8.0 None 5.0 4.0 5.0 3.0 8.0 1.0 None 1.0 None 121.0229347279014 103.74709761974046 118.96105033173234 168.32092509921188 None 92.98081884473001 77.71169398975651 94.88341479913984 59.33665270906562 172.1221672317548 29.999914602516615 None 29.999914602516615 None 1.0 1.0 1.0 1.0 0.0 1.0 1.0 1.0 1.0 1.0 1.0 1.0 1.0 1.0
195.58912230433268 292.0561191082896 6.0 6.0 6.0 8.0 None 5.0 5.0 5.0 3.0 10.0 2.0 None 2.0 None 119.08206198620243 106.14816912778593 118.32036682409213 173.2561025202761 None 94.86194304905119 82.0359892154005 91.49239579793196 57.935988730329925 208.25226464013718 29.99996773505686 None 29.99996773505686 None 1.0 1.0 1.0 1.0 0.0 1.0 1.0 1.0 1.0 1.0 1.0 1.0 1.0 1.0
179.86574838364854 317.58686972551476 6.0 5.0 6.0 9.0 None 5.0 4.0 5.0 3.0 None 1.0 None 1.0 None 117.93374723251571 101.90217047884562 113.80646098730293 166.7758165042307 None 90.96967260573581 77.00584122181553 85.71149726958032 52.40420378425923 None 29.999976905042864 None 29.999976905042864 None 1.0 1.0 1.0 1.0 0.0 1.0 1.0 1.0 1.0 0.0 1.0 1.0 1.0 1.0
192.17750528895286 297.24082386287307 7.0 5.0 6.0 8.0 None 5.0 5.0 5.0 4.0 10.0 2.0 None 2.0 None 123.15053501098649 102.41990833155091 121.04156091543061 168.47195743380834 None 91.2465092482949 89.80389203497094 98.35201571995114 65.59385751464373 210.52704321709768 29.999912860247097 None 29.999912860247097 None 1.0 1.0 1.0 1.0 0.0 1.0 1.0 1.0 1.0 1.0 1.0 1.0 1.0 1.0
207.29886275873523 275.55867523731956 6.0 5.0 6.0 8.0 None 5.0 4.0 4.0 3.0 None 1.0 None 1.0 None 113.8118942878855 104.11208144459768 111.74798370162522 166.1333999367928 None 92.82197221341937 71.60361887835244 80.8408469615668 51.911538569921746 None 29.999953498164633 None 29.999953498164633 None 1.0 1.0 1.0 1.0 0.0 1.0 1.0 1.0 1.0 0.0 1.0 1.0 1.0 1.0
205.4248229230899 278.0725288559046 6.0 5.0 6.0 8.0 None 5.0 4.0 5.0 3.0 10.0 2.0 None 2.0 None 120.00350926315923 106.75930706751757 118.22856632304118 170.3369296356633 None 95.42071589056673 82.33115070419373 90.8765226580518 58.74592356023096 217.02511831263385 29.99990150148596 None 29.99990150148596 None 1.0 1.0 1.0 1.0 0.0 1.0 1.0 1.0 1.0 1.0 1.0 1.0 1.0 1.0
197.30151724680536 289.5213417367925 6.0 5.0 6.0 8.0 None 4.0 4.0 5.0 3.0 7.0 1.0 None 1.0 None 124.12204970618657 105.92418577861434 121.02537121778573 171.38202500676292 None 94.63911469960553 82.95260442972722 98.71819523265538 58.451343577846465 146.42140580803851 29.99996354432914 None 29.99996354432914 None 1.0 1.0 1.0 1.0 0.0 1.0 1.0 1.0 1.0 1.0 1.0 1.0 1.0 1.0
205.36242525315137 278.15701888787186 6.0 6.0 6.0 8.0 None 5.0 4.0 5.0 3.0 8.0 2.0 None 2.0 None 120.79274189943254 107.92081677925503 120.03145318838793 172.3340082752988 None 96.92798028188696 78.30583470845963 92.8456105760301 53.234749182255655 173.6389077120214 39.999992930942824 None 29.99999293094282 None 1.0 1.0 1.0 1.0 0.0 1.0 1.0 1.0 1.0 1.0 1.0 1.0 1.0 1.0
204.06651579459074 279.9234346584271 6.0 5.0 6.0 7.0 None 4.0 3.0 4.0 3.0 None 2.0 None 2.0 None 124.12960053767318 103.30952544060779 122.51371820575255 167.19408300414779 None 92.45939140024987 87.2584793847451 96.50572887249962 61.30763393757801 None 29.999907122105036 None 29.999907122105036 None 1.0 1.0 1.0 1.0 0.0 1.0 1.0 1.0 1.0 0.0 1.0 1.0 1.0 1.0
216.09735065228438 264.3391963278387 6.0 5.0 6.0 7.0 None 5.0 4.0 4.0 3.0 9.0 1.0 None 1.0 None 122.07685362917968 103.07597034382025 120.06093298194475 167.44235994807886 None 92.4820993621347 77.25376970976103 86.48998736303014 65.24507263588714 209.51625928130906 29.999947810768823 None 29.999947810768823 None 1.0 1.0 1.0 1.0 0.0 1.0 1.0 1.0 1.0 1.0 1.0 1.0 1.0 1.0
245.25259667284385 232.9149651214481 5.0 4.0 5.0 7.0 None 4.0 4.0 4.0 3.0 6.0 1.0 None 1.0 None 123.06744819697117 105.43854135991218 121.02193383082577 170.17357824995827 None 95.04622773849827 85.57274889404866 94.25420797393939 67.72039707952553 153.9403916253936 29.999962328282418 None 29.999962328282418 None 1.0 1.0 1.0 1.0 0.0 1.0 1.0 1.0 1.0 1.0 1.0 1.0 1.0 1.0
221.04478019529415 258.4227501302295 6.0 5.0 6.0 8.0 None 4.0 4.0 5.0 4.0 8.0 1.0 None 1.0 None 127.88122085699429 107.19515960372469 126.19751298748606 171.82985400826811 None 95.92651823242214 89.05615285505112 98.27972568344218 70.67259212047213 187.7693033702932 29.9999484464261 None 29.9999484464261 None 1.0 1.0 1.0 1.0 0.0 1.0 1.0 1.0 1.0 1.0 1.0 1.0 1.0 1.0
267.70283097171784 213.38212895490412 5.0 4.0 5.0 6.0 None 3.0 3.0 3.0 2.0 7.0 1.0 None 1.0 None 120.42103187291139 104.59127809211668 119.66052219762017 169.7787427952126 None 94.16960271160569 84.24203984096188 87.28591212696313 58.5515365587038 208.4011297801455 29.999921369564674 None 29.999921369564674 None 1.0 1.0 1.0 1.0 0.0 1.0 1.0 1.0 1.0 1.0 1.0 1.0 1.0 1.0
210.55875018829806 271.2924537636938 6.0 5.0 6.0 7.0 None 4.0 4.0 4.0 3.0 7.0 2.0 None 2.0 None 122.06200404656103 102.47153031117189 121.00989912796219 166.21471730028705 None 92.31451246370824 86.68351170630817 96.18020497482466 70.02937114122736 172.93639656217303 29.999930619007 None 29.999930619007 None 1.0 1.0 1.0 1.0 0.0 1.0 1.0 1.0 1.0 1.0 1.0 1.0 1.0 1.0
207.47652191843386 275.32271830957825 6.0 6.0 6.0 8.0 None 5.0 4.0 5.0 3.0 None 1.0 None 1.0 None 120.00196453987378 105.54328988072258 115.87388807034925 170.4612322858664 None 94.70273544130903 78.0067384822757 87.27721834014638 52.718109560563775 None 29.999909550476634 None 29.999909550476634 None 1.0 1.0 1.0 1.0 0.0 1.0 1.0 1.0 1.0 0.0 1.0 1.0 1.0 1.0
196.7636962032296 290.31270047397294 6.0 5.0 6.0 8.0 None 4.0 4.0 4.0 3.0 6.0 1.0 None 1.0 None 119.99990948161754 104.41880089537402 117.88862426108126 169.51760428207928 None 94.45597586244722 83.22467405332989 91.7786629236524 65.89284752474146 138.12424199863736 29.999998719552206 None 29.999998719552206 None 1.0 1.0 1.0 1.0 0.0 1.0 1.0 1.0 1.0 1.0 1.0 1.0 1.0 1.0
190.1844219423151 300.3558304966008 6.0 5.0 6.0 8.0 None 5.0 5.0 5.0 3.0 10.0 2.0 None 2.0 None 126.19071353291267 103.28235946530438 123.09362116311982 168.19305605210448 None 93.14561531159607 92.15193885250828 100.85638423787489 67.01466044967815 195.92757924788788 29.99994435656853 None 29.99994435656853 None 1.0 1.0 1.0 1.0 0.0 1.0 1.0 1.0 1.0 1.0 1.0 1.0 1.0 1.0
195.94547591722733 291.524975162633 6.0 5.0 6.0 8.0 None 5.0 4.0 4.0 3.0 8.0 2.0 None 2.0 None 114.74190142589141 104.86634935831127 113.80049571215288 170.39052400049337 None 94.32105828407104 72.00059087739838 80.54944205052755 52.380812637115184 167.72032196822045 29.99995448600596 None 29.99995448600596 None 1.0 1.0 1.0 1.0 0.0 1.0 1.0 1.0 1.0 1.0 1.0 1.0 1.0 1.0
216.221879032186 264.1869558052304 6.0 5.0 6.0 7.0 None 4.0 4.0 5.0 3.0 None 1.0 None 1.0 None 128.2587596910278 102.39449757387831 126.19512294712598 167.37709928660578 None 92.0098066147562 94.82804658684492 104.86953024098992 78.25962498953136 None 29.99990429577548 None 29.99990429577548 None 1.0 1.0 1.0 1.0 0.0 1.0 1.0 1.0 1.0 0.0 1.0 1.0 1.0 1.0
208.56483126525052 273.88606052835235 6.0 5.0 6.0 7.0 None 4.0 3.0 4.0 3.0 10.0 1.0 None 1.0 None 115.88578890800666 103.37157932259753 114.4090100288192 168.12262822183246 None 93.0570832343993 77.31497135212263 80.35850440552449 57.974166145083046 217.92795139800856 29.99997965494315 None 29.99997965494315 None 1.0 1.0 1.0 1.0 0.0 1.0 1.0 1.0 1.0 1.0 1.0 1.0 1.0 1.0
203.2763600146917 281.01152537300186 5.0 5.0 5.0 7.0 None 4.0 3.0 5.0 3.0 8.0 1.0 None 1.0 None 125.10892615561583 104.81546331674765 124.06547375592099 168.72894039249746 None 94.1676702922312 88.52293775175154 103.94209174342645 71.82406542889804 175.68572550944657 29.999937193905097 None 29.999937193905097 None 1.0 1.0 1.0 1.0 0.0 1.0 1.0 1.0 1.0 1.0 1.0 1.0 1.0 1.0
223.7041226502704 255.35068072618265 6.0 5.0 6.0 7.0 None 4.0 4.0 5.0 3.0 8.0 1.0 None 1.0 None 125.00040561460123 103.255515002329 123.09465729999253 166.98258984095298 None 92.78678089060503 91.5779164254726 100.12623166529728 66.39932861670822 177.3772370505971 29.999999320067886 None 29.999999320067886 None 1.0 1.0 1.0 1.0 0.0 1.0 1.0 1.0 1.0 1.0 1.0 1.0 1.0 1.0
188.29972007430422 303.362107906793 6.0 6.0 6.0 8.0 None 5.0 4.0 5.0 3.0 8.0 2.0 None 2.0 None 115.7621359108641 104.72563183709586 114.24059288365665 171.0112325112724 None 94.09312653805087 76.30802511897107 84.85535738672134 58.11923523038189 157.17074623805627 29.999959677757555 None 29.999959677757555 None 1.0 1.0 1.0 1.0 0.0 1.0 1.0 1.0 1.0 1.0 1.0 1.0 1.0 1.0
222.6258757721221 256.58742408933006 5.0 4.0 5.0 7.0 None 4.0 4.0 4.0 3.0 7.0 1.0 None 1.0 None 127.7022830207722 108.28333574831126 127.7022830207722 173.2676464619557 None 97.30712805980735 92.58473572925249 101.22694770371638 82.20230177934671 160.12909349703037 29.999909884247558 None 29.999909884247558 None 1.0 1.0 1.0 1.0 0.0 1.0 1.0 1.0 1.0 1.0 1.0 1.0 1.0 1.0
220.17905585821248 259.43884524959174 6.0 5.0 6.0 7.0 None 4.0 3.0 4.0 3.0 8.0 1.0 None 1.0 None 117.80101583337859 104.55291749165752 116.88663871189064 167.49422594185697 None 93.36118176448588 80.15237082142849 83.19564290031312 60.689412019689726 191.28883863073264 29.999948356722317 None 29.999948356722317 None 1.0 1.0 1.0 1.0 0.0 1.0 1.0 1.0 1.0 1.0 1.0 1.0 1.0 1.0
197.4181250847468 289.350331817195 5.0 4.0 5.0 8.0 None 4.0 3.0 4.0 3.0 10.0 1.0 None 1.0 None 119.87418731045331 106.2898645918062 117.88310934138379 170.0380545146283 None 94.6172215410762 77.07361169887973 92.16104614326623 58.522791133231735 217.95036815180802 29.99998607752614 None 29.99998607752614 None 1.0 1.0 1.0 1.0 0.0 1.0 1.0 1.0 1.0 1.0 1.0 1.0 1.0 1.0
222.16103170914496 257.124301055578 6.0 5.0 6.0 8.0 None 4.0 4.0 5.0 3.0 7.0 1.0 None 1.0 None 127.76033454657986 107.20897791682793 126.19837670102251 173.1013806979104 None 96.15933591539383 94.1100431424791 102.93047548909428 76.86723748831136 157.35087657297257 29.99997554461458 None 29.99997554461458 None 1.0 1.0 1.0 1.0 0.0 1.0 1.0 1.0 1.0 1.0 1.0 1.0 1.0 1.0
200.71668027301845 284.5951812390493 6.0 6.0 6.0 8.0 None 5.0 5.0 5.0 4.0 None 1.0 None 1.0 None 122.24065551194695 106.45905383922499 121.4787743716386 170.15063315972324 None 95.70065009429237 92.99500347664588 96.03946879649644 74.77818905732106 None 29.99993985403378 None 29.99993985403378 None 1.0 1.0 1.0 1.0 0.0 1.0 1.0 1.0 1.0 0.0 1.0 1.0 1.0 1.0
198.7234898518743 287.4496620534326 6.0 5.0 6.0 8.0 None 5.0 4.0 5.0 2.0 None 1.0 None 1.0 None 122.05598824834323 105.34552118078136 121.02431850204621 169.79794429504096 None 94.28656638109683 86.01349790461592 94.55901118514569 60.59853490694574 None 29.999900515482715 None 29.999900515482715 None 1.0 1.0 1.0 1.0 0.0 1.0 1.0 1.0 1.0 0.0 1.0 1.0 1.0 1.0
193.9010021942924 294.59878677038347 6.0 6.0 6.0 8.0 None 5.0 4.0 5.0 3.0 8.0 1.0 None 1.0 1.0 119.08383906401066 105.53735427001872 118.32347806178463 171.68740121057706 None 94.48238380150829 74.30517451576685 90.04409142128033 54.41521264314764 170.90026665509475 29.99990516164787 None 29.99990516164787 29.99990516164787 1.0 1.0 1.0 1.0 0.0 1.0 1.0 1.0 1.0 1.0 1.0 1.0 1.0 1.0
210.70359450321632 271.10595875063746 6.0 5.0 6.0 7.0 None 5.0 4.0 4.0 3.0 8.0 1.0 None 1.0 None 121.36372241346287 106.61026706146568 120.60213750199118 172.57046900891788 None 95.77993281195417 73.11887006781312 87.85327436320851 52.19796923968656 183.15448122996753 29.999968271725137 None 29.999968271725137 None 1.0 1.0 1.0 1.0 0.0 1.0 1.0 1.0 1.0 1.0 1.0 1.0 1.0 1.0
199.58448759792157 286.20961822984316 6.0 5.0 6.0 8.0 None 4.0 4.0 5.0 3.0 10.0 2.0 None 2.0 None 126.19715247291032 103.85389719409375 123.10359367634754 167.66046490545855 None 93.30609585514824 86.78397926424007 95.79714532600106 61.77605496644816 215.35850903042422 29.999996750172134 None 29.999996750172134 None 1.0 1.0 1.0 1.0 0.0 1.0 1.0 1.0 1.0 1.0 1.0 1.0 1.0 1.0
