294.38448930412386 70.51322591441034 4.0 2.0 4.0 2.0 None None 3.0 4.0 None None 1.0 None 0.0 1.0 220.34801532776004 156.3696552137961 248.43892328488954 156.3953478291369 None None 169.29879667171815 255.234102875718 None None 89.99999581872714 None 19.999995818727136 69.99999581872714 1.0 1.0 1.0 1.0 0.0 0.0 1.0 1.0 0.0 0.0 1.0 1.0 1.0 1.0
342.0890335934809 60.680109449716014 3.0 2.0 3.0 2.0 None 4.0 2.0 3.0 4.0 None 1.0 None 1.0 1.0 219.15304175076466 148.47905604467067 246.2440013978075 148.82226674469194 None 304.549832702226 158.51161258120413 242.3292755521923 301.1961455248434 None 129.99994513915544 None 19.999945139155443 69.99994513915544 1.0 1.0 1.0 1.0 0.0 1.0 1.0 1.0 1.0 0.0 1.0 1.0 1.0 1.0
321.75377691427974 64.51517119418386 3.0 2.0 3.0 2.0 None 4.0 2.0 4.0 4.0 None 1.0 None 0.0 2.0 210.46938591455242 142.40518079235548 234.67128490095772 142.5196515846356 None 304.9155276740963 151.8926137123084 236.31657621817286 284.54626704091015 None 99.9999402126796 None 19.99994021267961 169.9999402126796 1.0 1.0 1.0 1.0 0.0 1.0 1.0 1.0 1.0 0.0 1.0 1.0 1.0 1.0
272.4766889721542 76.18266383925918 4.0 3.0 4.0 3.0 None None 2.0 4.0 5.0 None 3.0 None 1.0 1.0 216.27027539380018 164.09379053996483 239.31719774573529 164.28696265553307 None None 150.1000133194079 232.14266375348623 292.2474103450346 None 189.99991765729524 None 19.999917657295242 79.99991765729524 1.0 1.0 1.0 1.0 0.0 0.0 1.0 1.0 1.0 0.0 1.0 1.0 1.0 1.0
251.53361666540096 82.52574854681566 4.0 2.0 4.0 2.0 None None 2.0 4.0 None None 1.0 None 0.0 1.0 218.31280505778065 129.66020128465775 245.74706532944768 129.6638898924379 None None 154.26306245033155 236.26301882095746 None None 59.99992008471654 None 19.999920084716543 79.99992008471654 1.0 1.0 1.0 1.0 0.0 0.0 1.0 1.0 0.0 0.0 1.0 1.0 1.0 1.0
308.06882659231917 67.38104672781436 3.0 2.0 3.0 2.0 None 5.0 2.0 3.0 4.0 None 1.0 None 0.0 2.0 216.70571488351806 165.0457600758634 244.61320102493175 165.26679649344024 None 323.18379205619766 159.27138966451446 232.14771316181515 279.3077188194108 None 139.99996074928526 None 19.999960749285272 149.99996074928526 1.0 1.0 1.0 1.0 0.0 1.0 1.0 1.0 1.0 0.0 1.0 1.0 1.0 1.0
280.8011827719081 73.92419004467482 3.0 2.0 4.0 2.0 None None 2.0 3.0 None None 1.0 None 0.0 1.0 218.51075877706444 159.33276652754626 247.60041693282233 159.77814018004273 None None 155.75014623789536 242.04840212347295 None None 69.9999395982717 None 19.999939598271695 59.999939598271695 1.0 1.0 1.0 1.0 0.0 0.0 1.0 1.0 0.0 0.0 1.0 1.0 1.0 1.0
289.635456624796 71.66940208874581 3.0 2.0 4.0 2.0 None 5.0 2.0 4.0 5.0 None 1.0 None 0.0 None 219.56522834062707 138.74638207229938 246.00209875571835 139.02657686814513 None 295.0053452492777 160.65301391195447 244.52674159080766 291.7772325479205 None 69.99999000798948 None 19.99999000798948 None 1.0 1.0 1.0 1.0 0.0 1.0 1.0 1.0 1.0 0.0 1.0 1.0 1.0 1.0
243.49957229801936 85.24860969609533 4.0 3.0 4.0 3.0 None None 3.0 5.0 None None 1.0 None 1.0 4.0 213.3249987511985 152.9044789485617 240.78205660559075 153.0601750403024 None None 162.71079696647578 245.77320172989602 None None 79.99997986438552 None 19.999979864385516 199.99997986438552 1.0 1.0 1.0 1.0 0.0 0.0 1.0 1.0 0.0 0.0 1.0 1.0 1.0 1.0
282.821389888139 73.39614591460062 3.0 2.0 4.0 2.0 None 5.0 2.0 4.0 5.0 None 1.0 None 0.0 1.0 222.15905168191648 145.25841030334078 243.18228519177183 145.45208103252244 None 301.78244094721344 168.59165128682002 240.9380282517783 296.59778012277366 None 79.99993691572809 None 19.999936915728078 69.99993691572809 1.0 1.0 1.0 1.0 0.0 1.0 1.0 1.0 1.0 0.0 1.0 1.0 1.0 1.0
239.874587071238 86.53688685177511 4.0 2.0 5.0 2.0 None None 3.0 5.0 None None 1.0 None 1.0 None 219.76027058762799 141.2969554533992 247.0222394131008 141.6010562942539 None None 159.86192072883063 243.70074404390806 None None 79.99991039596244 None 19.999910395962445 None 1.0 1.0 1.0 1.0 0.0 0.0 1.0 1.0 0.0 0.0 1.0 1.0 1.0 1.0
279.3133184357645 74.31797422425402 3.0 2.0 4.0 2.0 None None 2.0 4.0 None None 1.0 None 0.0 1.0 219.95018072444032 147.8812715457991 247.23861763755315 148.21056475441105 None None 166.87302921301654 255.01791952115013 None None 59.99999543876122 None 19.999995438761218 29.999995438761218 1.0 1.0 1.0 1.0 0.0 0.0 1.0 1.0 0.0 0.0 1.0 1.0 1.0 1.0
251.80023540101777 82.43836613949446 4.0 2.0 4.0 2.0 None None 3.0 4.0 None None 0.0 None 0.0 0.0 221.97634032179909 126.26037975553007 250.43392347102596 126.41281458895057 None None 160.74174446381926 250.03520154599394 None None 39.99990947622845 None 19.999909476228453 29.999909476228453 1.0 1.0 1.0 1.0 0.0 0.0 1.0 1.0 0.0 0.0 1.0 1.0 1.0 1.0
268.8620257553263 77.20688684719833 4.0 2.0 4.0 2.0 None None 3.0 4.0 None None 2.0 None 0.0 2.0 218.97609508318985 143.40945086576187 246.83697290400298 143.55523122316103 None None 166.52176746169707 248.13414586521455 None None 99.99990260022551 None 19.999902600225504 109.99990260022551 1.0 1.0 1.0 1.0 0.0 0.0 1.0 1.0 0.0 0.0 1.0 1.0 1.0 1.0
253.83056554553036 81.77896131376886 4.0 3.0 4.0 3.0 None None 3.0 4.0 None None 2.0 None 0.0 1.0 219.1198652418064 151.92663631686958 249.61142248221114 152.68110077308958 None None 166.78499196349995 250.22278756792315 None None 99.99997648903945 None 19.99997648903946 79.99997648903945 1.0 1.0 1.0 1.0 0.0 0.0 1.0 1.0 0.0 0.0 1.0 1.0 1.0 1.0
262.9824985921334 78.93300927296359 4.0 2.0 4.0 2.0 None None 2.0 4.0 None None 1.0 None 0.0 3.0 215.69240908850995 143.03284073112619 239.11906567020569 143.37392746236648 None None 157.99502941495575 232.7166944014401 None None 69.99991214090122 None 19.999912140901223 179.99991214090122 1.0 1.0 1.0 1.0 0.0 0.0 1.0 1.0 0.0 0.0 1.0 1.0 1.0 1.0
293.990006027969 70.6078423564683 3.0 2.0 4.0 2.0 None None 2.0 4.0 5.0 None 1.0 None 0.0 1.0 215.9139182639568 153.31259334817932 242.98930485268878 153.57002110868754 None None 155.17108046934163 234.80896197783144 311.1438117983348 None 79.9999725453105 None 19.999972545310506 59.999972545310506 1.0 1.0 1.0 1.0 0.0 0.0 1.0 1.0 1.0 0.0 1.0 1.0 1.0 1.0
268.31776617947156 77.36349439535604 3.0 2.0 4.0 2.0 None 5.0 2.0 4.0 None None 1.0 None 0.0 1.0 214.88145899339025 142.55394360851153 240.13829463865994 142.72052612850734 None 288.26010574794924 149.11777352048972 233.89992884029817 None None 69.99999641060577 None 19.999996410605775 69.99999641060577 1.0 1.0 1.0 1.0 0.0 1.0 1.0 1.0 0.0 0.0 1.0 1.0 1.0 1.0
260.8627192599985 79.57442159188247 4.0 2.0 4.0 2.0 None None 3.0 4.0 None None 1.0 None 0.0 2.0 212.65949082787418 132.58903713744496 238.49290952948488 132.58903713744496 None None 161.59156957356183 253.34878086472705 None None 39.99990259887411 None 19.999902598874108 129.99990259887412 1.0 1.0 1.0 1.0 0.0 0.0 1.0 1.0 0.0 0.0 1.0 1.0 1.0 1.0
266.059056254124 78.02027223675174 3.0 2.0 4.0 2.0 None None 2.0 4.0 None None 1.0 None 1.0 1.0 218.7411299862798 148.07886064723476 244.6153106721341 148.54462461687334 None None 171.6731256501099 249.5280865923335 None None 79.99998802387509 None 19.999988023875098 59.9999880238751 1.0 1.0 1.0 1.0 0.0 0.0 1.0 1.0 0.0 0.0 1.0 1.0 1.0 1.0
246.3287886600351 84.26948434617874 4.0 2.0 4.0 2.0 None None 3.0 4.0 None None 1.0 None 1.0 1.0 217.35782364824817 131.91205689451772 243.1994590189955 131.91205689451772 None None 163.18133668322668 240.00080647007687 None None 79.99990496179029 None 19.999904961790286 89.99990496179029 1.0 1.0 1.0 1.0 0.0 0.0 1.0 1.0 0.0 0.0 1.0 1.0 1.0 1.0
288.1300349550325 72.04386034673418 4.0 2.0 4.0 2.0 None 4.0 2.0 4.0 5.0 None 1.0 None 0.0 None 225.23412233660594 137.6405097417924 253.81413265884606 137.78567401433634 None 280.96084094895906 155.04686468580985 240.03559631365164 303.9112712204288 None 79.99992431330863 None 19.999924313308625 None 1.0 1.0 1.0 1.0 0.0 1.0 1.0 1.0 1.0 0.0 1.0 1.0 1.0 1.0
301.24167108756666 68.90812922746649 3.0 2.0 3.0 2.0 None 5.0 2.0 3.0 5.0 None 1.0 None 0.0 1.0 219.28945527909372 154.76554071668573 246.3523411956437 154.91461593362624 None 319.17360449526376 167.0884369588975 243.88662897204944 301.9163214254237 None 109.9999688720094 None 19.999968872009404 49.999968872009404 1.0 1.0 1.0 1.0 0.0 1.0 1.0 1.0 1.0 0.0 1.0 1.0 1.0 1.0
278.20035266148176 74.61529002897647 4.0 2.0 4.0 2.0 None None 2.0 4.0 5.0 None 1.0 None 0.0 1.0 217.9057656554838 149.26496682845706 238.5272507132316 149.8364684615379 None None 156.85667373399113 234.65129630610696 292.35389287024924 None 49.99998658781326 None 19.99998658781326 79.99998658781325 1.0 1.0 1.0 1.0 0.0 0.0 1.0 1.0 1.0 0.0 1.0 1.0 1.0 1.0
269.85300368857713 76.92336092710568 4.0 2.0 4.0 2.0 None 5.0 3.0 4.0 None None 1.0 None 0.0 2.0 215.3399494560185 123.42987396504302 239.57804644411047 123.50246190165541 None 286.78799370780865 164.85202190124403 244.92721012676523 None None 69.99992003608745 None 19.99992003608744 99.99992003608745 1.0 1.0 1.0 1.0 0.0 1.0 1.0 1.0 0.0 0.0 1.0 1.0 1.0 1.0
311.57469789132836 66.62286809707513 3.0 2.0 4.0 2.0 None 4.0 2.0 3.0 5.0 None 1.0 None 0.0 1.0 221.74845345868033 144.9317855904203 250.19877401010024 145.27916288449507 None 307.88301401258224 164.11936186659318 248.29394999773785 321.4108882720801 None 89.99999049785298 None 19.999990497852977 59.99999049785298 1.0 1.0 1.0 1.0 0.0 1.0 1.0 1.0 1.0 0.0 1.0 1.0 1.0 1.0
315.07334756788555 65.88307186321906 3.0 2.0 4.0 2.0 None 5.0 2.0 4.0 4.0 None 1.0 None 0.0 1.0 218.53360276673206 139.46657729276714 248.26465966588958 139.80215975090402 None 318.2736634863702 167.17528050843737 253.13585949519867 311.9973093067654 None 79.99996405652755 None 19.999964056527546 89.99996405652755 1.0 1.0 1.0 1.0 0.0 1.0 1.0 1.0 1.0 0.0 1.0 1.0 1.0 1.0
286.0593249101463 72.5653673639909 3.0 2.0 4.0 2.0 None 4.0 2.0 3.0 5.0 None 1.0 None 1.0 1.0 215.65378026667446 140.1215928865396 241.4115051957769 140.2667644596863 None 274.6980176958293 158.09277619886265 235.35212592780778 300.680969151348 None 59.999911279499436 None 19.999911279499436 59.999911279499436 1.0 1.0 1.0 1.0 0.0 1.0 1.0 1.0 1.0 0.0 1.0 1.0 1.0 1.0
257.94669548971575 80.47399080104755 4.0 2.0 4.0 2.0 None None 2.0 4.0 None None 3.0 None 0.0 None 220.00704960461775 156.58515283213148 245.790115202062 156.739913787817 None None 150.76598980694877 243.23728127624537 None None 179.9999217055767 None 19.99992170557671 None 1.0 1.0 1.0 1.0 0.0 0.0 1.0 1.0 0.0 0.0 1.0 1.0 1.0 1.0
285.0129563675712 72.8317767183508 3.0 2.0 4.0 2.0 None 5.0 2.0 4.0 4.0 None 1.0 None 0.0 None 218.28347992474676 139.06076941864146 245.34696352169954 139.18055959551387 None 303.3547596533143 161.94163726684982 233.72639377804353 284.2601498845321 None 79.99994571268934 None 19.999945712689332 None 1.0 1.0 1.0 1.0 0.0 1.0 1.0 1.0 1.0 0.0 1.0 1.0 1.0 1.0
311.10674276512276 66.72307972338527 3.0 2.0 4.0 2.0 None 5.0 2.0 4.0 5.0 None 1.0 None 1.0 None 224.14483370043385 143.51978522656944 251.0077297527811 143.77999274309204 None 315.125875336754 176.93822913920616 261.63454367804746 331.83117444686485 None 69.9999102202705 None 19.999910220270486 None 1.0 1.0 1.0 1.0 0.0 1.0 1.0 1.0 1.0 0.0 1.0 1.0 1.0 1.0
339.460287753715 61.15001002727108 3.0 2.0 3.0 2.0 None 4.0 2.0 3.0 4.0 None 1.0 None 0.0 2.0 219.04843607320066 162.31404429480185 245.14552078569295 162.7631368201896 None 318.7034639158316 160.16679569590892 238.19045019230822 303.0265057949153 None 69.99993215932585 None 19.99993215932585 149.99993215932585 1.0 1.0 1.0 1.0 0.0 1.0 1.0 1.0 1.0 0.0 1.0 1.0 1.0 1.0
303.0278200525945 68.50196129318151 3.0 2.0 4.0 2.0 None None 2.0 4.0 5.0 None 1.0 None 1.0 1.0 218.93142701945027 145.17717872107227 242.9602991458005 145.2874506108409 None None 159.52396319445654 255.02740963098643 317.8495329504737 None 69.99993779181636 None 19.999937791816357 79.99993779181636 1.0 1.0 1.0 1.0 0.0 0.0 1.0 1.0 1.0 0.0 1.0 1.0 1.0 1.0
274.22180081753623 75.69784728316372 3.0 2.0 4.0 2.0 None 5.0 2.0 4.0 5.0 None 1.0 None 0.0 None 216.14520109478164 139.1788636640786 245.5969322212674 139.89341766533542 None 294.8896627617745 152.27387095532745 236.57545435367675 283.94402945234526 None 79.99993681996037 None 19.99993681996036 None 1.0 1.0 1.0 1.0 0.0 1.0 1.0 1.0 1.0 0.0 1.0 1.0 1.0 1.0
264.19336326587006 78.57123942629194 4.0 2.0 4.0 2.0 None None 3.0 4.0 None None 1.0 None 0.0 3.0 222.61870278286239 136.52623392550043 247.19402348069087 136.60515279030318 None None 168.98722026024757 241.76025671922457 None None 49.99993433317589 None 19.999934333175887 149.99993433317587 1.0 1.0 1.0 1.0 0.0 0.0 1.0 1.0 0.0 0.0 1.0 1.0 1.0 1.0
293.7246677268776 70.6716264610843 4.0 3.0 4.0 3.0 None None 3.0 4.0 4.0 None 1.0 None 0.0 1.0 215.53622257276334 149.7484456848943 240.15471292395415 149.89875134403326 None None 155.9024318004575 235.83848107859086 287.0826380428137 None 69.99994009960187 None 19.999940099601865 59.999940099601865 1.0 1.0 1.0 1.0 0.0 0.0 1.0 1.0 1.0 0.0 1.0 1.0 1.0 1.0
327.28975246077664 63.423922820460746 3.0 2.0 3.0 2.0 None 4.0 2.0 3.0 4.0 None 1.0 None 0.0 None 217.3001422483576 150.79491074423817 243.76540285664493 150.9737610456714 None 305.2643041705907 160.43369652413585 236.30104864778508 299.28417025448766 None 79.99996049907037 None 19.999960499070376 None 1.0 1.0 1.0 1.0 0.0 1.0 1.0 1.0 1.0 0.0 1.0 1.0 1.0 1.0
272.2091906414888 76.25752808375664 3.0 2.0 4.0 2.0 None 5.0 2.0 4.0 None None 1.0 None 0.0 2.0 220.57947409474036 130.20983350287617 248.33249498868702 130.3487064926606 None 286.5681008808912 161.52255391923887 248.33249498868702 None None 49.9999293179397 None 19.999929317939703 129.9999293179397 1.0 1.0 1.0 1.0 0.0 1.0 1.0 1.0 0.0 0.0 1.0 1.0 1.0 1.0
253.0436542417857 82.03327628269835 4.0 2.0 4.0 2.0 None None 2.0 4.0 None None 1.0 None 0.0 1.0 218.7470248946845 138.76506106252964 244.18538866984903 138.8206034206095 None None 165.62899006183875 243.26581198876187 None None 69.99994201564465 None 19.99994201564465 59.99994201564465 1.0 1.0 1.0 1.0 0.0 0.0 1.0 1.0 0.0 0.0 1.0 1.0 1.0 1.0
261.70009361954146 79.31980349299339 4.0 2.0 4.0 2.0 None None 2.0 4.0 None None 1.0 None 0.0 1.0 214.1496321791864 145.5484516077033 244.01427458705663 145.72763060043295 None None 154.0192166117364 234.8671392031189 None None 59.99991670041746 None 19.999916700417458 69.99991670041746 1.0 1.0 1.0 1.0 0.0 0.0 1.0 1.0 0.0 0.0 1.0 1.0 1.0 1.0
345.4086481032603 60.096931892088506 2.0 2.0 3.0 2.0 None 4.0 2.0 3.0 4.0 None 1.0 None 0.0 None 224.36583235858973 155.42104338210055 251.86779887033413 155.59144742873497 None 325.6095054661128 171.37210263674228 251.86779887033413 325.9992936018924 None 109.99992156946853 None 19.999921569468526 None 1.0 1.0 1.0 1.0 0.0 1.0 1.0 1.0 1.0 0.0 1.0 1.0 1.0 1.0
278.774809903196 74.46153405039779 3.0 2.0 4.0 2.0 None None 2.0 4.0 None None 1.0 None 0.0 1.0 222.92559348937573 142.27254387548078 249.8926232142099 142.5916510681534 None None 164.06636491421494 243.78680731358128 None None 69.99995309874485 None 19.999953098744854 119.99995309874485 1.0 1.0 1.0 1.0 0.0 0.0 1.0 1.0 0.0 0.0 1.0 1.0 1.0 1.0
293.7400182259679 70.66793324711826 3.0 2.0 4.0 2.0 None None 2.0 4.0 5.0 None 1.0 None 0.0 1.0 218.16740122750227 155.75262685773308 244.47121624282883 155.93943604737 None None 163.94889129100338 244.47121624282883 306.62787322651184 None 79.99992341038487 None 19.999923410384866 59.999923410384866 1.0 1.0 1.0 1.0 0.0 0.0 1.0 1.0 1.0 0.0 1.0 1.0 1.0 1.0
241.7632612870496 85.86085366938228 4.0 3.0 5.0 3.0 None None 4.0 5.0 None None 1.0 None 0.0 None 217.3874094425385 132.50623649607124 246.81167833830926 132.61951118403547 None None 168.18205941548874 243.83558607859976 None None 39.99994491929186 None 19.999944919291863 None 1.0 1.0 1.0 1.0 0.0 0.0 1.0 1.0 0.0 0.0 1.0 1.0 1.0 1.0
260.79575208957044 79.59485472321134 3.0 2.0 4.0 2.0 None None 2.0 4.0 5.0 None 2.0 None 0.0 1.0 214.90012383442266 141.45970179689297 236.76351834654432 141.58170765284 None None 148.2128158430601 226.5945146773287 267.8468278701014 None 129.99997872279576 None 19.999978722795753 69.99997872279576 1.0 1.0 1.0 1.0 0.0 0.0 1.0 1.0 1.0 0.0 1.0 1.0 1.0 1.0
224.4415913708915 92.48731428613533 4.0 3.0 None 3.0 None None 3.0 5.0 None None 1.0 None 0.0 1.0 224.2123804791533 131.86017254016497 None 131.9096820113935 None None 159.42119411482486 240.08226137866734 None None 39.99990550473579 None 19.999905504735793 59.99990550473579 1.0 1.0 0.0 1.0 0.0 0.0 1.0 1.0 0.0 0.0 1.0 1.0 1.0 1.0
262.08925464456115 79.20202615002846 4.0 2.0 4.0 2.0 None None 3.0 4.0 None None 1.0 None 0.0 1.0 220.11950271646688 148.08766110105296 243.7531391715921 148.08766110105296 None None 158.3086354494966 238.4243080023207 None None 69.9999665653668 None 19.99996656536681 69.9999665653668 1.0 1.0 1.0 1.0 0.0 0.0 1.0 1.0 0.0 0.0 1.0 1.0 1.0 1.0
245.02276981662493 84.71865702740725 4.0 2.0 5.0 2.0 None None 3.0 5.0 None None 1.0 None 1.0 None 224.40116505548792 146.51844077332643 249.4335664959794 147.23438903176037 None None 172.4944946106335 249.4335664959794 None None 69.99991454121738 None 19.99991454121738 None 1.0 1.0 1.0 1.0 0.0 0.0 1.0 1.0 0.0 0.0 1.0 1.0 1.0 1.0
281.53086233941747 73.73259126018614 3.0 2.0 4.0 2.0 None None 2.0 4.0 None None 1.0 None 0.0 1.0 219.40656910833283 160.7900901052402 246.24552523507057 160.9593553994963 None None 168.38629753323033 246.24552523507057 None None 79.99992567626336 None 19.99992567626336 109.99992567626336 1.0 1.0 1.0 1.0 0.0 0.0 1.0 1.0 0.0 0.0 1.0 1.0 1.0 1.0
228.03130799743838 91.03135960713425 4.0 2.0 5.0 2.0 None None 3.0 5.0 None None 1.0 None 1.0 2.0 214.71134033044274 123.85296846782207 237.9411512132931 123.63058912198677 None None 158.45502326680003 243.03504909038628 None None 69.99998552243225 None 19.999985522432254 79.99998552243225 1.0 1.0 1.0 1.0 0.0 0.0 1.0 1.0 0.0 0.0 1.0 1.0 1.0 1.0
338.5601948594171 61.31258285877199 3.0 2.0 3.0 2.0 None 4.0 2.0 3.0 4.0 None 1.0 None 0.0 1.0 219.57550833585535 161.50608350698243 246.14651002292348 161.68020656309585 None 334.3222882567863 162.2798343069528 239.61005561017097 292.2763040523981 None 89.99995207530017 None 19.99995207530018 69.99995207530017 1.0 1.0 1.0 1.0 0.0 1.0 1.0 1.0 1.0 0.0 1.0 1.0 1.0 1.0
266.6828973942986 77.83776238679708 4.0 2.0 4.0 2.0 None None 3.0 4.0 None None 1.0 None 0.0 1.0 219.54439582154743 142.9427421983738 242.16377543105432 143.23031881461952 None None 155.20907103511507 241.6288858133242 None None 79.99996132574978 None 19.99996132574978 109.99996132574978 1.0 1.0 1.0 1.0 0.0 0.0 1.0 1.0 0.0 0.0 1.0 1.0 1.0 1.0
317.40517282362686 65.39906018335321 3.0 1.0 3.0 1.0 None 4.0 2.0 3.0 5.0 None 1.0 None 0.0 1.0 219.93657670333715 145.39948653848222 247.7895195961553 145.58587163463545 None 308.1145231348258 177.35781247518355 255.92493812816434 318.6458840062664 None 79.99993857509612 None 19.999938575096124 99.99993857509612 1.0 1.0 1.0 1.0 0.0 1.0 1.0 1.0 1.0 0.0 1.0 1.0 1.0 1.0
288.28013785714637 72.0063482496542 3.0 2.0 4.0 2.0 None 5.0 3.0 4.0 None None 1.0 None 0.0 None 224.14045261870376 143.7616723066749 252.81284456190167 143.8509994512352 None 289.9711208742111 163.83179218737655 257.566048186742 None None 69.99994152212003 None 19.999941522120032 None 1.0 1.0 1.0 1.0 0.0 1.0 1.0 1.0 0.0 0.0 1.0 1.0 1.0 1.0
272.2046698528229 76.25879457256757 3.0 2.0 4.0 2.0 None None 2.0 4.0 None None 1.0 None 0.0 1.0 220.12442910102106 142.0607665746722 244.77795328269667 142.0607665746722 None None 171.92102691898583 248.1502536736353 None None 79.9999781009901 None 19.999978100990106 59.999978100990106 1.0 1.0 1.0 1.0 0.0 0.0 1.0 1.0 0.0 0.0 1.0 1.0 1.0 1.0
301.47962014572164 68.85374205382944 3.0 2.0 4.0 2.0 None 5.0 3.0 4.0 None None 1.0 None 0.0 1.0 226.89627342215152 144.73575378431946 253.33223524248234 144.8943640228608 None 312.5815662838857 173.86713445570842 264.954325471935 None None 39.999946329579366 None 19.999946329579366 79.99994632957936 1.0 1.0 1.0 1.0 0.0 1.0 1.0 1.0 0.0 0.0 1.0 1.0 1.0 1.0
268.22248627105836 77.39097600870991 4.0 2.0 4.0 2.0 None None 3.0 4.0 None None 1.0 None 1.0 1.0 220.99236093630643 153.12238143984675 244.789677192639 153.4255748263521 None None 173.38654326694083 244.789677192639 None None 79.99991090868721 None 19.999910908687205 89.99991090868721 1.0 1.0 1.0 1.0 0.0 0.0 1.0 1.0 0.0 0.0 1.0 1.0 1.0 1.0
325.5848310698853 63.75604149550932 3.0 1.0 3.0 1.0 None 4.0 2.0 3.0 3.0 None 1.0 None 0.0 1.0 214.01770334150123 145.83296064205126 242.95534869671744 147.03774978820974 None 317.3304420661628 156.66989970350505 237.97138459406753 275.02846291771834 None 69.99997366372693 None 19.99997366372694 59.99997366372694 1.0 1.0 1.0 1.0 0.0 1.0 1.0 1.0 1.0 0.0 1.0 1.0 1.0 1.0
327.2728905660611 63.42719057510793 3.0 2.0 3.0 2.0 None 4.0 2.0 3.0 None None 1.0 None 0.0 1.0 222.5209843249255 155.73745090743353 246.68723095058135 155.73745090743353 None 325.3004867685263 167.96894902035808 253.21861526330053 None None 89.99995796932343 None 19.999957969323432 39.99995796932343 1.0 1.0 1.0 1.0 0.0 1.0 1.0 1.0 0.0 0.0 1.0 1.0 1.0 1.0
329.92058072376204 62.91817247187858 3.0 2.0 3.0 2.0 None 4.0 2.0 3.0 4.0 None 1.0 None 0.0 1.0 223.1147570743265 146.7089220128579 249.1639816152726 146.87200944286215 None 308.7253041871997 161.24142380317807 243.65205684031108 297.4348777804992 None 79.99997047330103 None 19.99997047330104 89.99997047330103 1.0 1.0 1.0 1.0 0.0 1.0 1.0 1.0 1.0 0.0 1.0 1.0 1.0 1.0
291.936722019091 71.10444981512995 4.0 2.0 4.0 2.0 None None 3.0 4.0 5.0 None 1.0 None 0.0 2.0 220.97109501545677 146.93059291944851 249.85025254627104 147.26890005529918 None None 164.60079278040155 252.17817833313407 310.7269569991142 None 69.99991542525291 None 19.999915425252915 109.99991542525291 1.0 1.0 1.0 1.0 0.0 0.0 1.0 1.0 1.0 0.0 1.0 1.0 1.0 1.0
325.7262091327218 63.728368850852455 3.0 2.0 3.0 2.0 None 5.0 2.0 3.0 5.0 None 3.0 None 0.0 1.0 223.14304815683414 172.9436854156353 253.03763821068776 173.6830070726134 None 327.1335355144266 168.7646567369726 255.85763006727063 342.6185664038992 None 229.99995659640712 None 19.99995659640713 69.99995659640713 1.0 1.0 1.0 1.0 0.0 1.0 1.0 1.0 1.0 0.0 1.0 1.0 1.0 1.0
240.76749316625143 86.21595767359871 4.0 3.0 5.0 3.0 None None 3.0 5.0 None None 1.0 None 1.0 2.0 219.50765921349125 146.92214095871327 244.55581029002354 146.7583183662927 None None 161.20386516440362 246.14047636023957 None None 69.99997230770795 None 19.99997230770795 119.99997230770795 1.0 1.0 1.0 1.0 0.0 0.0 1.0 1.0 0.0 0.0 1.0 1.0 1.0 1.0
351.11114551424663 59.12088028307186 3.0 2.0 3.0 2.0 None 4.0 2.0 3.0 4.0 None 1.0 None 0.0 None 219.10602305376648 151.14633365409873 243.64099297807638 151.18375363511245 None 307.5045208425268 154.4138250863329 233.02969057383228 280.8969175485957 None 89.99997762413186 None 19.99997762413186 None 1.0 1.0 1.0 1.0 0.0 1.0 1.0 1.0 1.0 0.0 1.0 1.0 1.0 1.0
273.8425111728034 75.80269371288753 3.0 2.0 4.0 2.0 None None 2.0 4.0 None None 2.0 None 0.0 2.0 218.92908474325662 159.65014883061656 244.38095669181223 159.73161262844204 None None 164.20180951577288 241.01932742110154 None None 119.99992940041392 None 19.999929400413926 159.99992940041392 1.0 1.0 1.0 1.0 0.0 0.0 1.0 1.0 0.0 0.0 1.0 1.0 1.0 1.0
319.14446557248675 65.04264444242813 3.0 1.0 3.0 1.0 None 5.0 2.0 3.0 4.0 None 1.0 None 0.0 3.0 222.8608967033924 154.50715551603045 251.13846840348904 154.75295443193664 None 324.0126535793752 158.4316127495775 237.00148462695265 291.48658333308003 None 109.99990288607583 None 19.99990288607583 249.99990288607583 1.0 1.0 1.0 1.0 0.0 1.0 1.0 1.0 1.0 0.0 1.0 1.0 1.0 1.0
251.63868445643732 82.49129121319001 4.0 3.0 4.0 3.0 None None 3.0 4.0 None None 1.0 None 0.0 1.0 221.3661981797306 145.22160816961375 245.59783107600833 145.22160816961375 None None 163.68487410082443 250.7422417293547 None None 79.99991132657249 None 19.999911326572487 59.99991132657249 1.0 1.0 1.0 1.0 0.0 0.0 1.0 1.0 0.0 0.0 1.0 1.0 1.0 1.0
300.37935679952056 69.10594729668564 3.0 2.0 4.0 2.0 None 5.0 2.0 4.0 5.0 None 1.0 None 0.0 None 216.3039642370829 145.89414387585262 241.03195944151346 145.9371453160171 None 319.73728713914136 159.82527552913007 251.43163522802925 317.83747247473354 None 99.99995570807405 None 19.999955708074054 None 1.0 1.0 1.0 1.0 0.0 1.0 1.0 1.0 1.0 0.0 1.0 1.0 1.0 1.0
296.016693208169 70.12442364323782 3.0 1.0 4.0 1.0 None 5.0 2.0 4.0 5.0 None 1.0 None 0.0 1.0 224.85742641167542 135.30925950804613 250.99356152842682 135.49518290011832 None 305.8996471584303 163.4330997585305 251.04345717481533 314.1947147418024 None 59.99995516855584 None 19.999955168555843 109.99995516855584 1.0 1.0 1.0 1.0 0.0 1.0 1.0 1.0 1.0 0.0 1.0 1.0 1.0 1.0
257.9224389406868 80.48155905029115 4.0 2.0 4.0 2.0 None None 2.0 4.0 None None 1.0 None 0.0 1.0 217.73934543867475 138.22415102580888 245.85993845171615 138.40426600964335 None None 156.93239087349934 235.24816323565975 None None 69.99992571477648 None 19.99992571477648 39.99992571477648 1.0 1.0 1.0 1.0 0.0 0.0 1.0 1.0 0.0 0.0 1.0 1.0 1.0 1.0
277.8693787631843 74.70416528944386 4.0 3.0 4.0 3.0 None None 3.0 4.0 5.0 None 1.0 None 0.0 1.0 212.8980350726331 149.83896707707862 239.33885849894796 149.98987465688032 None None 154.03265281498392 241.7625790203203 295.4490878546786 None 79.99995742709085 None 19.99995742709085 59.99995742709085 1.0 1.0 1.0 1.0 0.0 0.0 1.0 1.0 1.0 0.0 1.0 1.0 1.0 1.0
320.44769445708926 64.77812248007818 3.0 2.0 3.0 2.0 None 5.0 2.0 3.0 4.0 None 1.0 None 0.0 3.0 218.52834945562216 153.52207908119195 243.9628692067962 153.6964592041005 None 321.0729699246266 164.69272511390784 248.18395115279964 313.9483267499358 None 109.99993448898158 None 19.999934488981587 199.99993448898158 1.0 1.0 1.0 1.0 0.0 1.0 1.0 1.0 1.0 0.0 1.0 1.0 1.0 1.0
323.7078747686906 64.1257183342632 4.0 2.0 4.0 2.0 None 5.0 2.0 4.0 4.0 None 3.0 None 0.0 3.0 219.7448309541158 155.57787265280632 243.38120102132427 155.88325291278693 None 334.28599670647645 157.3714938906919 235.799431998177 284.69407156829493 None 169.99998571209846 None 19.99998571209845 179.99998571209846 1.0 1.0 1.0 1.0 0.0 1.0 1.0 1.0 1.0 0.0 1.0 1.0 1.0 1.0
279.99428533814483 74.13722738994791 3.0 2.0 4.0 2.0 None None 2.0 4.0 None None 2.0 None 0.0 1.0 220.5592683668207 155.9506912619372 249.49045238700236 156.08749968139225 None None 164.5383370174892 249.49045238700236 None None 169.9999057946076 None 19.999905794607592 129.9999057946076 1.0 1.0 1.0 1.0 0.0 0.0 1.0 1.0 0.0 0.0 1.0 1.0 1.0 1.0
336.6288983868562 61.66434343418956 2.0 2.0 3.0 2.0 None 4.0 2.0 3.0 4.0 None 1.0 None 0.0 1.0 213.7741539990375 145.6182164788108 234.014645143867 145.50485082089912 None 295.5776192415152 154.81714134567517 241.95778370057323 292.09398919644326 None 79.99992753338202 None 19.999927533382014 79.99992753338202 1.0 1.0 1.0 1.0 0.0 1.0 1.0 1.0 1.0 0.0 1.0 1.0 1.0 1.0
302.3300895707913 68.6600530878997 3.0 2.0 3.0 2.0 None 5.0 2.0 3.0 None None 1.0 None 0.0 0.0 222.3373785096994 147.45348255274894 247.98662544811614 147.61902590941824 None 302.9158949395632 165.13201005099617 247.66597680201076 None None 79.9999050128558 None 19.9999050128558 29.9999050128558 1.0 1.0 1.0 1.0 0.0 1.0 1.0 1.0 0.0 0.0 1.0 1.0 1.0 1.0
260.52152811838226 79.67863596503803 4.0 3.0 4.0 3.0 None None 3.0 4.0 None None 1.0 None 0.0 1.0 218.08501833978926 154.4415231204894 243.1163542449578 154.16345584802983 None None 165.7273006201604 245.48038756010527 None None 79.99990655432418 None 19.999906554324177 89.99990655432418 1.0 1.0 1.0 1.0 0.0 0.0 1.0 1.0 0.0 0.0 1.0 1.0 1.0 1.0
250.11723537524426 82.99308109997827 4.0 2.0 4.0 2.0 None None 2.0 4.0 None None 1.0 None 0.0 3.0 214.5144923708013 137.77519033123565 242.95146325583784 137.9562501084116 None None 153.6494756748736 231.33003675399044 None None 59.99991667219696 None 19.99991667219696 159.99991667219695 1.0 1.0 1.0 1.0 0.0 0.0 1.0 1.0 0.0 0.0 1.0 1.0 1.0 1.0
298.7683415086226 69.47857960847874 3.0 2.0 3.0 2.0 None 4.0 3.0 3.0 None None 1.0 None 0.0 0.0 217.93507478829952 137.76614371606186 243.4622297536162 138.14855599294467 None 291.2366770208118 170.12161490853035 248.88392853398756 None None 69.99990043994649 None 19.999900439946494 29.999900439946494 1.0 1.0 1.0 1.0 0.0 1.0 1.0 1.0 0.0 0.0 1.0 1.0 1.0 1.0
278.91998288106265 74.42277812289859 4.0 2.0 4.0 2.0 None None 3.0 4.0 None None 1.0 None 0.0 1.0 222.16188340096545 148.35490822331053 248.59972216757188 148.74253278571575 None None 177.31594152490942 248.59972216757188 None None 69.99994404314661 None 19.999944043146613 69.99994404314661 1.0 1.0 1.0 1.0 0.0 0.0 1.0 1.0 0.0 0.0 1.0 1.0 1.0 1.0
335.89368668290496 61.79931574479474 3.0 2.0 3.0 2.0 None 4.0 2.0 3.0 4.0 None 1.0 None 0.0 1.0 220.88059760468252 144.12713804176235 248.80703683655537 144.42072211462622 None 322.7493581463498 156.51200405436757 241.13701670559294 283.110438332227 None 79.99996608508638 None 19.999966085086392 89.99996608508638 1.0 1.0 1.0 1.0 0.0 1.0 1.0 1.0 1.0 0.0 1.0 1.0 1.0 1.0
243.13379526704355 85.37686000089235 4.0 2.0 5.0 2.0 None None 2.0 5.0 None None 1.0 None 0.0 None 220.11580974217733 149.29887405745473 246.55418936861028 149.72231025760703 None None 158.87703724054066 244.00299300858072 None None 49.99990100328503 None 19.999901003285032 None 1.0 1.0 1.0 1.0 0.0 0.0 1.0 1.0 0.0 0.0 1.0 1.0 1.0 1.0
245.78906250790095 84.45453100392834 4.0 3.0 4.0 3.0 None None 3.0 4.0 None None 1.0 None 0.0 1.0 217.88241279322364 159.69547207447846 242.5160604148998 159.661954901966 None None 164.19814499860297 242.9452987818106 None None 89.99995132300181 None 19.99995132300181 39.99995132300181 1.0 1.0 1.0 1.0 0.0 0.0 1.0 1.0 0.0 0.0 1.0 1.0 1.0 1.0
255.419320690172 81.27028113577911 4.0 3.0 4.0 3.0 None None 3.0 4.0 None None 5.0 None 0.0 None 223.36489544241633 176.76601437300533 249.2167385589057 177.06398756961755 None None 176.67275575663592 253.10396456975778 None None 259.99993120057366 None 19.999931200573684 None 1.0 1.0 1.0 1.0 0.0 0.0 1.0 1.0 0.0 0.0 1.0 1.0 1.0 1.0
276.4884927076727 75.07726559147304 4.0 3.0 4.0 3.0 None None 3.0 4.0 5.0 None 1.0 None 1.0 2.0 216.7303181093618 162.18635284096206 242.57658812525153 162.24129249315894 None None 161.18895076852334 239.4371901262644 294.73254019924053 None 79.99997104143547 None 19.999971041435472 109.99997104143547 1.0 1.0 1.0 1.0 0.0 0.0 1.0 1.0 1.0 0.0 1.0 1.0 1.0 1.0
269.43685183227797 77.04217095336932 3.0 2.0 4.0 2.0 None None 2.0 4.0 None None 0.0 None 0.0 1.0 218.3232604698315 139.74424887188775 242.34512454904058 139.74424887188775 None None 164.6067413753408 245.08227495676152 None None 39.99990124003226 None 19.99990124003226 59.99990124003226 1.0 1.0 1.0 1.0 0.0 0.0 1.0 1.0 0.0 0.0 1.0 1.0 1.0 1.0
346.5538694161685 59.89833567569318 3.0 2.0 3.0 2.0 None 4.0 2.0 3.0 4.0 None 1.0 None 0.0 1.0 213.50771187791258 151.00050247873645 240.95637345597123 151.1893531644356 None 315.97554261942327 152.47881298136667 228.95003107498326 289.7157553719804 None 89.99997576416864 None 19.99997576416864 79.99997576416864 1.0 1.0 1.0 1.0 0.0 1.0 1.0 1.0 1.0 0.0 1.0 1.0 1.0 1.0
270.055942504802 76.86555536407384 3.0 2.0 4.0 2.0 None None 2.0 4.0 None None 1.0 None 0.0 1.0 221.27805254366461 163.00489103161541 249.65980551686675 163.81530129021812 None None 163.81530129021812 249.65980551686675 None None 119.9999377168798 None 19.999937716879792 79.9999377168798 1.0 1.0 1.0 1.0 0.0 0.0 1.0 1.0 0.0 0.0 1.0 1.0 1.0 1.0
275.7814840246353 75.26973782672701 4.0 2.0 4.0 2.0 None 4.0 3.0 4.0 5.0 None 1.0 None 0.0 1.0 217.9422754860946 131.4534468193665 243.6370853774981 131.58574457258558 None 270.6589305111496 159.93289874569376 237.53056727119227 290.30043062399756 None 39.999968312599115 None 19.999968312599115 59.999968312599115 1.0 1.0 1.0 1.0 0.0 1.0 1.0 1.0 1.0 0.0 1.0 1.0 1.0 1.0
347.1062661392034 59.80301142611818 2.0 2.0 3.0 2.0 None 4.0 2.0 3.0 4.0 None 1.0 None 0.0 1.0 217.92190767819255 147.01130885276515 240.14117217238885 147.13833992689894 None 302.91482760112433 162.3287981134044 251.67717704365344 298.46685411279293 None 79.99990826070683 None 19.99990826070684 79.99990826070683 1.0 1.0 1.0 1.0 0.0 1.0 1.0 1.0 1.0 0.0 1.0 1.0 1.0 1.0
255.84340578715566 81.13556781396683 4.0 3.0 4.0 3.0 None None 3.0 4.0 None None 1.0 None 0.0 1.0 220.32065139078966 159.28679458823657 248.25150389683867 159.79599045691705 None None 173.3902564568464 252.0659388012866 None None 79.99996989112466 None 19.999969891124664 69.99996989112466 1.0 1.0 1.0 1.0 0.0 0.0 1.0 1.0 0.0 0.0 1.0 1.0 1.0 1.0
299.7532696830875 69.25028715098347 3.0 1.0 3.0 2.0 None 4.0 2.0 3.0 5.0 None 1.0 None 0.0 1.0 214.3830345409993 143.6861763904633 241.7539915716353 143.9504397789063 None 292.544624109268 163.50435930088003 234.45795100952228 306.8203641504276 None 79.99997929896419 None 19.999979298964192 69.99997929896419 1.0 1.0 1.0 1.0 0.0 1.0 1.0 1.0 1.0 0.0 1.0 1.0 1.0 1.0
313.89596116748567 66.13019142646483 3.0 2.0 3.0 2.0 None 4.0 2.0 3.0 4.0 None 1.0 None 0.0 1.0 211.88885889005513 141.0125392484507 235.51813157049367 141.98860266593118 None 297.60334095470665 152.1875270565647 234.17880754665867 284.90909875425234 None 99.99994971599646 None 19.999949715996465 79.99994971599646 1.0 1.0 1.0 1.0 0.0 1.0 1.0 1.0 1.0 0.0 1.0 1.0 1.0 1.0
274.7440048530884 75.55396890680018 4.0 3.0 4.0 3.0 None None 3.0 4.0 5.0 None 1.0 None 0.0 1.0 214.50187509524645 147.03985640994512 240.54276298169222 147.03985640994512 None None 155.47806908987647 235.71470622300095 282.7709558900096 None 69.99996484709234 None 19.99996484709235 79.99996484709234 1.0 1.0 1.0 1.0 0.0 0.0 1.0 1.0 1.0 0.0 1.0 1.0 1.0 1.0
369.50530255874764 56.17781356926451 3.0 2.0 3.0 2.0 None 4.0 2.0 3.0 4.0 None 1.0 None 0.0 0.0 218.34412026294777 149.88393930418766 247.97688075674628 150.15064308330872 None 309.9049214332565 162.11477043008688 247.97688075674628 314.7795571513161 None 69.99996188093675 None 19.999961880936752 29.999961880936752 1.0 1.0 1.0 1.0 0.0 1.0 1.0 1.0 1.0 0.0 1.0 1.0 1.0 1.0
243.45762899824274 85.26329647344849 4.0 3.0 5.0 3.0 None None 3.0 4.0 None None 2.0 None 0.0 1.0 217.72825442935329 153.2497187271411 244.5849036032572 153.39680715534695 None None 156.7745966396477 240.3116185672456 None None 89.99990151492166 None 19.99990151492166 79.99990151492166 1.0 1.0 1.0 1.0 0.0 0.0 1.0 1.0 0.0 0.0 1.0 1.0 1.0 1.0
265.7823085376574 78.10151139935223 4.0 2.0 4.0 2.0 None None 2.0 4.0 None None 1.0 None 0.0 1.0 220.36005661895217 150.05108329199334 245.7670278825275 150.37998235824844 None None 159.86131205450386 239.6611050094142 None None 79.999961171667 None 19.999961171666996 59.999961171666996 1.0 1.0 1.0 1.0 0.0 0.0 1.0 1.0 0.0 0.0 1.0 1.0 1.0 1.0
246.327124103291 84.27005379763075 4.0 2.0 5.0 3.0 None None 3.0 5.0 None None 1.0 None 1.0 1.0 220.6244138471003 159.7228608612724 247.25936870896095 160.76078625975114 None None 172.36305659874344 253.79127880339752 None None 79.99990527802464 None 19.999905278024634 69.99990527802464 1.0 1.0 1.0 1.0 0.0 0.0 1.0 1.0 0.0 0.0 1.0 1.0 1.0 1.0
311.08554614781224 66.72762607278719 3.0 2.0 4.0 2.0 None 4.0 2.0 4.0 None None 0.0 None 0.0 0.0 221.74065349940244 137.68894630451814 250.6187234631585 137.84686907314222 None 301.5596989560484 170.13186566591943 255.29745589303351 None None 39.99992960788861 None 19.99992960788861 19.99992960788861 1.0 1.0 1.0 1.0 0.0 1.0 1.0 1.0 0.0 0.0 1.0 1.0 1.0 1.0
391.20972639433523 53.06105293270791 2.0 2.0 2.0 2.0 None 3.0 2.0 2.0 3.0 None 1.0 None 0.0 2.0 223.67484691795534 146.19522906395432 253.78809726401943 146.9653518358739 None 327.23760758786284 158.96272936650672 243.493315466446 310.5064694878731 None 59.99991766395089 None 19.99991766395089 199.9999176639509 1.0 1.0 1.0 1.0 0.0 1.0 1.0 1.0 1.0 0.0 1.0 1.0 1.0 1.0
242.1570647825815 85.721224027213 4.0 3.0 5.0 3.0 None None 3.0 4.0 None None 2.0 None 0.0 None 217.495151640174 151.255136444144 243.17548053037657 151.79922297121036 None None 153.20570970743586 237.99595899293158 None None 119.9999750788165 None 19.999975078816504 None 1.0 1.0 1.0 1.0 0.0 0.0 1.0 1.0 0.0 0.0 1.0 1.0 1.0 1.0
275.7484072332955 75.27876664193315 3.0 2.0 4.0 2.0 None None 2.0 4.0 5.0 None 2.0 None 0.0 1.0 219.55760508141526 152.01892423099758 242.7838096211815 152.76150787289345 None None 161.39982267920487 242.7838096211815 295.8048147103759 None 149.99996190693622 None 19.999961906936207 59.99996190693621 1.0 1.0 1.0 1.0 0.0 0.0 1.0 1.0 1.0 0.0 1.0 1.0 1.0 1.0
310.6322320552455 66.8250035183349 3.0 2.0 3.0 2.0 None 4.0 2.0 3.0 5.0 None 1.0 None 0.0 1.0 217.14306774187668 135.732683709645 241.95430586015112 135.8272885883666 None 292.498784285532 165.8211916920703 245.74381874011283 325.480405450955 None 59.99992398741881 None 19.99992398741881 59.99992398741881 1.0 1.0 1.0 1.0 0.0 1.0 1.0 1.0 1.0 0.0 1.0 1.0 1.0 1.0
248.20872490524633 83.63122613004182 4.0 3.0 4.0 3.0 None None 3.0 5.0 None None 0.0 None 0.0 None 219.76506008707352 142.79653116494185 243.94284422889766 142.9202727792928 None None 171.7020593998947 249.36476873690108 None None 39.99993405209822 None 19.99993405209822 None 1.0 1.0 1.0 1.0 0.0 0.0 1.0 1.0 0.0 0.0 1.0 1.0 1.0 1.0
309.5496594367229 67.05870727744502 3.0 2.0 3.0 2.0 None 5.0 2.0 3.0 4.0 None 2.0 None 0.0 2.0 221.94221233439825 144.82120301425888 249.2118609537067 145.06024163456692 None 322.55917524350167 167.94205675886093 245.58287206031068 301.42946572661634 None 129.99992373972006 None 19.999923739720067 139.99992373972006 1.0 1.0 1.0 1.0 0.0 1.0 1.0 1.0 1.0 0.0 1.0 1.0 1.0 1.0
238.42888847688158 87.06159783155944 4.0 3.0 5.0 3.0 None None 3.0 5.0 None None 3.0 None 0.0 0.0 218.71823445567105 150.3444483200564 244.59490082419086 150.477408310654 None None 163.30191019436612 244.59490082419086 None None 129.99998752715533 None 19.99998752715532 19.99998752715532 1.0 1.0 1.0 1.0 0.0 0.0 1.0 1.0 0.0 0.0 1.0 1.0 1.0 1.0
277.49781192750015 74.80419343062529 4.0 2.0 4.0 2.0 None 5.0 2.0 4.0 None None 1.0 None 0.0 0.0 219.51426578419313 124.6333282920202 246.16934741303908 124.68688413972936 None 294.06104472650316 161.10195926739948 242.09072139502615 None None 69.99991402161152 None 19.999914021611517 29.999914021611517 1.0 1.0 1.0 1.0 0.0 1.0 1.0 1.0 0.0 0.0 1.0 1.0 1.0 1.0
225.28268044498333 92.14201446377653 4.0 3.0 5.0 3.0 None None 3.0 None None None 1.0 None 0.0 1.0 215.54929212991993 146.10637938867927 242.2010032969157 146.10637938867927 None None 166.83908754128203 None None None 69.99999078942905 None 19.99999078942905 59.99999078942905 1.0 1.0 1.0 1.0 0.0 0.0 1.0 0.0 0.0 0.0 1.0 1.0 1.0 1.0
286.78691559219277 72.38126592050526 4.0 2.0 4.0 2.0 None None 3.0 4.0 None None 2.0 None 1.0 1.0 220.14549922230225 156.7047020125604 245.81279926536 157.02194613136925 None None 166.51536474064739 250.06028320927334 None None 119.99996165449382 None 19.999961654493816 39.999961654493816 1.0 1.0 1.0 1.0 0.0 0.0 1.0 1.0 0.0 0.0 1.0 1.0 1.0 1.0
230.85743082008185 89.91696704871369 4.0 3.0 5.0 3.0 None None 3.0 5.0 None None 1.0 None 0.0 None 220.57469085029726 144.24703524451584 245.21516160620837 144.31740502040708 None None 165.62559323096107 249.85933196868763 None None 79.99998880312177 None 19.999988803121774 None 1.0 1.0 1.0 1.0 0.0 0.0 1.0 1.0 0.0 0.0 1.0 1.0 1.0 1.0
242.51398127679627 85.5950650379518 4.0 2.0 5.0 2.0 None None 3.0 4.0 None None 1.0 None 0.0 1.0 221.1141180166214 136.31141554042438 248.34537980382035 136.4794048648622 None None 158.6859851293577 231.13540467332925 None None 49.99990318845189 None 19.99990318845189 89.9999031884519 1.0 1.0 1.0 1.0 0.0 0.0 1.0 1.0 0.0 0.0 1.0 1.0 1.0 1.0
317.2397256914456 65.43316715697104 3.0 3.0 4.0 3.0 None 4.0 3.0 4.0 5.0 None 2.0 None 1.0 2.0 222.4297055136723 158.72678708940424 249.0446996181358 158.98074903240052 None 306.4500601876849 168.581889226406 249.0446996181358 327.7739288326201 None 129.99994940753382 None 19.999949407533812 99.99994940753382 1.0 1.0 1.0 1.0 0.0 1.0 1.0 1.0 1.0 0.0 1.0 1.0 1.0 1.0
259.79857824381514 79.90036027263814 4.0 3.0 4.0 3.0 None None 4.0 4.0 None None 2.0 None 0.0 1.0 222.56988230283437 140.54791839361835 248.61977752355753 140.63167731309056 None None 177.88091653097533 255.9937050775849 None None 99.99999325455687 None 19.999993254556877 59.99999325455688 1.0 1.0 1.0 1.0 0.0 0.0 1.0 1.0 0.0 0.0 1.0 1.0 1.0 1.0
269.7996174959066 76.9385820212104 3.0 2.0 4.0 2.0 None None 2.0 4.0 5.0 None 1.0 None 0.0 1.0 213.8660399918085 138.31967684787767 240.10205874777463 138.4648535046682 None None 145.91649933075036 224.95697431292191 289.68362863204334 None 39.99990510495754 None 19.99990510495754 39.99990510495754 1.0 1.0 1.0 1.0 0.0 0.0 1.0 1.0 1.0 0.0 1.0 1.0 1.0 1.0
279.2888477836223 74.3244857957313 3.0 2.0 4.0 2.0 None None 2.0 4.0 5.0 None 1.0 None 0.0 0.0 217.1333923049134 143.4541561704035 246.63406207763933 143.51404191956686 None None 155.92028164415285 236.8741785320176 285.22186677229394 None 89.99999201127896 None 19.999992011278962 49.99999201127896 1.0 1.0 1.0 1.0 0.0 0.0 1.0 1.0 1.0 0.0 1.0 1.0 1.0 1.0
317.6705770159407 65.34442123973717 3.0 2.0 3.0 2.0 None 4.0 2.0 3.0 4.0 None 1.0 None 0.0 None 218.3411330597231 138.55360866971614 246.60183655489763 138.71479900361544 None 306.74979864580337 162.3067306657241 238.06012875417835 290.08417499000507 None 69.99992598663741 None 19.999925986637408 None 1.0 1.0 1.0 1.0 0.0 1.0 1.0 1.0 1.0 0.0 1.0 1.0 1.0 1.0
331.10797908914583 62.69253932540001 3.0 1.0 3.0 1.0 None 4.0 2.0 3.0 3.0 None 0.0 None 0.0 None 216.69572814335913 133.34388347485404 241.541778928444 133.67304391873196 None 291.8493403837292 156.14040989229585 240.74248271945174 283.1925700969883 None 39.999987893861835 None 19.999987893861835 None 1.0 1.0 1.0 1.0 0.0 1.0 1.0 1.0 1.0 0.0 1.0 1.0 1.0 1.0
266.1483731031414 77.99408937944392 4.0 2.0 4.0 2.0 None None 2.0 4.0 5.0 None 1.0 None 0.0 1.0 219.52584684535736 154.05792785394794 248.02076155380718 154.24931888553567 None None 157.75934503452703 237.40902877341654 284.9831905933147 None 79.99995633868333 None 19.999956338683333 79.99995633868333 1.0 1.0 1.0 1.0 0.0 0.0 1.0 1.0 1.0 0.0 1.0 1.0 1.0 1.0
279.57847351449465 74.24749029872577 4.0 2.0 4.0 2.0 None 5.0 3.0 4.0 None None 1.0 None 0.0 None 218.578888031521 139.0868002948162 244.15654491986857 139.28392671007572 None 292.2143327636167 169.33630213802627 244.15654491986857 None None 39.99996609082513 None 19.999966090825133 None 1.0 1.0 1.0 1.0 0.0 1.0 1.0 1.0 0.0 0.0 1.0 1.0 1.0 1.0
338.3952152309442 61.34247491009384 3.0 2.0 3.0 2.0 None 4.0 2.0 3.0 4.0 None 1.0 None 1.0 None 220.89256679362694 137.18555768824308 246.91847573515724 137.43942894495297 None 291.57041045499403 152.41401075844914 239.3074881361935 293.3293853476472 None 89.99999288531787 None 19.999992885317866 None 1.0 1.0 1.0 1.0 0.0 1.0 1.0 1.0 1.0 0.0 1.0 1.0 1.0 1.0
278.8829930334363 74.43264924193942 3.0 2.0 4.0 2.0 None None 2.0 4.0 5.0 None 1.0 None 0.0 1.0 219.71722129677852 137.75996695619222 247.81426929814108 138.2395343329006 None None 153.25382658186302 236.2611292877511 284.29531813077966 None 59.999922027591246 None 19.999922027591246 79.99992202759125 1.0 1.0 1.0 1.0 0.0 0.0 1.0 1.0 1.0 0.0 1.0 1.0 1.0 1.0
280.87243363228833 73.9054371821191 3.0 2.0 4.0 2.0 None 5.0 2.0 4.0 None None 1.0 None 1.0 2.0 222.33134980959537 132.68002712263308 249.19927629246715 132.73482950854304 None 296.57354847401666 175.95061343624965 253.18898300484616 None None 79.99996917947433 None 19.999969179474327 179.99996917947433 1.0 1.0 1.0 1.0 0.0 1.0 1.0 1.0 0.0 0.0 1.0 1.0 1.0 1.0
276.7727381032671 75.00016129570879 3.0 2.0 4.0 2.0 None None 2.0 4.0 5.0 None 1.0 None 0.0 1.0 218.33710120882617 133.89457293683884 245.3691172198052 134.03335616320723 None None 155.727045126454 239.26322064058954 292.8584848059706 None 69.99992617647811 None 19.999926176478105 99.99992617647811 1.0 1.0 1.0 1.0 0.0 0.0 1.0 1.0 1.0 0.0 1.0 1.0 1.0 1.0
286.35354350584777 72.49080889958007 4.0 2.0 4.0 2.0 None None 2.0 4.0 None None 1.0 None 1.0 1.0 222.9374369639106 143.97249808030443 249.78762720837528 144.59010530832427 None None 157.77799514822735 247.73428343053757 None None 79.99995176106347 None 19.99995176106347 19.99995176106347 1.0 1.0 1.0 1.0 0.0 0.0 1.0 1.0 0.0 0.0 1.0 1.0 1.0 1.0
251.0088756574658 82.69827091025651 4.0 3.0 4.0 3.0 None None 3.0 4.0 None None 1.0 None 0.0 1.0 216.0453336908799 160.02522665559832 242.80138687653056 160.52813900634197 None None 151.45628814754258 231.48766959136066 None None 79.99998792598757 None 19.999987925987575 59.999987925987575 1.0 1.0 1.0 1.0 0.0 0.0 1.0 1.0 0.0 0.0 1.0 1.0 1.0 1.0
359.43447075218 57.75183430949242 3.0 2.0 3.0 2.0 None 4.0 2.0 3.0 4.0 None 1.0 None 0.0 1.0 218.15236433270553 159.5720663092618 245.50417757036087 159.92391750329656 None 346.3290228408768 156.40672248449113 234.02078822409936 309.45194237672195 None 69.99995469758397 None 19.999954697583966 39.999954697583966 1.0 1.0 1.0 1.0 0.0 1.0 1.0 1.0 1.0 0.0 1.0 1.0 1.0 1.0
357.58400610701244 58.05069478915076 2.0 2.0 3.0 2.0 None 4.0 2.0 3.0 3.0 None 1.0 None 0.0 1.0 220.298963510459 153.6286846734918 248.04736003899492 154.08032453453345 None 305.3305814036308 164.26791170800266 237.10163047796746 283.9813043578094 None 69.99990892356382 None 19.99990892356383 89.99990892356382 1.0 1.0 1.0 1.0 0.0 1.0 1.0 1.0 1.0 0.0 1.0 1.0 1.0 1.0
351.93652349758656 58.98222723150344 3.0 1.0 3.0 1.0 None 4.0 2.0 3.0 4.0 None 1.0 None 0.0 1.0 218.6550256472752 138.15584791960742 246.7044026384846 138.27581433280764 None 286.9059699435196 151.70809838310544 231.1014212652341 280.70176502924505 None 69.99992411182043 None 19.999924111820434 89.99992411182043 1.0 1.0 1.0 1.0 0.0 1.0 1.0 1.0 1.0 0.0 1.0 1.0 1.0 1.0
309.38044898631523 67.09538391328078 3.0 2.0 4.0 2.0 None 4.0 3.0 4.0 5.0 None 1.0 None 1.0 None 215.54771795431515 146.45476250008346 242.81547374341244 146.56631843065557 None 301.8095801640007 164.8332537562557 243.75176674095042 310.10754033828243 None 49.999919128419435 None 19.999919128419435 None 1.0 1.0 1.0 1.0 0.0 1.0 1.0 1.0 1.0 0.0 1.0 1.0 1.0 1.0
225.40141272139272 92.09347780644974 4.0 3.0 None 3.0 None None 3.0 5.0 None None 1.0 None 0.0 1.0 220.56524602404818 146.87032972987254 None 147.04576190519214 None None 161.58731259197174 240.46077475984094 None None 69.99998599220174 None 19.999985992201744 79.99998599220174 1.0 1.0 0.0 1.0 0.0 0.0 1.0 1.0 0.0 0.0 1.0 1.0 1.0 1.0
282.75941340153565 73.412233213691 3.0 2.0 4.0 2.0 None None 2.0 4.0 4.0 None 1.0 None 0.0 1.0 214.47760846741545 157.92589660933166 238.32132360603623 158.44987707432315 None None 152.2057950073488 233.33725018433137 279.7881545645371 None 69.99993928493376 None 19.999939284933753 69.99993928493376 1.0 1.0 1.0 1.0 0.0 0.0 1.0 1.0 1.0 0.0 1.0 1.0 1.0 1.0
368.6976065696607 56.30088080346147 3.0 2.0 3.0 2.0 None 4.0 2.0 3.0 4.0 None 1.0 None 0.0 None 220.19319181381104 142.8701550959439 249.02513031389998 143.1856825979593 None 298.11786534157864 155.8996271707397 235.63641212059474 295.82593804834045 None 89.9999579591929 None 19.999957959192898 None 1.0 1.0 1.0 1.0 0.0 1.0 1.0 1.0 1.0 0.0 1.0 1.0 1.0 1.0
240.3908714022077 86.35103271150821 4.0 2.0 5.0 2.0 None None 3.0 5.0 None None 1.0 None 0.0 1.0 219.7667727193228 146.7171355198907 245.80079216325137 146.85355244625956 None None 167.07906068989553 249.48557889820475 None None 99.99997046897224 None 19.99997046897223 69.99997046897224 1.0 1.0 1.0 1.0 0.0 0.0 1.0 1.0 0.0 0.0 1.0 1.0 1.0 1.0
246.44657981064964 84.22920705959413 4.0 3.0 4.0 3.0 None None 3.0 5.0 None None 1.0 None 0.0 None 217.95658477000583 142.60576452645094 243.77902710426898 142.62956715036196 None None 172.7614002837027 251.08292976348653 None None 79.99999751932936 None 19.999997519329355 None 1.0 1.0 1.0 1.0 0.0 0.0 1.0 1.0 0.0 0.0 1.0 1.0 1.0 1.0
248.26965239545484 83.61070231385246 4.0 2.0 5.0 2.0 None None 2.0 4.0 None None 1.0 None 0.0 None 221.74964939312514 133.99004258613286 249.01376277231543 134.300335134894 None None 153.07892050179709 236.9138823909043 None None 89.9999686619726 None 19.999968661972602 None 1.0 1.0 1.0 1.0 0.0 0.0 1.0 1.0 0.0 0.0 1.0 1.0 1.0 1.0
235.94455592191122 87.97829608270393 4.0 2.0 5.0 2.0 None None 3.0 5.0 None None 1.0 None 0.0 None 218.50068740179773 127.73736560527556 246.31493617226374 127.87522662710452 None None 159.48454546021134 242.39978259239558 None None 39.999977267606134 None 19.999977267606134 None 1.0 1.0 1.0 1.0 0.0 0.0 1.0 1.0 0.0 0.0 1.0 1.0 1.0 1.0
260.2291130555708 79.76816950364513 4.0 2.0 4.0 2.0 None None 2.0 4.0 None None 1.0 None 0.0 1.0 213.49470650899167 132.31108147949578 237.13318095262065 132.3316182610404 None None 158.45066850679552 236.29787054892313 None None 59.999970265856525 None 19.999970265856525 89.99997026585652 1.0 1.0 1.0 1.0 0.0 0.0 1.0 1.0 0.0 0.0 1.0 1.0 1.0 1.0
269.2073978715228 77.10783642694173 3.0 2.0 4.0 2.0 None None 2.0 4.0 None None 1.0 None 0.0 None 218.94966851329207 147.86432539331165 244.81193735569803 148.60798355723088 None None 155.750701633154 241.21176154711088 None None 119.9999111873841 None 19.999911187384093 None 1.0 1.0 1.0 1.0 0.0 0.0 1.0 1.0 0.0 0.0 1.0 1.0 1.0 1.0
279.6028323039516 74.24102191294803 4.0 2.0 4.0 2.0 None None 2.0 4.0 5.0 None 1.0 None 1.0 1.0 217.09870068021382 134.87872061766822 241.36361949946996 134.87872061766822 None None 156.16909596727302 231.3331848234631 285.2349329111966 None 69.99992754381248 None 19.999927543812476 69.99992754381248 1.0 1.0 1.0 1.0 0.0 0.0 1.0 1.0 1.0 0.0 1.0 1.0 1.0 1.0
295.7760221033879 70.18148344947342 3.0 2.0 4.0 2.0 None 5.0 2.0 4.0 4.0 None 1.0 None 0.0 4.0 220.36561693202836 147.27712090732157 247.22967932003175 148.97743503299282 None 311.5883581132246 167.16816127718116 242.82821720363316 291.607104712256 None 99.99996024034297 None 19.99996024034298 239.99996024034297 1.0 1.0 1.0 1.0 0.0 1.0 1.0 1.0 1.0 0.0 1.0 1.0 1.0 1.0
292.2496556826908 71.0283129385033 3.0 2.0 4.0 2.0 None None 2.0 4.0 None None 1.0 None 0.0 1.0 217.25940863479812 145.30306934585232 244.50353213368467 145.54049991497345 None None 163.7206183822266 244.50353213368467 None None 69.99990067451765 None 19.99990067451764 99.99990067451765 1.0 1.0 1.0 1.0 0.0 0.0 1.0 1.0 0.0 0.0 1.0 1.0 1.0 1.0
261.76275989757295 79.30081424921768 4.0 2.0 4.0 2.0 None None 2.0 4.0 None None 1.0 None 0.0 1.0 219.9776853457804 157.5283307834508 247.21471783273563 157.68967100550475 None None 164.60864731306313 243.15920551062823 None None 99.99997058820571 None 19.999970588205706 69.99997058820571 1.0 1.0 1.0 1.0 0.0 0.0 1.0 1.0 0.0 0.0 1.0 1.0 1.0 1.0
276.8856349992176 74.96958085260962 4.0 2.0 4.0 2.0 None None 2.0 4.0 None None 1.0 None 0.0 1.0 218.29919247084908 152.62690889715216 242.33465235567812 152.75708499485884 None None 154.97193523368898 236.17315388203437 None None 69.99997727626695 None 19.999977276266947 79.99997727626695 1.0 1.0 1.0 1.0 0.0 0.0 1.0 1.0 0.0 0.0 1.0 1.0 1.0 1.0
328.71830173635595 63.14829411794866 3.0 1.0 3.0 1.0 None 4.0 2.0 3.0 4.0 None 1.0 None 0.0 2.0 217.09814852165414 131.59432097467135 244.54904055063997 131.882794016764 None 308.7770787019374 159.51273297198458 235.29421142860946 299.4238079954103 None 69.99998669601842 None 19.999986696018418 189.99998669601842 1.0 1.0 1.0 1.0 0.0 1.0 1.0 1.0 1.0 0.0 1.0 1.0 1.0 1.0
327.7469262826395 63.335452861269246 2.0 2.0 3.0 2.0 None 4.0 2.0 3.0 None None 1.0 None 0.0 1.0 226.06126979592213 154.78973043825872 253.20619663526517 154.92809350336205 None 319.85571008499574 160.26306804856824 250.04562523108532 None None 109.99994447913994 None 19.99994447913994 99.99994447913994 1.0 1.0 1.0 1.0 0.0 1.0 1.0 1.0 0.0 0.0 1.0 1.0 1.0 1.0
306.2175863460094 67.78839924805813 3.0 2.0 4.0 2.0 None 5.0 2.0 4.0 4.0 None 1.0 None 0.0 4.0 218.34383740873966 133.84500288795073 242.19103460254348 133.84500288795073 None 312.2197511569784 165.95261008794182 249.51732295824746 295.36930861846025 None 69.99999410071892 None 19.999994100718922 269.99999410071894 1.0 1.0 1.0 1.0 0.0 1.0 1.0 1.0 1.0 0.0 1.0 1.0 1.0 1.0
299.15880823081363 69.38789508742904 3.0 1.0 4.0 1.0 None 4.0 2.0 4.0 4.0 None 1.0 None 0.0 0.0 216.70260400858686 129.91851974322853 241.54489818787343 129.91851974322853 None 277.02094885680447 164.2564760791525 240.80353802719108 294.12615336599856 None 69.99996609648869 None 19.99996609648869 29.99996609648869 1.0 1.0 1.0 1.0 0.0 1.0 1.0 1.0 1.0 0.0 1.0 1.0 1.0 1.0
264.260075074266 78.5514043094338 4.0 2.0 4.0 2.0 None None 2.0 4.0 None None 1.0 None 0.0 2.0 222.10451948687282 140.02141971179017 250.98748465338255 140.36459758535457 None None 158.85826944377453 244.72389557116625 None None 59.999964070148415 None 19.999964070148415 129.99996407014842 1.0 1.0 1.0 1.0 0.0 0.0 1.0 1.0 0.0 0.0 1.0 1.0 1.0 1.0
319.6526795303487 64.93923351588604 3.0 2.0 3.0 2.0 None 5.0 2.0 3.0 4.0 None 2.0 None 0.0 1.0 219.35990998078404 159.16704895963537 248.4132095990683 159.37505894465346 None 323.4588836970541 158.95144010005518 242.21970236951245 313.87928931997095 None 169.9999831342882 None 19.99998313428818 109.99998313428819 1.0 1.0 1.0 1.0 0.0 1.0 1.0 1.0 1.0 0.0 1.0 1.0 1.0 1.0
351.30057742710244 59.08900051354867 3.0 2.0 3.0 2.0 None 4.0 2.0 3.0 4.0 None 3.0 None 0.0 1.0 217.47838825719455 161.1448058015931 244.72493290336203 161.28309119395917 None 346.9374806936569 160.28710610541117 242.11878173874513 323.1898397248344 None 179.9999376850449 None 19.999937685044898 89.9999376850449 1.0 1.0 1.0 1.0 0.0 1.0 1.0 1.0 1.0 0.0 1.0 1.0 1.0 1.0
288.85238206311783 71.86369678427688 4.0 2.0 4.0 2.0 None 5.0 2.0 4.0 None None 1.0 None 0.0 1.0 221.90640200234444 156.377715819294 247.78859406190284 156.51857583758024 None 295.8022275030472 153.7164044927695 247.78859406190284 None None 119.99992346303165 None 19.99992346303165 69.99992346303165 1.0 1.0 1.0 1.0 0.0 1.0 1.0 1.0 0.0 0.0 1.0 1.0 1.0 1.0
296.11222722856604 70.10179955850695 3.0 2.0 4.0 2.0 None 5.0 2.0 3.0 4.0 None 0.0 None 0.0 1.0 219.10947127328174 139.0226500379884 247.60734834559523 139.18657181857245 None 313.53221530480903 151.0880145337676 230.58253402189987 288.23744169706356 None 39.99996762177229 None 19.999967621772292 79.9999676217723 1.0 1.0 1.0 1.0 0.0 1.0 1.0 1.0 1.0 0.0 1.0 1.0 1.0 1.0
295.1565124331958 70.32878871238952 3.0 2.0 4.0 2.0 None 5.0 2.0 4.0 4.0 None 1.0 None 0.0 5.0 220.70801542479896 142.257792374266 246.4869414946513 142.87037597855007 None 309.96223079884675 160.62059317842886 235.39740899834393 287.7289891931248 None 79.99993614225465 None 19.999936142254647 299.9999361422546 1.0 1.0 1.0 1.0 0.0 1.0 1.0 1.0 1.0 0.0 1.0 1.0 1.0 1.0
291.0952806979799 71.3099846559761 3.0 2.0 4.0 2.0 None None 2.0 3.0 4.0 None 1.0 None 0.0 None 214.47498608696307 157.72645892774682 241.56859492511384 158.6876249115093 None None 151.8163574627203 232.04871015419738 290.3537137927898 None 79.99999204969222 None 19.999992049692224 None 1.0 1.0 1.0 1.0 0.0 0.0 1.0 1.0 1.0 0.0 1.0 1.0 1.0 1.0
283.3933735488422 73.24800767235443 3.0 2.0 4.0 2.0 None 5.0 2.0 4.0 5.0 None 1.0 None 1.0 1.0 218.50876430962302 127.01048665542957 244.38062669389632 127.15097284110273 None 296.4825237708285 164.98262626675898 236.63415924796345 291.7076719569063 None 39.99999471802805 None 19.99999471802805 39.99999471802805 1.0 1.0 1.0 1.0 0.0 1.0 1.0 1.0 1.0 0.0 1.0 1.0 1.0 1.0
255.400372669003 81.27631053578068 4.0 2.0 4.0 2.0 None None 3.0 4.0 None None 1.0 None 1.0 3.0 214.25264742522893 137.4717005210585 238.2748606667841 137.4717005210585 None None 159.77785850957298 235.13710039093127 None None 79.99992086333323 None 19.99992086333323 159.99992086333322 1.0 1.0 1.0 1.0 0.0 0.0 1.0 1.0 0.0 0.0 1.0 1.0 1.0 1.0
333.4346014296697 62.255086637666835 2.0 1.0 3.0 1.0 None 4.0 1.0 3.0 4.0 None 1.0 None 0.0 None 221.9529507249255 156.1068326801414 248.55263153628036 156.24873176995382 None 333.18952677920055 160.55078436897378 237.46200460754787 295.1019042600231 None 69.99994780869216 None 19.999947808692163 None 1.0 1.0 1.0 1.0 0.0 1.0 1.0 1.0 1.0 0.0 1.0 1.0 1.0 1.0
254.0580020055128 81.70575158482735 4.0 2.0 4.0 2.0 None None 3.0 4.0 None None 1.0 None 1.0 None 222.33528520525923 129.94353792471398 248.7611952816317 130.01415450608815 None None 159.372456266079 244.84514660797558 None None 69.99997283394126 None 19.99997283394125 None 1.0 1.0 1.0 1.0 0.0 0.0 1.0 1.0 0.0 0.0 1.0 1.0 1.0 1.0
278.7253743278513 74.47474077327226 4.0 2.0 4.0 2.0 None 4.0 2.0 4.0 None None 1.0 None 0.0 2.0 218.45051087079247 116.08836272123222 246.01728559022223 116.16904927340826 None 273.3537499395802 161.28286631132687 245.7865722637976 None None 39.99991868401384 None 19.999918684013842 109.99991868401383 1.0 1.0 1.0 1.0 0.0 1.0 1.0 1.0 0.0 0.0 1.0 1.0 1.0 1.0
265.1626846508801 78.28401657394028 4.0 2.0 4.0 2.0 None None 2.0 4.0 None None 1.0 None 0.0 1.0 219.31363375116146 156.93722496916905 247.01375720319695 157.12510761683833 None None 158.45972262206848 244.0380088821191 None None 79.99995643331371 None 19.999956433313713 59.99995643331371 1.0 1.0 1.0 1.0 0.0 0.0 1.0 1.0 0.0 0.0 1.0 1.0 1.0 1.0
255.34295952101428 81.29458528615375 4.0 3.0 4.0 3.0 None None 2.0 4.0 None None 2.0 None 0.0 1.0 217.93571173886983 160.0431361344526 244.79494213092306 160.15831707582402 None None 156.885913392744 249.62353836715562 None None 109.99999947623117 None 19.999999476231167 49.99999947623117 1.0 1.0 1.0 1.0 0.0 0.0 1.0 1.0 0.0 0.0 1.0 1.0 1.0 1.0
289.97749766353814 71.58486491971034 3.0 2.0 4.0 2.0 None 5.0 2.0 4.0 5.0 None 0.0 None 0.0 1.0 219.15136757231357 126.4335739895732 245.24002875847134 126.61941913754279 None 311.6916856581378 158.37683523451636 238.29405285104542 302.1704899763359 None 39.999982291939205 None 19.999982291939205 59.999982291939205 1.0 1.0 1.0 1.0 0.0 1.0 1.0 1.0 1.0 0.0 1.0 1.0 1.0 1.0
305.5092930943209 67.9455599852778 3.0 2.0 4.0 2.0 None 5.0 2.0 3.0 4.0 None 1.0 None 0.0 None 218.49823121181663 147.32931003217945 244.9727941362711 147.6279186027755 None 312.84789943482883 157.62524971090758 235.3715643062634 287.7921799353482 None 69.9999549043572 None 19.999954904357203 None 1.0 1.0 1.0 1.0 0.0 1.0 1.0 1.0 1.0 0.0 1.0 1.0 1.0 1.0
289.01505302799563 71.82324859040911 4.0 2.0 4.0 2.0 None 5.0 3.0 4.0 None None 1.0 None 0.0 1.0 225.63514759017878 141.86522454862072 250.40989572570268 142.86120608662583 None 300.54808663293966 171.17813313484868 256.94226773429443 None None 39.99994453843315 None 19.999944538433148 59.99994453843315 1.0 1.0 1.0 1.0 0.0 1.0 1.0 1.0 0.0 0.0 1.0 1.0 1.0 1.0
289.43041699059773 71.72017445794003 3.0 1.0 4.0 1.0 None 5.0 2.0 3.0 4.0 None 1.0 None 0.0 None 214.3288515211884 135.0970905698464 241.9235826478882 135.25064192971598 None 293.72852041764133 153.54070889965683 225.41964269179542 269.27591915623435 None 59.999939305150995 None 19.999939305150995 None 1.0 1.0 1.0 1.0 0.0 1.0 1.0 1.0 1.0 0.0 1.0 1.0 1.0 1.0
283.89355476942956 73.11895480282766 4.0 2.0 4.0 2.0 None None 2.0 4.0 4.0 None 2.0 None 0.0 1.0 217.69386945202447 149.81702505237791 243.3590724722092 151.02850513362327 None None 158.83700577471734 236.53880483575225 280.7082677298422 None 129.99990181897599 None 19.999901818975992 39.99990181897599 1.0 1.0 1.0 1.0 0.0 0.0 1.0 1.0 1.0 0.0 1.0 1.0 1.0 1.0
351.067946864583 59.12815506340417 3.0 1.0 3.0 1.0 None 4.0 2.0 3.0 4.0 None 1.0 None 0.0 1.0 217.27678833583678 147.93403587805412 238.7121310578463 148.11966095899052 None 316.8438836736039 159.77916308183708 238.14099025507215 303.52889773379746 None 79.99994611384471 None 19.999946113844707 79.99994611384471 1.0 1.0 1.0 1.0 0.0 1.0 1.0 1.0 1.0 0.0 1.0 1.0 1.0 1.0
288.21048850464825 72.02374940516856 3.0 2.0 4.0 2.0 None 5.0 2.0 4.0 5.0 None 1.0 None 1.0 1.0 220.17244525160208 134.81985981032432 247.84498342906983 134.97180688152102 None 300.2818830433351 160.97777056757272 238.6584937421145 302.5042302403858 None 39.999966379343114 None 19.999966379343114 69.9999663793431 1.0 1.0 1.0 1.0 0.0 1.0 1.0 1.0 1.0 0.0 1.0 1.0 1.0 1.0
231.85379082490383 89.53056116160921 4.0 2.0 5.0 2.0 None None 3.0 5.0 None None 1.0 None 0.0 0.0 221.1459817275427 133.99281425585767 250.80957196184758 134.14426645990423 None None 170.6169359908546 250.37366762804444 None None 79.9999594574617 None 19.9999594574617 29.9999594574617 1.0 1.0 1.0 1.0 0.0 0.0 1.0 1.0 0.0 0.0 1.0 1.0 1.0 1.0
274.3875655824261 75.65211621721355 4.0 2.0 4.0 2.0 None None 2.0 4.0 None None 1.0 None 0.0 None 220.11545766843605 153.6711583115101 245.76825695668666 155.55576945847676 None None 157.4497047845922 240.2313688272453 None None 129.9999706580111 None 19.999970658011108 None 1.0 1.0 1.0 1.0 0.0 0.0 1.0 1.0 0.0 0.0 1.0 1.0 1.0 1.0
247.3242980705802 83.93028975291455 4.0 2.0 4.0 2.0 None None 3.0 4.0 None None 1.0 None 0.0 1.0 215.30538387528821 135.5878706602614 240.12111528664428 135.5878706602614 None None 160.95303183117898 238.82130788046237 None None 39.99996785223486 None 19.99996785223486 59.99996785223486 1.0 1.0 1.0 1.0 0.0 0.0 1.0 1.0 0.0 0.0 1.0 1.0 1.0 1.0
264.68897383726835 78.4241205784495 4.0 2.0 4.0 2.0 None None 3.0 4.0 None None 1.0 None 0.0 2.0 217.9517780291726 145.02456638683623 245.44626143924808 145.3544720087748 None None 170.84161945873456 239.34041902462036 None None 79.99990806182092 None 19.999908061820918 99.99990806182092 1.0 1.0 1.0 1.0 0.0 0.0 1.0 1.0 0.0 0.0 1.0 1.0 1.0 1.0
241.25388849528156 86.04213647899807 4.0 3.0 5.0 3.0 None None 3.0 4.0 None None 1.0 None 0.0 5.0 217.7375161609022 149.19304966023827 244.17980874307966 149.3021666440518 None None 163.1635886915696 238.07395898738162 None None 89.99996957189303 None 19.999969571893033 259.999969571893 1.0 1.0 1.0 1.0 0.0 0.0 1.0 1.0 0.0 0.0 1.0 1.0 1.0 1.0
309.02720885541476 67.17207872046015 3.0 2.0 3.0 2.0 None 4.0 2.0 3.0 5.0 None 1.0 None 0.0 None 218.73863222567232 144.20226240796018 246.77839758204718 145.2516719650833 None 296.44624608678436 160.60401417153372 236.63912161044314 312.58399408398043 None 69.999993773429 None 19.999993773429004 None 1.0 1.0 1.0 1.0 0.0 1.0 1.0 1.0 1.0 0.0 1.0 1.0 1.0 1.0
321.311357577402 64.60400328363593 3.0 2.0 4.0 2.0 None 4.0 3.0 3.0 4.0 None 1.0 None 0.0 1.0 218.24676353666717 135.83797351870788 246.2334545467815 136.22062585730316 None 298.49967605114256 160.72366344429003 240.1267097492207 305.56795689887434 None 59.99994104885871 None 19.99994104885871 89.99994104885872 1.0 1.0 1.0 1.0 0.0 1.0 1.0 1.0 1.0 0.0 1.0 1.0 1.0 1.0
256.0657547824203 81.06511555064489 3.0 2.0 4.0 2.0 None None 2.0 4.0 None None 1.0 None 0.0 1.0 219.57452337908916 127.68918455708037 242.128746333217 127.60024276087985 None None 155.6677691939268 240.01982552887324 None None 39.999945303730456 None 19.999945303730456 59.999945303730456 1.0 1.0 1.0 1.0 0.0 0.0 1.0 1.0 0.0 0.0 1.0 1.0 1.0 1.0
296.8318711572425 69.93184363616986 3.0 2.0 4.0 2.0 None 5.0 3.0 4.0 None None 1.0 None 0.0 1.0 221.34915760577903 137.6100499455915 247.42113042183647 137.7665285609996 None 311.4853041789324 162.400336225035 248.73941884587376 None None 49.99993934908097 None 19.999939349080968 79.99993934908096 1.0 1.0 1.0 1.0 0.0 1.0 1.0 1.0 0.0 0.0 1.0 1.0 1.0 1.0
251.2643006981346 82.61420322076859 4.0 2.0 4.0 2.0 None None 3.0 5.0 None None 1.0 None 0.0 3.0 223.95555748316747 137.76439602989066 249.19284799053713 137.76439602989066 None None 168.86518128017008 258.0717799956098 None None 59.999922113323116 None 19.999922113323116 169.99992211332312 1.0 1.0 1.0 1.0 0.0 0.0 1.0 1.0 0.0 0.0 1.0 1.0 1.0 1.0
290.1484856411195 71.54267910146969 3.0 2.0 4.0 2.0 None None 2.0 3.0 4.0 None 1.0 None 0.0 1.0 221.26310606113768 147.5791110950063 246.3634594919461 147.71606046750344 None None 153.18049763843933 235.47015501400088 289.0568221993995 None 119.99992663040288 None 19.99992663040289 59.99992663040289 1.0 1.0 1.0 1.0 0.0 0.0 1.0 1.0 1.0 0.0 1.0 1.0 1.0 1.0
292.4223462380652 70.98636703742407 3.0 2.0 4.0 2.0 None 5.0 2.0 4.0 None None 1.0 None 0.0 None 219.7550725238562 136.1595664194549 248.45192942394266 136.30933443782914 None 310.9433396257673 160.05946017850013 250.51700817880607 None None 69.99996953639248 None 19.999969536392484 None 1.0 1.0 1.0 1.0 0.0 1.0 1.0 1.0 0.0 0.0 1.0 1.0 1.0 1.0
270.4137950481235 76.7638352041391 4.0 2.0 4.0 2.0 None None 3.0 4.0 None None 1.0 None 1.0 None 215.11275280390234 143.49592635334847 241.55871618724737 143.927550235094 None None 162.574097291299 243.24157931486272 None None 59.99992482277204 None 19.999924822772037 None 1.0 1.0 1.0 1.0 0.0 0.0 1.0 1.0 0.0 0.0 1.0 1.0 1.0 1.0
273.3576518470911 75.93714629803546 4.0 2.0 4.0 2.0 None None 3.0 4.0 5.0 None 1.0 None 0.0 1.0 212.49267520224197 137.91842332260347 238.34129705352717 138.06007939398677 None None 156.98120615728772 234.29111315031133 280.5388370152457 None 69.99995220878783 None 19.999952208787832 79.99995220878783 1.0 1.0 1.0 1.0 0.0 0.0 1.0 1.0 1.0 0.0 1.0 1.0 1.0 1.0
372.0370830862292 55.7955132531474 2.0 2.0 3.0 2.0 None 4.0 2.0 3.0 4.0 None 1.0 None 1.0 None 221.73832752819467 142.10597570504203 246.9870367122953 142.10597570504203 None 317.2288435784573 180.74637211331586 259.1262733607287 322.50152275677715 None 79.999949673185 None 19.999949673185007 None 1.0 1.0 1.0 1.0 0.0 1.0 1.0 1.0 1.0 0.0 1.0 1.0 1.0 1.0
260.90691263872156 79.56094298177393 4.0 2.0 4.0 2.0 None None 2.0 4.0 None None 1.0 None 0.0 1.0 217.1204718725795 144.16497103940785 244.42161494631975 144.40843880965133 None None 164.18406493711188 244.42161494631975 None None 79.9999474442611 None 19.999947444261096 69.9999474442611 1.0 1.0 1.0 1.0 0.0 0.0 1.0 1.0 0.0 0.0 1.0 1.0 1.0 1.0
280.78070297774093 73.92958198286726 4.0 2.0 4.0 2.0 None None 3.0 4.0 None None 2.0 None 0.0 1.0 223.97735573726683 156.322587089226 250.23358645169176 158.41486494271152 None None 168.67653956725647 249.46677482947442 None None 119.99993754032866 None 19.999937540328666 79.99993754032866 1.0 1.0 1.0 1.0 0.0 0.0 1.0 1.0 0.0 0.0 1.0 1.0 1.0 1.0
295.1664550616947 70.3264196998986 3.0 1.0 3.0 1.0 None None 2.0 3.0 4.0 None 1.0 None 0.0 None 218.89553265860084 141.39096704300445 243.72916414698622 141.51341503624496 None None 163.0366781235963 241.038239634698 295.0069315998881 None 89.99997260855733 None 19.99997260855732 None 1.0 1.0 1.0 1.0 0.0 0.0 1.0 1.0 1.0 0.0 1.0 1.0 1.0 1.0
312.6228869945365 66.39948917227795 3.0 1.0 3.0 1.0 None 4.0 2.0 3.0 5.0 None 1.0 None 1.0 1.0 216.7170038611559 140.59273644669733 245.607116302581 140.7421201992647 None 294.3029612849676 171.20451520472744 249.6876450305623 320.1092224468961 None 39.999966443903695 None 19.999966443903695 89.9999664439037 1.0 1.0 1.0 1.0 0.0 1.0 1.0 1.0 1.0 0.0 1.0 1.0 1.0 1.0
266.2562944506477 77.96247612785592 3.0 2.0 4.0 2.0 None None 3.0 4.0 None None 1.0 None 0.0 1.0 221.7423274315885 136.79996540401262 247.6124417363698 136.934337373085 None None 171.38420062520868 246.8676585111575 None None 79.99998902339772 None 19.999989023397724 89.99998902339772 1.0 1.0 1.0 1.0 0.0 0.0 1.0 1.0 0.0 0.0 1.0 1.0 1.0 1.0
264.8155735563792 78.38662855521457 4.0 3.0 4.0 3.0 None None 3.0 4.0 None None 2.0 None 0.0 None 224.92573634511868 152.02087469559 250.96495120057082 152.12299374848186 None None 164.34373854781148 254.23814128067997 None None 119.9999736630028 None 19.999973663002812 None 1.0 1.0 1.0 1.0 0.0 0.0 1.0 1.0 0.0 0.0 1.0 1.0 1.0 1.0
247.73089211210436 83.79253722868964 4.0 2.0 4.0 2.0 None None 3.0 4.0 None None 1.0 None 0.0 0.0 218.33738462374464 147.00399782002427 244.79072189413392 147.42448251964026 None None 159.27804312879698 243.91127707226576 None None 59.99997260896801 None 19.999972608968008 19.999972608968008 1.0 1.0 1.0 1.0 0.0 0.0 1.0 1.0 0.0 0.0 1.0 1.0 1.0 1.0
262.0029203217873 79.2281245358082 4.0 3.0 4.0 3.0 None None 3.0 5.0 None None 1.0 None 0.0 1.0 224.48226388874258 164.92568743387775 249.57515776769822 165.03065091100794 None None 182.93731776268177 267.9599716408592 None None 99.9999672896547 None 19.9999672896547 69.9999672896547 1.0 1.0 1.0 1.0 0.0 0.0 1.0 1.0 0.0 0.0 1.0 1.0 1.0 1.0
297.11343617993384 69.86557143591722 4.0 2.0 4.0 2.0 None 4.0 3.0 4.0 4.0 None 1.0 None 0.0 1.0 217.7448071298237 143.91959720907127 242.55626706013163 144.07394158620863 None 292.9354750587318 159.49856609379003 235.32006755182846 289.8676830814217 None 69.99993913595159 None 19.999939135951593 79.99993913595159 1.0 1.0 1.0 1.0 0.0 1.0 1.0 1.0 1.0 0.0 1.0 1.0 1.0 1.0
243.9648847805473 85.08601563160353 4.0 3.0 4.0 3.0 None None 3.0 4.0 None None 0.0 None 0.0 1.0 217.32629135095308 152.25052471367755 242.93661335332902 152.09354965464894 None None 160.16183421520284 242.93661335332902 None None 39.99994913427222 None 19.99994913427222 59.99994913427222 1.0 1.0 1.0 1.0 0.0 0.0 1.0 1.0 0.0 0.0 1.0 1.0 1.0 1.0
292.9826860255158 70.85060309056007 3.0 2.0 4.0 2.0 None 5.0 3.0 4.0 4.0 None 1.0 None 0.0 None 220.91394785552706 140.7720481911986 244.91265113762188 141.05423024293202 None 312.03627617157395 159.30257258672822 239.92861371056904 289.11368567399285 None 49.99998123305868 None 19.999981233058683 None 1.0 1.0 1.0 1.0 0.0 1.0 1.0 1.0 1.0 0.0 1.0 1.0 1.0 1.0
355.202975768812 58.43982572237961 3.0 2.0 3.0 2.0 None 4.0 2.0 3.0 4.0 None 1.0 None 0.0 1.0 215.68925045936209 126.98340451924362 242.9488018841039 127.10470218791072 None 279.94493511940055 152.20578535035054 238.18122645806682 280.10254940842225 None 79.99997255136525 None 19.999972551365246 39.999972551365246 1.0 1.0 1.0 1.0 0.0 1.0 1.0 1.0 1.0 0.0 1.0 1.0 1.0 1.0
303.2908143689792 68.44256079165693 3.0 2.0 4.0 2.0 None 5.0 2.0 4.0 5.0 None 1.0 None 0.0 1.0 221.9283094319082 159.4253471246139 247.4063174329786 159.61196318483582 None 319.95414696434955 159.84580629777014 245.55543229984897 315.21598336024755 None 79.99992913075585 None 19.999929130755852 79.99992913075585 1.0 1.0 1.0 1.0 0.0 1.0 1.0 1.0 1.0 0.0 1.0 1.0 1.0 1.0
337.85665140107244 61.44025850584189 3.0 2.0 4.0 2.0 None 4.0 2.0 3.0 4.0 None 1.0 None 0.0 None 222.73497323556535 134.49888366329697 251.83180374674004 135.5383801122013 None 293.027641250747 158.39158157326705 241.09852954934672 297.429856704757 None 59.999964484231825 None 19.999964484231825 None 1.0 1.0 1.0 1.0 0.0 1.0 1.0 1.0 1.0 0.0 1.0 1.0 1.0 1.0
259.33756233792536 80.04239653086445 4.0 2.0 4.0 2.0 None None 3.0 4.0 None None 1.0 None 1.0 2.0 220.77271708354095 126.1879816445715 248.26788597119457 126.51303819104427 None None 160.77175991913046 236.64223390339282 None None 59.99999762559701 None 19.99999762559701 119.99999762559702 1.0 1.0 1.0 1.0 0.0 0.0 1.0 1.0 0.0 0.0 1.0 1.0 1.0 1.0
240.42644473613083 86.33825627119347 4.0 2.0 5.0 2.0 None None 3.0 5.0 None None 1.0 None 0.0 1.0 216.50070634518246 138.90731406645455 241.13531965024012 138.90731406645455 None None 151.63030996933026 241.14885226498322 None None 69.99999400913819 None 19.9999940091382 69.99999400913819 1.0 1.0 1.0 1.0 0.0 0.0 1.0 1.0 0.0 0.0 1.0 1.0 1.0 1.0
291.691816499682 71.16414937209126 3.0 2.0 3.0 2.0 None 5.0 2.0 3.0 5.0 None 1.0 None 0.0 0.0 215.69013756053275 142.9100342127714 243.14177796701605 143.07083805887785 None 305.99228468964645 163.60891801337203 235.50535924486823 300.6932421252499 None 69.9999488753214 None 19.9999488753214 29.9999488753214 1.0 1.0 1.0 1.0 0.0 1.0 1.0 1.0 1.0 0.0 1.0 1.0 1.0 1.0
