225.07245985252734 255.513269094234 7.0 6.0 7.0 6.0 None None 4.0 6.0 8.0 None 3.0 None 1.0 2.0 148.94517934828082 129.5642770534044 153.6256138676045 129.45748823831752 None None 78.49841479721165 120.70687908316533 162.0154763418853 None 69.99994211597054 None 29.99994211597054 39.99994211597054 1.0 1.0 1.0 1.0 0.0 0.0 1.0 1.0 1.0 0.0 1.0 1.0 1.0 1.0
245.17854956279032 234.55967131933753 6.0 4.0 6.0 4.0 None 10.0 4.0 6.0 7.0 None 2.0 None 1.0 None 164.10098502368945 122.31821980294944 167.4703237427128 122.2025955372963 None 252.24963290328904 112.75532451546263 163.33972476905907 198.29349514609456 None 49.99999803551552 None 29.999998035515517 None 1.0 1.0 1.0 1.0 0.0 1.0 1.0 1.0 1.0 0.0 1.0 1.0 1.0 1.0
228.72135339065488 251.43695220172523 6.0 6.0 6.0 6.0 None None 4.0 5.0 6.0 None 4.0 None 1.0 None 150.9576937934172 138.1598529415963 158.18862502176856 136.68517325942835 None None 98.99447386827305 129.70400207407826 162.3463885733176 None 89.99997621799412 None 29.999976217994117 None 1.0 1.0 1.0 1.0 0.0 0.0 1.0 1.0 1.0 0.0 1.0 1.0 1.0 1.0
225.1553431856782 255.41921051624445 7.0 5.0 7.0 5.0 None None 4.0 5.0 7.0 None 2.0 None 1.0 None 154.0554515948129 133.37322532496773 158.22628951220366 130.826704296309 None None 103.03502893332724 135.96899279463082 178.49190404942073 None 69.9999599168933 None 29.999959916893303 None 1.0 1.0 1.0 1.0 0.0 0.0 1.0 1.0 1.0 0.0 1.0 1.0 1.0 1.0
227.79179751685717 252.46299746918757 7.0 6.0 7.0 6.0 None None 4.0 6.0 8.0 None 2.0 None 1.0 None 151.72096972893246 130.58175872351745 154.1133592083694 130.4766104158068 None None 101.7270098087422 131.49028936991124 173.10565854815457 None 49.999994571219126 None 29.999994571219126 None 1.0 1.0 1.0 1.0 0.0 0.0 1.0 1.0 1.0 0.0 1.0 1.0 1.0 1.0
251.12954205881658 229.0013334493754 6.0 5.0 6.0 5.0 None 10.0 4.0 5.0 6.0 10.0 4.0 None 1.0 None 151.35395143807688 132.05228479921874 158.1958203144306 131.78152355507729 None 261.3795387151892 96.07916931538053 130.66323351037045 164.51517632426174 275.2767724256388 89.99994319700257 None 29.999943197002565 None 1.0 1.0 1.0 1.0 0.0 1.0 1.0 1.0 1.0 1.0 1.0 1.0 1.0 1.0
238.72325693290077 240.90237683111187 7.0 6.0 7.0 6.0 None 10.0 5.0 7.0 8.0 None 3.0 None 1.0 None 157.20987947174422 137.22433227510783 159.0039452593805 137.02897975981273 None 261.55821216552357 112.30385537480034 146.20939084810936 188.32370918435606 None 79.99990878625077 None 29.99990878625077 None 1.0 1.0 1.0 1.0 0.0 1.0 1.0 1.0 1.0 0.0 1.0 1.0 1.0 1.0
261.3819744770562 220.01899754203623 6.0 5.0 6.0 5.0 None 10.0 5.0 6.0 8.0 None 2.0 None 1.0 None 162.31497478226845 123.51105174993491 167.0359903892023 123.09510570229911 None 264.6881841903546 113.28834738717204 155.61989589869557 200.4050511942633 None 59.99996977597114 None 29.999969775971138 None 1.0 1.0 1.0 1.0 0.0 1.0 1.0 1.0 1.0 0.0 1.0 1.0 1.0 1.0
262.6593428365577 218.9489982687786 5.0 5.0 6.0 5.0 None 10.0 4.0 5.0 6.0 None 2.0 None 1.0 None 157.1078558196917 138.25286433132254 161.7793626776622 138.2088058380664 None 271.86186171807486 116.74676770629023 149.6783021551776 174.67879234473506 None 59.999986032696135 None 29.999986032696135 None 1.0 1.0 1.0 1.0 0.0 1.0 1.0 1.0 1.0 0.0 1.0 1.0 1.0 1.0
269.235120323454 213.60140508753008 6.0 5.0 6.0 5.0 None 10.0 4.0 5.0 6.0 9.0 3.0 None 1.0 None 149.93638520069024 134.65069401224318 154.06366927653002 134.4805470762755 None 280.1229693310943 98.96456197817662 129.09901196271488 160.8723573965807 236.62871571880885 79.99994009262633 None 29.999940092626332 None 1.0 1.0 1.0 1.0 0.0 1.0 1.0 1.0 1.0 1.0 1.0 1.0 1.0 1.0
240.5877589800977 239.03543656498897 5.0 5.0 6.0 5.0 None 10.0 4.0 5.0 6.0 None 4.0 None 1.0 None 159.1752143523729 137.5024431562603 162.70510546036564 136.62437592734136 None 256.2136450452892 99.15781220280691 150.30338741423287 191.33609803851056 None 99.99990210591979 None 29.999902105919787 None 1.0 1.0 1.0 1.0 0.0 1.0 1.0 1.0 1.0 0.0 1.0 1.0 1.0 1.0
250.34642726746011 229.71767812991268 6.0 5.0 6.0 5.0 None 9.0 3.0 5.0 6.0 9.0 2.0 None 1.0 None 152.0044622859677 122.0516272944834 156.77247310718764 121.97618497544882 None 245.01017702614166 101.3336191073516 135.8271443612947 165.8538189164147 240.6450104737723 59.999960879091944 None 29.999960879091944 None 1.0 1.0 1.0 1.0 0.0 1.0 1.0 1.0 1.0 1.0 1.0 1.0 1.0 1.0
208.4565387125759 275.8800484512245 7.0 5.0 7.0 5.0 None None 4.0 6.0 8.0 None 2.0 None 1.0 None 151.0000267806157 122.49039254729445 157.7065893237991 122.3358434467755 None None 104.4048571189602 136.1893050255927 168.38275725239436 None 59.99995848691347 None 29.99995848691347 None 1.0 1.0 1.0 1.0 0.0 0.0 1.0 1.0 1.0 0.0 1.0 1.0 1.0 1.0
205.1568858129659 280.31718151750886 7.0 6.0 7.0 6.0 None None 5.0 6.0 8.0 None 4.0 None 1.0 None 152.92035409640997 119.09221668328405 158.2287574827823 118.93629135250615 None None 99.89596723991045 140.91119639221193 184.83714450268783 None 69.99997109615882 None 29.999971096158816 None 1.0 1.0 1.0 1.0 0.0 0.0 1.0 1.0 1.0 0.0 1.0 1.0 1.0 1.0
249.07204497262433 230.89303340453503 6.0 5.0 7.0 5.0 None 10.0 4.0 6.0 8.0 None 2.0 None 1.0 None 164.3831290631743 125.42079124378142 167.51876789840887 125.24867775588993 None 267.0316737897164 114.5723559664624 156.92416597960766 201.8482048335348 None 49.99991687900973 None 29.99991687900973 None 1.0 1.0 1.0 1.0 0.0 1.0 1.0 1.0 1.0 0.0 1.0 1.0 1.0 1.0
255.5882314899032 225.0064475377531 6.0 4.0 7.0 4.0 None 9.0 4.0 6.0 8.0 None 2.0 None 1.0 None 162.31869741863719 112.4578247395961 169.22684886892904 112.31298400245612 None 240.91407756993476 119.63274542135588 160.383444597678 222.58462603699263 None 59.99993674207092 None 29.999936742070922 None 1.0 1.0 1.0 1.0 0.0 1.0 1.0 1.0 1.0 0.0 1.0 1.0 1.0 1.0
230.95463104248398 249.0056152605195 6.0 5.0 6.0 5.0 None None 4.0 5.0 8.0 None 3.0 None 1.0 None 156.10935151261342 117.89965325966153 158.1738992124701 117.77376518411359 None None 97.03657019855419 137.4288207960717 177.86975835281763 None 59.99997151810948 None 29.999971518109483 None 1.0 1.0 1.0 1.0 0.0 0.0 1.0 1.0 1.0 0.0 1.0 1.0 1.0 1.0
226.97507977280395 253.37142763674754 7.0 6.0 7.0 6.0 None 10.0 5.0 7.0 9.0 None 4.0 None 2.0 None 161.33732963533583 122.16444339246543 166.49041733430147 121.75157593560142 None 249.47816212869532 100.62702705161486 157.34270064965477 219.19357503854656 None 69.99999346623109 None 29.99999346623109 None 1.0 1.0 1.0 1.0 0.0 1.0 1.0 1.0 1.0 0.0 1.0 1.0 1.0 1.0
274.37533867938737 209.59974127704066 5.0 3.0 5.0 3.0 None 9.0 3.0 5.0 8.0 None 2.0 None 1.0 None 167.94693848056966 129.25952945727704 172.57906780626496 129.25952945727704 None 249.15936821409264 129.9124967758581 168.70802711229183 222.5718609150702 None 59.99992995834639 None 29.999929958346392 None 1.0 1.0 1.0 1.0 0.0 1.0 1.0 1.0 1.0 0.0 1.0 1.0 1.0 1.0
202.546454513313 283.92992678240165 8.0 7.0 8.0 7.0 None None 5.0 7.0 8.0 None 3.0 None 1.0 None 150.8949679630295 132.21980598317492 152.08390336948236 131.8394309931732 None None 102.92141161945575 130.44691131793155 168.92225711387442 None 69.99993631728573 None 29.99993631728573 None 1.0 1.0 1.0 1.0 0.0 0.0 1.0 1.0 1.0 0.0 1.0 1.0 1.0 1.0
216.44128665101502 265.702541736994 6.0 5.0 6.0 5.0 None None 5.0 6.0 6.0 None 3.0 None 1.0 None 155.7431435857304 127.18545765707572 158.0276393182974 126.15229142555728 None None 100.98339178693408 143.6969427285739 168.51367930502508 None 69.99996065731878 None 29.999960657318773 None 1.0 1.0 1.0 1.0 0.0 0.0 1.0 1.0 1.0 0.0 1.0 1.0 1.0 1.0
226.08069329496723 254.37377761827753 6.0 5.0 6.0 5.0 None None 4.0 5.0 6.0 8.0 3.0 None 1.0 4.0 151.98724191347546 133.88281925176742 157.41702602039862 133.6875229185157 None None 103.74055549019542 137.16134059465546 167.27766134854363 187.84779329926886 79.9999523467877 None 29.999952346787694 109.9999523467877 1.0 1.0 1.0 1.0 0.0 0.0 1.0 1.0 1.0 1.0 1.0 1.0 1.0 1.0
221.19187009206198 259.9959934154192 7.0 5.0 7.0 5.0 None None 4.0 6.0 8.0 None 3.0 None 1.0 None 157.16718308387973 130.7896863089634 163.14455200375903 130.52133326267563 None None 114.05945375328551 151.00453537215367 183.74318118343234 None 79.99996035522238 None 29.99996035522239 None 1.0 1.0 1.0 1.0 0.0 0.0 1.0 1.0 1.0 0.0 1.0 1.0 1.0 1.0
220.756387278949 260.50888361083435 6.0 5.0 7.0 5.0 None None 4.0 6.0 8.0 None 2.0 None 1.0 None 154.07053866487044 130.2934220652167 159.36149670112195 130.16056287524017 None None 103.76020063464767 136.4979962283431 191.83059057696263 None 59.99997394990188 None 29.99997394990188 None 1.0 1.0 1.0 1.0 0.0 0.0 1.0 1.0 1.0 0.0 1.0 1.0 1.0 1.0
211.63413960432823 271.7378212585124 6.0 5.0 7.0 5.0 None None 5.0 5.0 7.0 None 4.0 None 1.0 None 147.86951296515048 124.42040082571208 153.6832751190436 124.29211852776177 None None 97.26493580056322 130.77696811369643 154.44472947402244 None 79.99995500772414 None 29.99995500772414 None 1.0 1.0 1.0 1.0 0.0 0.0 1.0 1.0 1.0 0.0 1.0 1.0 1.0 1.0
222.0649444280891 258.9737887180254 7.0 5.0 7.0 5.0 None None 4.0 6.0 7.0 None 2.0 None 1.0 None 153.07404489282752 121.40593991781736 155.74442952997003 121.21040911660003 None None 100.20435717304011 131.48333500438807 167.13439235220994 None 59.99997400894684 None 29.999974008946843 None 1.0 1.0 1.0 1.0 0.0 0.0 1.0 1.0 1.0 0.0 1.0 1.0 1.0 1.0
232.7652499797232 247.06866684356777 7.0 4.0 7.0 4.0 None None 4.0 6.0 8.0 None 2.0 None 1.0 None 155.13591838232736 115.82374447377035 161.32702507448406 115.7780291934773 None None 106.241432456149 143.1650923824075 186.06285650950392 None 39.99996046446131 None 29.99996046446131 None 1.0 1.0 1.0 1.0 0.0 0.0 1.0 1.0 1.0 0.0 1.0 1.0 1.0 1.0
235.35588154442826 244.3491091984629 6.0 5.0 6.0 5.0 None None 5.0 6.0 7.0 10.0 3.0 None 1.0 None 158.4995328413927 125.12401424106143 160.78392342959336 123.35459486703981 None None 107.96809676620889 148.40499337437404 183.16434383046175 256.1775638748712 69.99995636245136 None 29.999956362451357 None 1.0 1.0 1.0 1.0 0.0 0.0 1.0 1.0 1.0 1.0 1.0 1.0 1.0 1.0
280.2258060475936 205.22378295963455 5.0 5.0 6.0 5.0 None 9.0 4.0 5.0 7.0 None 2.0 None 1.0 None 157.12113552619647 130.2920850871894 164.36728565353908 130.11284113352016 None 252.50772874605116 103.1480760241283 151.60314972324286 193.15799109509126 None 59.99990636826749 None 29.99990636826749 None 1.0 1.0 1.0 1.0 0.0 1.0 1.0 1.0 1.0 0.0 1.0 1.0 1.0 1.0
224.7958296468782 255.82769969682417 7.0 6.0 7.0 6.0 None None 5.0 6.0 7.0 None 4.0 None 1.0 None 151.01103455949792 138.1476614038539 154.68002347847064 138.0289147495374 None None 98.71763750198147 133.80379447743883 164.69635834907265 None 89.99993572012636 None 29.999935720126352 None 1.0 1.0 1.0 1.0 0.0 0.0 1.0 1.0 1.0 0.0 1.0 1.0 1.0 1.0
231.01702691369508 248.93836081391788 6.0 5.0 6.0 5.0 None None 5.0 6.0 8.0 None 2.0 None 1.0 None 160.25721136050961 115.78757933651008 163.35227696751375 115.73980998032675 None None 117.37527779653081 141.5952204369609 191.0599950692458 None 59.9999236151292 None 29.999923615129198 None 1.0 1.0 1.0 1.0 0.0 0.0 1.0 1.0 1.0 0.0 1.0 1.0 1.0 1.0
225.52577989328162 254.99967244194056 7.0 6.0 7.0 6.0 None None 4.0 6.0 9.0 None 2.0 None 1.0 None 156.76855353707825 130.39157390657175 163.38763554770082 129.29311035809974 None None 112.20041320376103 145.42050634033416 196.0415491131927 None 59.99993253311387 None 29.99993253311387 None 1.0 1.0 1.0 1.0 0.0 0.0 1.0 1.0 1.0 0.0 1.0 1.0 1.0 1.0
236.711629309146 242.94961835142075 5.0 4.0 6.0 4.0 None 10.0 4.0 5.0 6.0 None 2.0 None 1.0 None 150.92667588820527 106.51153793429077 154.55345781929043 105.56845157000109 None 236.83400585123397 98.7131514215913 131.24416171096772 155.3138322783631 None 59.9999457503018 None 29.999945750301798 None 1.0 1.0 1.0 1.0 0.0 1.0 1.0 1.0 1.0 0.0 1.0 1.0 1.0 1.0
241.90358904236285 237.73520776464733 6.0 4.0 6.0 4.0 None 10.0 4.0 5.0 7.0 None 3.0 None 1.0 None 154.06488662678154 114.7592062626426 159.48228994820784 114.31625065753747 None 254.55527679675487 101.21451970829975 131.34407605017742 181.36703457282889 None 59.99991100387978 None 29.99991100387978 None 1.0 1.0 1.0 1.0 0.0 1.0 1.0 1.0 1.0 0.0 1.0 1.0 1.0 1.0
206.4492657768556 278.56238569605586 6.0 6.0 6.0 6.0 None None 4.0 5.0 6.0 None 4.0 None 1.0 None 145.823255273845 132.46392896745624 148.91999845412636 131.37562443527645 None None 85.00728041862284 124.01674668360046 146.46332216611017 None 89.99991131848385 None 29.999911318483854 None 1.0 1.0 1.0 1.0 0.0 0.0 1.0 1.0 1.0 0.0 1.0 1.0 1.0 1.0
217.05964744082863 264.94560678615863 6.0 5.0 7.0 5.0 None None 4.0 6.0 8.0 10.0 2.0 None 1.0 None 156.11331511019495 133.63046967491434 160.24024002228757 133.3676449087061 None None 104.2406256349444 144.09488494177114 186.46557592116207 235.05849091509785 59.99994309055719 None 29.99994309055719 None 1.0 1.0 1.0 1.0 0.0 0.0 1.0 1.0 1.0 1.0 1.0 1.0 1.0 1.0
209.5668190250956 274.41844213474127 6.0 5.0 6.0 5.0 None None 4.0 5.0 7.0 None 3.0 None 1.0 None 149.93476020149254 122.98793349502344 153.6436033457139 122.02722862129713 None None 92.02802111546441 124.0058036554131 163.1504904865561 None 69.99999009441032 None 29.99999009441033 None 1.0 1.0 1.0 1.0 0.0 0.0 1.0 1.0 1.0 0.0 1.0 1.0 1.0 1.0
247.69142000274474 232.18002464260866 6.0 5.0 6.0 5.0 None None 4.0 5.0 7.0 None 5.0 None 1.0 1.0 154.05506707082583 137.09595053717288 161.07713020041405 137.07775952583194 None None 92.9188596543819 140.2437516028951 182.76738310390613 None 129.99996314187274 None 29.999963141872755 19.999963141872755 1.0 1.0 1.0 1.0 0.0 0.0 1.0 1.0 1.0 0.0 1.0 1.0 1.0 1.0
248.8601395138789 231.08963979662454 6.0 4.0 6.0 4.0 None 10.0 4.0 5.0 7.0 None 2.0 None 1.0 None 162.11418105251494 116.45993215442347 164.39803319256538 116.30406989834204 None 262.5744558122169 113.6262416644778 152.8729665866258 187.9004836784738 None 39.999934039392414 None 29.999934039392414 None 1.0 1.0 1.0 1.0 0.0 1.0 1.0 1.0 1.0 0.0 1.0 1.0 1.0 1.0
213.56830085516904 269.27685321146805 7.0 6.0 8.0 6.0 None None 5.0 7.0 9.0 None 3.0 None 1.0 None 157.199345171655 131.44544555051309 163.43525376543622 131.3544440748411 None None 110.89709877481266 144.6236439979409 195.91431318964422 None 49.99990190523793 None 29.999901905237927 None 1.0 1.0 1.0 1.0 0.0 0.0 1.0 1.0 1.0 0.0 1.0 1.0 1.0 1.0
226.8502327470306 253.51087060214965 7.0 5.0 7.0 5.0 None 10.0 5.0 6.0 8.0 None 4.0 None 2.0 None 151.00918239866238 123.84410448997608 156.16889077681316 123.58477486364609 None 246.73501402400223 92.54173692512632 134.5737589947779 167.2333607171294 None 79.99991917494816 None 29.999919174948168 None 1.0 1.0 1.0 1.0 0.0 1.0 1.0 1.0 1.0 0.0 1.0 1.0 1.0 1.0
274.7246355861797 209.33324700674586 6.0 5.0 6.0 5.0 None 9.0 5.0 6.0 8.0 None 3.0 None 1.0 None 158.18358028601034 118.37452331535935 164.00405371051158 116.86358344323928 None 257.4150256578888 110.98552688518582 145.9090939128052 207.7745735264735 None 79.99994498577074 None 29.99994498577074 None 1.0 1.0 1.0 1.0 0.0 1.0 1.0 1.0 1.0 0.0 1.0 1.0 1.0 1.0
227.0399592772154 253.29902358633535 6.0 5.0 6.0 5.0 None None 4.0 5.0 7.0 None 3.0 None 1.0 None 152.3333384645682 137.201874414852 154.6165670803166 136.99844139075995 None None 91.52074661201348 132.53191465791085 165.0444612191428 None 79.99997002826441 None 29.99997002826442 None 1.0 1.0 1.0 1.0 0.0 0.0 1.0 1.0 1.0 0.0 1.0 1.0 1.0 1.0
235.8564394193484 243.83052733934502 6.0 6.0 6.0 6.0 None None 4.0 5.0 7.0 9.0 4.0 None 1.0 None 158.1943905150326 149.89330029426523 161.96006853554647 149.59437285272563 None None 110.462199922895 149.02158531305804 193.50802493185705 225.7194057796464 109.99998439140128 None 29.99998439140129 None 1.0 1.0 1.0 1.0 0.0 0.0 1.0 1.0 1.0 1.0 1.0 1.0 1.0 1.0
238.23979641961554 241.3912405243517 6.0 5.0 6.0 5.0 None 10.0 4.0 6.0 7.0 None 2.0 None 1.0 None 154.05167661543499 126.07392478241903 158.17948724143616 125.8550274952367 None 254.43112291029334 94.90019445541634 134.37314073851246 175.60746407196993 None 49.99990941488491 None 29.99990941488491 None 1.0 1.0 1.0 1.0 0.0 1.0 1.0 1.0 1.0 0.0 1.0 1.0 1.0 1.0
226.00492447386492 254.45905718151866 6.0 6.0 7.0 6.0 None None 4.0 5.0 7.0 None 4.0 None 1.0 None 151.6169555149676 140.95416628190472 157.17308294978517 140.87140548666238 None None 97.96672356440027 131.18098649193897 161.54906595555454 None 89.99996900794869 None 29.999969007948692 None 1.0 1.0 1.0 1.0 0.0 0.0 1.0 1.0 1.0 0.0 1.0 1.0 1.0 1.0
271.0417917868847 212.1776115072996 6.0 3.0 6.0 3.0 None 9.0 3.0 5.0 7.0 None 2.0 None 1.0 None 162.2940365631601 117.86981053651428 165.0413582413938 117.80333766842384 None 261.2738789698195 119.97338336600265 152.88377804779424 204.64598326423464 None 59.999963684949584 None 29.999963684949584 None 1.0 1.0 1.0 1.0 0.0 1.0 1.0 1.0 1.0 0.0 1.0 1.0 1.0 1.0
216.36329709304079 265.7983159466733 7.0 5.0 7.0 5.0 None None 4.0 5.0 7.0 None 3.0 None 1.0 None 155.12518805195657 128.81598630800664 157.67169082354275 128.7117626506888 None None 105.14559934198992 138.10721177412444 177.14064387807463 None 89.99992444508253 None 29.999924445082527 None 1.0 1.0 1.0 1.0 0.0 0.0 1.0 1.0 1.0 0.0 1.0 1.0 1.0 1.0
239.6920649634995 239.92867685777384 6.0 5.0 6.0 5.0 None None 5.0 5.0 8.0 None 3.0 None 1.0 None 162.31447698760005 136.07863311617376 165.05303922227054 135.87906697158311 None None 124.96118097873668 152.38011415205457 188.41524323604372 None 89.99990964402895 None 29.99990964402894 None 1.0 1.0 1.0 1.0 0.0 0.0 1.0 1.0 1.0 0.0 1.0 1.0 1.0 1.0
228.32184996159896 251.8769010047542 7.0 6.0 7.0 6.0 None None 5.0 6.0 8.0 None 2.0 None 1.0 None 153.06566651686344 124.12373075236434 159.79162597258752 123.93951290601382 None None 110.57574584212026 138.62957525262883 171.16008190097997 None 39.99992750524394 None 29.99992750524394 None 1.0 1.0 1.0 1.0 0.0 0.0 1.0 1.0 1.0 0.0 1.0 1.0 1.0 1.0
288.28880381516444 199.48398702598155 6.0 5.0 6.0 5.0 None 9.0 4.0 5.0 7.0 None 2.0 None 2.0 None 158.1851146427927 122.41262900630775 163.34549203894701 120.98177450177005 None 244.68103103835838 96.7918104929056 137.3258808292495 191.6656158251804 None 39.99995967161786 None 29.99995967161786 None 1.0 1.0 1.0 1.0 0.0 1.0 1.0 1.0 1.0 0.0 1.0 1.0 1.0 1.0
257.60231986948503 223.24721310404774 5.0 4.0 6.0 4.0 None 9.0 4.0 5.0 7.0 None 2.0 None 1.0 None 159.76322148526586 112.54832577871932 167.42607891417202 112.2903222383132 None 253.41628165318468 104.57058762080263 149.11139044262464 201.00455764345492 None 59.99993925495976 None 29.999939254959763 None 1.0 1.0 1.0 1.0 0.0 1.0 1.0 1.0 1.0 0.0 1.0 1.0 1.0 1.0
242.3572233476321 237.29022475847688 6.0 4.0 6.0 4.0 None 9.0 4.0 6.0 8.0 10.0 3.0 None 1.0 None 159.4256131261526 115.05945523656298 167.47596415346396 114.87275740175362 None 233.7327278390585 116.21253109785341 157.14368861875312 193.40579872626375 264.938673443695 79.99991923284445 None 29.999919232844448 None 1.0 1.0 1.0 1.0 0.0 1.0 1.0 1.0 1.0 1.0 1.0 1.0 1.0 1.0
231.92889388909387 247.95961829361477 7.0 6.0 7.0 6.0 None 10.0 5.0 7.0 8.0 None 3.0 None 1.0 None 159.26833324221582 128.53106550516 164.5777065689344 127.85780207177598 None 249.16283380031783 113.23465691798927 153.6437421663777 189.89783605420715 None 69.99998470257091 None 29.99998470257092 None 1.0 1.0 1.0 1.0 0.0 1.0 1.0 1.0 1.0 0.0 1.0 1.0 1.0 1.0
217.3218719748665 264.62591858518033 8.0 6.0 8.0 6.0 None None 6.0 7.0 9.0 None 2.0 None 2.0 None 162.41198516908702 134.85833164041978 164.84732578437124 134.45408183869955 None None 114.65844178438309 154.26010911183184 209.3026156521987 None 59.999962556272976 None 29.999962556272976 None 1.0 1.0 1.0 1.0 0.0 0.0 1.0 1.0 1.0 0.0 1.0 1.0 1.0 1.0
244.3059251103091 235.39748360189594 6.0 5.0 6.0 5.0 None 10.0 4.0 6.0 7.0 None 1.0 None 1.0 None 151.98857064853 114.17358031340135 156.89128612329748 112.61052014762947 None 256.43731168148054 96.20421155206321 136.0009974056285 183.41144498253965 None 39.99998996482969 None 29.999989964829687 None 1.0 1.0 1.0 1.0 0.0 1.0 1.0 1.0 1.0 0.0 1.0 1.0 1.0 1.0
255.2103293875254 225.33962531224654 5.0 4.0 6.0 4.0 None 10.0 4.0 5.0 7.0 None 3.0 None 1.0 None 157.1125861934184 126.15207905756552 163.32837729733276 126.1070293158474 None 280.58897526344293 102.96745706172854 142.2458464793255 185.8740964741963 None 79.99995613262007 None 29.999956132620063 None 1.0 1.0 1.0 1.0 0.0 1.0 1.0 1.0 1.0 0.0 1.0 1.0 1.0 1.0
248.08070656822738 231.8156893195716 5.0 4.0 5.0 4.0 None 10.0 3.0 4.0 6.0 None 2.0 None 0.0 None 157.11019800378395 119.50485832913498 160.20518723419715 118.96324250412837 None 272.22929032269474 87.88296394912336 135.71762426634524 185.36468681900877 None 59.99998273548747 None 29.99998273548747 None 1.0 1.0 1.0 1.0 0.0 1.0 1.0 1.0 1.0 0.0 1.0 1.0 1.0 1.0
275.3394311286529 208.86583430590733 5.0 5.0 6.0 5.0 None 10.0 4.0 5.0 7.0 None 2.0 None 2.0 None 159.17693203990962 133.47684474242067 165.10966400428018 133.35406794947173 None 281.78267731055575 108.65936541806525 153.56638213342694 201.71849259899076 None 39.99999078035117 None 29.99999078035117 None 1.0 1.0 1.0 1.0 0.0 1.0 1.0 1.0 1.0 0.0 1.0 1.0 1.0 1.0
219.01093853177127 262.5850580136998 6.0 5.0 7.0 5.0 None None 4.0 6.0 8.0 None 2.0 None 1.0 None 154.06180169485467 127.96171595950204 156.89360098191577 127.8461853172451 None None 101.1902645926366 134.81641757740417 177.0707565966267 None 59.99997346844077 None 29.99997346844077 None 1.0 1.0 1.0 1.0 0.0 0.0 1.0 1.0 1.0 0.0 1.0 1.0 1.0 1.0
239.04059758738435 240.5825645536083 6.0 6.0 6.0 6.0 None None 4.0 5.0 7.0 None 7.0 None 1.0 None 154.05152385228882 154.05152385228882 156.11678335590915 153.76519903850715 None None 103.70488568498938 135.58461884245094 174.13496268798212 None 169.9999591204936 None 29.999959120493614 None 1.0 1.0 1.0 1.0 0.0 0.0 1.0 1.0 1.0 0.0 1.0 1.0 1.0 1.0
234.0276591873436 245.7359108735218 6.0 4.0 6.0 4.0 None 10.0 4.0 6.0 8.0 None 2.0 None 1.0 None 161.08157055713502 120.43833288252135 163.36426521290673 120.34095092188711 None 260.74692507322135 111.93309133598784 152.75663380323545 196.2891577891573 None 59.99998415846808 None 29.99998415846808 None 1.0 1.0 1.0 1.0 0.0 1.0 1.0 1.0 1.0 0.0 1.0 1.0 1.0 1.0
279.76607940216525 205.56101770054298 5.0 5.0 6.0 5.0 None 9.0 4.0 5.0 7.0 10.0 3.0 None 1.0 None 162.59351120239978 134.950143985811 169.49364763446994 134.825012188178 None 260.63453507800125 120.5857183578559 161.07116333202754 197.4531330769654 282.57820769816345 89.99993689472392 None 29.999936894723916 None 1.0 1.0 1.0 1.0 0.0 1.0 1.0 1.0 1.0 1.0 1.0 1.0 1.0 1.0
273.5363461845625 210.24262699333235 6.0 4.0 6.0 4.0 None 9.0 3.0 5.0 6.0 None 2.0 None 1.0 None 151.9995179811237 114.9786450612292 154.06349322486375 114.86430473955895 None 246.22708950497037 98.54981721153263 131.28410161974148 163.91912023069068 None 59.999949199976705 None 29.999949199976705 None 1.0 1.0 1.0 1.0 0.0 1.0 1.0 1.0 1.0 0.0 1.0 1.0 1.0 1.0
230.7703333887939 249.20447596316822 6.0 5.0 6.0 5.0 None 10.0 4.0 6.0 9.0 None 2.0 None 1.0 None 160.24722660285335 124.4289379260801 164.73148708158308 124.33139485485202 None 256.25136186223114 112.9965214480076 152.79723158169435 208.99852242891623 None 69.99995334442352 None 29.99995334442351 None 1.0 1.0 1.0 1.0 0.0 1.0 1.0 1.0 1.0 0.0 1.0 1.0 1.0 1.0
237.06439757141274 242.58809247253637 6.0 5.0 6.0 5.0 None 10.0 4.0 6.0 8.0 None 2.0 None 1.0 None 154.0541005498906 119.94871755231341 161.0070223427024 119.79324182146044 None 250.57469483895957 99.55247418942344 141.17985884549577 196.6116696246692 None 59.99997849333326 None 29.99997849333326 None 1.0 1.0 1.0 1.0 0.0 1.0 1.0 1.0 1.0 0.0 1.0 1.0 1.0 1.0
250.22042994860584 229.8333513846655 6.0 5.0 6.0 5.0 None 10.0 4.0 6.0 8.0 None 2.0 None 1.0 None 160.25361525169728 128.60660299059634 165.41672511787556 128.21814984436838 None 254.32980445672894 107.42333637633443 152.3782460057401 199.87954757886905 None 59.999944377450205 None 29.999944377450205 None 1.0 1.0 1.0 1.0 0.0 1.0 1.0 1.0 1.0 0.0 1.0 1.0 1.0 1.0
212.83304720188048 270.207097798353 7.0 6.0 7.0 6.0 None None 5.0 6.0 9.0 None 4.0 None 1.0 None 158.1812414266788 141.24100838718553 165.3972663240494 141.16513932113753 None None 105.3547814923171 144.8504780992623 195.89837179677164 None 89.99995447229722 None 29.99995447229722 None 1.0 1.0 1.0 1.0 0.0 0.0 1.0 1.0 1.0 0.0 1.0 1.0 1.0 1.0
224.06347496007544 256.66387620850384 7.0 5.0 7.0 5.0 None None 4.0 6.0 8.0 None 3.0 None 2.0 None 157.2031521502318 128.71407096804705 159.79900184383413 128.2191565820032 None None 109.77238624114256 139.94841883942905 181.98622644584046 None 69.99994697617501 None 29.999946976175018 None 1.0 1.0 1.0 1.0 0.0 0.0 1.0 1.0 1.0 0.0 1.0 1.0 1.0 1.0
231.45901247767404 248.46299733326296 7.0 6.0 7.0 6.0 None None 5.0 6.0 9.0 None 2.0 None 1.0 None 159.23640790593134 137.666584953658 163.38477045709226 137.59971436026683 None None 112.39979626802993 152.35375868151982 213.8949915702724 None 59.9999709634417 None 29.999970963441697 None 1.0 1.0 1.0 1.0 0.0 0.0 1.0 1.0 1.0 0.0 1.0 1.0 1.0 1.0
220.90215452748174 260.33698097247617 7.0 7.0 7.0 7.0 None None 5.0 7.0 8.0 None 3.0 None 2.0 None 152.90105479592427 138.50406721943537 156.1528200398376 138.33820004049235 None None 111.52234127090878 141.47867654900833 172.0013186443096 None 69.99995580633703 None 29.99995580633702 None 1.0 1.0 1.0 1.0 0.0 0.0 1.0 1.0 1.0 0.0 1.0 1.0 1.0 1.0
237.66069499582835 241.979432068098 6.0 5.0 6.0 5.0 None 10.0 5.0 6.0 8.0 None 2.0 None 1.0 None 154.4587245011722 117.56190058721629 160.25029447910552 117.39642956075309 None 256.2385691183875 110.55731495781495 143.73976564621938 185.05206569597127 None 59.99999577718631 None 29.999995777186307 None 1.0 1.0 1.0 1.0 0.0 1.0 1.0 1.0 1.0 0.0 1.0 1.0 1.0 1.0
173.14889871776134 332.136100349917 8.0 7.0 8.0 7.0 None None 6.0 7.0 8.0 None 2.0 None 1.0 None 149.34915643921514 131.40533287251057 150.8702624994173 131.11529138440628 None None 102.15154855564305 128.13252849381755 158.6264125209515 None 39.99997763611856 None 29.999977636118558 None 1.0 1.0 1.0 1.0 0.0 0.0 1.0 1.0 1.0 0.0 1.0 1.0 1.0 1.0
291.942419815616 196.98747457228495 5.0 5.0 5.0 5.0 None 9.0 4.0 5.0 7.0 10.0 3.0 None 1.0 None 159.17772985140618 134.3041052915149 167.48433265917328 133.3754404331945 None 269.33557286363157 111.5019060699307 156.06577921070408 210.05471066342207 315.0737076397668 89.99990731607679 None 29.99990731607678 None 1.0 1.0 1.0 1.0 0.0 1.0 1.0 1.0 1.0 1.0 1.0 1.0 1.0 1.0
243.3359892867238 236.33577658846392 6.0 4.0 6.0 4.0 None 9.0 4.0 6.0 7.0 None 2.0 None 1.0 None 154.35053152759107 108.98088804758626 160.25351754039053 108.80056286795559 None 231.70550189883014 104.09772582978633 143.0216204431506 175.86019460787915 None 39.99994546096067 None 29.999945460960667 None 1.0 1.0 1.0 1.0 0.0 1.0 1.0 1.0 1.0 0.0 1.0 1.0 1.0 1.0
202.4665369282169 284.0419995941819 7.0 6.0 8.0 6.0 None None 6.0 7.0 9.0 None 2.0 None 2.0 None 155.13725270879235 131.28401799441502 160.8953900843071 131.01051395442892 None None 116.26202367303544 140.5751635453916 183.81523748412184 None 59.999958815713924 None 29.999958815713924 None 1.0 1.0 1.0 1.0 0.0 0.0 1.0 1.0 1.0 0.0 1.0 1.0 1.0 1.0
260.904148839968 220.42194520745073 6.0 5.0 6.0 5.0 None 9.0 3.0 5.0 6.0 None 2.0 None 1.0 None 149.9146169360364 122.3938092960062 152.2180208770103 120.96871522920546 None 253.02720606503644 89.83945052364228 122.3938092960062 152.97899073683203 None 59.99997896942543 None 29.999978969425428 None 1.0 1.0 1.0 1.0 0.0 1.0 1.0 1.0 1.0 0.0 1.0 1.0 1.0 1.0
258.9447137801452 222.08987841639248 5.0 4.0 5.0 4.0 None 10.0 4.0 5.0 6.0 None 2.0 None 1.0 None 155.05669405431013 114.75985950639227 163.83646634923858 114.19810755359717 None 277.22412295572565 109.01552687568056 143.08025484744013 186.34832031797427 None 49.999948654609454 None 29.999948654609454 None 1.0 1.0 1.0 1.0 0.0 1.0 1.0 1.0 1.0 0.0 1.0 1.0 1.0 1.0
210.9661346021999 272.59825425744094 7.0 5.0 7.0 5.0 None None 3.0 5.0 7.0 None 2.0 None 1.0 None 144.83488779041213 113.0385640330035 149.97951961976443 111.84462990832611 None None 79.89157527826302 110.84234480040419 149.97951961976443 None 39.99991194347583 None 29.99991194347583 None 1.0 1.0 1.0 1.0 0.0 0.0 1.0 1.0 1.0 0.0 1.0 1.0 1.0 1.0
208.32459234103408 276.0547823650888 7.0 6.0 8.0 6.0 None None 4.0 7.0 9.0 None 3.0 None 1.0 None 159.46470910392497 139.1051941394247 161.35779771711083 137.8749813005709 None None 105.23966752396902 150.90717597824 199.98418612186828 None 59.999941249418676 None 29.999941249418676 None 1.0 1.0 1.0 1.0 0.0 0.0 1.0 1.0 1.0 0.0 1.0 1.0 1.0 1.0
217.00023037799855 265.01815182326544 7.0 5.0 7.0 5.0 None None 4.0 6.0 8.0 None 3.0 None 1.0 None 157.1696431035106 121.71600248187536 158.77511493614625 121.54860401975304 None None 103.85535030861678 147.16654406982306 181.29021978372694 None 79.99998636692504 None 29.999986366925036 None 1.0 1.0 1.0 1.0 0.0 0.0 1.0 1.0 1.0 0.0 1.0 1.0 1.0 1.0
238.38022011030384 241.24904311854945 6.0 6.0 7.0 6.0 None 10.0 5.0 6.0 8.0 10.0 3.0 None 1.0 None 160.24326119415943 136.85302267746133 168.54404353241472 136.51039862905841 None 259.76241461449723 124.23174625915425 158.5259823673471 200.63975388811272 268.4273807512982 59.99993007098944 None 29.999930070989443 None 1.0 1.0 1.0 1.0 0.0 1.0 1.0 1.0 1.0 1.0 1.0 1.0 1.0 1.0
236.8676125223952 242.78962998608634 6.0 5.0 6.0 5.0 None None 3.0 5.0 7.0 None 2.0 None 1.0 None 151.99564868183012 126.14833878387546 154.0587886305812 125.00999130927684 None None 96.52155079560393 128.65360717639655 162.27089881082327 None 59.99999425213693 None 29.99999425213693 None 1.0 1.0 1.0 1.0 0.0 0.0 1.0 1.0 1.0 0.0 1.0 1.0 1.0 1.0
255.18718755301035 225.36006039901037 5.0 4.0 5.0 4.0 None 9.0 3.0 4.0 6.0 None 3.0 None 1.0 None 148.85868655729374 115.57674519968242 155.57059498940447 115.08282487642973 None 249.9672645314173 93.32626511151904 117.36718856978226 165.27628896003398 None 79.99993533874283 None 29.999935338742823 None 1.0 1.0 1.0 1.0 0.0 1.0 1.0 1.0 1.0 0.0 1.0 1.0 1.0 1.0
199.85480662492307 287.7538997995172 7.0 6.0 7.0 6.0 None None 5.0 6.0 7.0 None 3.0 None 1.0 None 151.00940167265918 144.786080684509 154.1059748459108 144.73613126275413 None None 106.08950802936414 131.16542376166024 161.6048428095082 None 79.99997397209489 None 29.9999739720949 None 1.0 1.0 1.0 1.0 0.0 0.0 1.0 1.0 1.0 0.0 1.0 1.0 1.0 1.0
218.96073991460025 262.6452578778727 6.0 5.0 7.0 5.0 None None 4.0 5.0 9.0 None 3.0 None 1.0 None 156.57568801068584 130.59570287039207 161.3065594141691 128.21409881810138 None None 106.34995734850845 145.32073993528735 197.47533829707817 None 79.99995643958344 None 29.999956439583443 None 1.0 1.0 1.0 1.0 0.0 0.0 1.0 1.0 1.0 0.0 1.0 1.0 1.0 1.0
239.2887619537254 240.33305839545156 6.0 5.0 6.0 5.0 None 10.0 5.0 6.0 8.0 None 2.0 None 1.0 None 160.26829756968806 119.72986370293782 167.4944527356656 118.94567985159719 None 264.95799808458105 112.6896001616253 150.612963250103 219.03315607711906 None 59.999930903614455 None 29.999930903614455 None 1.0 1.0 1.0 1.0 0.0 1.0 1.0 1.0 1.0 0.0 1.0 1.0 1.0 1.0
239.3110626687738 240.31066244353772 6.0 6.0 7.0 6.0 None None 4.0 6.0 8.0 9.0 6.0 None 1.0 2.0 156.12231965092263 152.7649346607655 161.32786719575873 152.69315625174949 None None 109.21233448353277 149.60900011354974 192.43215365397967 231.04983300990904 149.9999748490509 None 29.999974849050886 39.999974849050886 1.0 1.0 1.0 1.0 0.0 0.0 1.0 1.0 1.0 1.0 1.0 1.0 1.0 1.0
218.50960276792216 263.18751794665974 7.0 6.0 7.0 6.0 None None 5.0 6.0 8.0 None 4.0 None 1.0 None 153.07918654646662 127.97133927633371 158.00305914191517 127.31879055086975 None None 96.17919199681293 137.49864568788323 189.17670837040535 None 79.99997638538849 None 29.9999763853885 None 1.0 1.0 1.0 1.0 0.0 0.0 1.0 1.0 1.0 0.0 1.0 1.0 1.0 1.0
227.47329123583873 252.81649413678232 6.0 5.0 6.0 5.0 None None 4.0 6.0 8.0 None 3.0 None 1.0 None 160.25476394776146 124.85451948048691 165.41400758567937 124.74358891671324 None None 102.99159759834592 150.9634845455457 193.13865958095556 None 59.99997046340881 None 29.999970463408808 None 1.0 1.0 1.0 1.0 0.0 0.0 1.0 1.0 1.0 0.0 1.0 1.0 1.0 1.0
235.96124970859313 243.72222164030038 6.0 5.0 6.0 5.0 None 10.0 4.0 5.0 6.0 None 2.0 None 1.0 None 158.7077809484489 129.36723110937388 160.99039191914366 129.2331789448975 None 266.1367491181348 106.4932151529305 148.74614663423102 184.92689103872252 None 59.99991963555669 None 29.999919635556687 None 1.0 1.0 1.0 1.0 0.0 1.0 1.0 1.0 1.0 0.0 1.0 1.0 1.0 1.0
235.57481802343716 244.12201814490408 7.0 5.0 8.0 4.0 None 10.0 4.0 7.0 8.0 None 3.0 None 1.0 None 157.19773689732887 113.74259655849234 161.3526112244433 113.57827087103023 None 241.81960584037358 110.0499329002502 146.7658623709981 194.8958211929134 None 59.99996227014195 None 29.99996227014195 None 1.0 1.0 1.0 1.0 0.0 1.0 1.0 1.0 1.0 0.0 1.0 1.0 1.0 1.0
257.52847233775947 223.31123031931986 6.0 4.0 6.0 4.0 None 9.0 4.0 6.0 7.0 None 2.0 None 0.0 None 158.19302721609859 117.18974904833527 163.35295450979856 117.08630486887859 None 251.29682392693675 116.69708904975602 148.69480153385885 182.6657551923988 None 49.99994508922177 None 29.999945089221768 None 1.0 1.0 1.0 1.0 0.0 1.0 1.0 1.0 1.0 0.0 1.0 1.0 1.0 1.0
280.3325797332942 205.14561687661677 5.0 3.0 5.0 3.0 None 9.0 4.0 5.0 7.0 10.0 2.0 None 1.0 None 164.98268780718482 121.04892831962741 174.55009297037512 121.00190694434065 None 257.37997406258995 124.39280536866323 164.2216060620811 220.40903688448054 295.21749846234127 49.99994786133676 None 29.999947861336757 None 1.0 1.0 1.0 1.0 0.0 1.0 1.0 1.0 1.0 1.0 1.0 1.0 1.0 1.0
240.14997624827475 239.47118754051155 6.0 5.0 6.0 5.0 None 10.0 4.0 5.0 6.0 None 2.0 None 1.0 None 151.98308546826345 125.40678937997055 158.1751608247568 123.79895540183512 None 254.3192193307758 99.0000678145638 131.9275433695422 171.0112771887695 None 59.99999176603472 None 29.999991766034718 None 1.0 1.0 1.0 1.0 0.0 1.0 1.0 1.0 1.0 0.0 1.0 1.0 1.0 1.0
225.25247224642692 255.30907353187658 5.0 4.0 6.0 4.0 None 10.0 3.0 4.0 6.0 None 1.0 None 0.0 None 148.85577351741017 116.85479110703724 155.20938305063763 116.75297030845559 None 253.6906593196726 100.33152903107342 125.77891934787866 164.7171906114735 None 39.99990749364206 None 29.999907493642063 None 1.0 1.0 1.0 1.0 0.0 1.0 1.0 1.0 1.0 0.0 1.0 1.0 1.0 1.0
203.8049789331959 282.17661953612304 8.0 5.0 8.0 5.0 None None 5.0 7.0 9.0 None 2.0 None 1.0 None 151.38921604064652 111.52100276379673 156.19600272555718 111.25225502400818 None None 91.69033964259927 131.01687900760572 193.06189058482656 None 39.999931226448666 None 29.999931226448666 None 1.0 1.0 1.0 1.0 0.0 0.0 1.0 1.0 1.0 0.0 1.0 1.0 1.0 1.0
250.06071487024252 229.98014714083195 6.0 5.0 6.0 5.0 None 10.0 4.0 5.0 7.0 None 4.0 None 1.0 None 153.65354472342972 137.0082893828466 156.11705265683563 136.78529244697668 None 261.17434472514964 99.84508082455642 132.36653752762433 176.4811564922631 None 79.99997166878109 None 29.999971668781086 None 1.0 1.0 1.0 1.0 0.0 1.0 1.0 1.0 1.0 0.0 1.0 1.0 1.0 1.0
202.76780303752827 283.6199788057882 7.0 5.0 7.0 5.0 None None 4.0 5.0 7.0 None 3.0 None 2.0 None 144.81993420421804 115.23454360012536 146.88330138000407 115.12683321093013 None None 88.70415861098513 119.92317325060705 144.6504377290293 None 59.99996350802956 None 29.99996350802956 None 1.0 1.0 1.0 1.0 0.0 0.0 1.0 1.0 1.0 0.0 1.0 1.0 1.0 1.0
201.07588103799046 286.0064553895178 7.0 6.0 7.0 6.0 None None 4.0 6.0 8.0 None 2.0 None 1.0 None 151.003863641267 134.4488475440202 156.1645166890557 134.20684549891675 None None 97.75737072374932 130.53354468690293 172.68829279636253 None 59.99998616839289 None 29.999986168392887 None 1.0 1.0 1.0 1.0 0.0 0.0 1.0 1.0 1.0 0.0 1.0 1.0 1.0 1.0
238.38022011030384 241.24904311854945 6.0 6.0 7.0 6.0 None 10.0 5.0 6.0 8.0 10.0 3.0 None 1.0 None 160.24326119415943 136.85302267746133 168.54404353241472 136.51039862905841 None 259.76241461449723 124.23174625915425 158.5259823673471 200.63975388811272 268.4273807512982 59.99993007098944 None 29.999930070989443 None 1.0 1.0 1.0 1.0 0.0 1.0 1.0 1.0 1.0 1.0 1.0 1.0 1.0 1.0
217.96023118505676 263.8508854909986 7.0 5.0 7.0 5.0 None 10.0 5.0 6.0 7.0 None 3.0 None 2.0 None 149.90037919386126 112.29870526605222 156.17550584587974 112.07337449347685 None 232.66105237689024 103.85663170013484 134.91071851093687 159.35774303057494 None 49.99992977755905 None 29.999929777559053 None 1.0 1.0 1.0 1.0 0.0 1.0 1.0 1.0 1.0 0.0 1.0 1.0 1.0 1.0
230.3047396563768 249.70827819612205 6.0 6.0 7.0 6.0 None 10.0 5.0 6.0 8.0 None 4.0 None 2.0 None 154.2460619647308 133.70534996910698 158.24284230061107 130.33269670358317 None 253.42960548751262 96.4188595412186 135.234070969441 178.58171846367753 None 69.99995011265192 None 29.999950112651916 None 1.0 1.0 1.0 1.0 0.0 1.0 1.0 1.0 1.0 0.0 1.0 1.0 1.0 1.0
238.79974133006397 240.8252189876214 5.0 5.0 6.0 5.0 None None 3.0 4.0 5.0 10.0 3.0 None 1.0 None 144.7358551569999 136.4668815680896 150.97189468444373 135.44782918247165 None None 89.39727038435849 116.94965559778556 139.46289870573293 268.00399216119797 89.99990706673618 None 29.999907066736185 None 1.0 1.0 1.0 1.0 0.0 0.0 1.0 1.0 1.0 1.0 1.0 1.0 1.0 1.0
197.0527979866867 291.8456402932448 7.0 7.0 7.0 7.0 None None 4.0 6.0 8.0 None 3.0 None 1.0 None 148.25469740802404 132.38597681084525 154.1041206227454 131.6254443062849 None None 91.35667316636486 126.4438218992735 169.3018683595829 None 69.99994270912953 None 29.999942709129535 None 1.0 1.0 1.0 1.0 0.0 0.0 1.0 1.0 1.0 0.0 1.0 1.0 1.0 1.0
229.99900699312667 250.04020996368305 6.0 5.0 6.0 5.0 None None 4.0 5.0 7.0 None 3.0 None 1.0 None 151.99311743264704 141.83648833204577 158.70565293509958 141.63130368803797 None None 94.92924619450415 126.0059799057268 178.32774291941902 None 59.99997297489466 None 29.99997297489466 None 1.0 1.0 1.0 1.0 0.0 0.0 1.0 1.0 1.0 0.0 1.0 1.0 1.0 1.0
239.23688477154678 240.38517327675774 6.0 5.0 6.0 5.0 None None 4.0 5.0 8.0 None 4.0 None 1.0 None 156.9496185855302 128.17551271455937 159.23374061562052 128.01196608421333 None None 106.36908169882514 137.78464580891807 189.74432638293192 None 89.99996047562348 None 29.99996047562349 None 1.0 1.0 1.0 1.0 0.0 0.0 1.0 1.0 1.0 0.0 1.0 1.0 1.0 1.0
256.1837196774161 224.48342959659865 5.0 5.0 6.0 5.0 None 10.0 3.0 5.0 6.0 10.0 3.0 None 1.0 None 152.980581087514 121.63333600240443 158.1856241842942 121.5062425504725 None 261.0296073509869 94.89241905074488 138.3295122143317 171.8539361748367 275.32097124764414 59.99992981267192 None 29.999929812671922 None 1.0 1.0 1.0 1.0 0.0 1.0 1.0 1.0 1.0 1.0 1.0 1.0 1.0 1.0
227.98449580056064 252.24960933443694 6.0 6.0 6.0 6.0 None None 4.0 6.0 7.0 None 2.0 None 1.0 None 151.99908924938796 135.72306088928076 156.12786702866464 135.58720844585366 None None 105.39146534399954 139.41565644186988 173.67433898461513 None 49.99990306913652 None 29.999903069136522 None 1.0 1.0 1.0 1.0 0.0 0.0 1.0 1.0 1.0 0.0 1.0 1.0 1.0 1.0
232.80966770088645 247.0215286501224 7.0 6.0 7.0 6.0 None None 5.0 6.0 8.0 10.0 4.0 None 2.0 None 156.41474459474944 127.69539611328346 158.24036846583246 127.46365172388414 None None 102.8460041909702 136.93201795456304 179.30810104468893 236.18146465796434 79.9999445084731 None 29.999944508473106 None 1.0 1.0 1.0 1.0 0.0 0.0 1.0 1.0 1.0 1.0 1.0 1.0 1.0 1.0
278.54757042590245 206.46024631292988 6.0 5.0 6.0 5.0 None 9.0 3.0 5.0 6.0 None 2.0 None 1.0 None 150.9955848194556 124.58079792357744 154.0758567945495 124.39293315037519 None 271.6333142719063 91.55020986303124 130.68012110464372 184.8119231003576 None 59.99994163838785 None 29.999941638387853 None 1.0 1.0 1.0 1.0 0.0 1.0 1.0 1.0 1.0 0.0 1.0 1.0 1.0 1.0
244.05707307049175 235.63750591809114 6.0 5.0 6.0 5.0 None None 4.0 6.0 8.0 None 3.0 None 1.0 None 152.93383448308853 123.83488426460451 158.19954340691564 123.692127523192 None None 101.89156756693313 133.25699258299076 185.45655052689173 None 59.99999039538466 None 29.999990395384657 None 1.0 1.0 1.0 1.0 0.0 0.0 1.0 1.0 1.0 0.0 1.0 1.0 1.0 1.0
230.9304733209588 249.03166382927338 6.0 6.0 6.0 6.0 None None 4.0 5.0 6.0 None 3.0 None 1.0 None 145.80565651219607 133.77176644543388 147.4884611617368 133.62102336602908 None None 81.01740479742622 114.67203546812826 137.64498222514166 None 59.999927373204684 None 29.999927373204684 None 1.0 1.0 1.0 1.0 0.0 0.0 1.0 1.0 1.0 0.0 1.0 1.0 1.0 1.0
223.46315298739046 257.35339017276425 6.0 5.0 7.0 5.0 None 10.0 5.0 6.0 8.0 None 2.0 None 1.0 None 158.19402642884782 127.10740285929626 161.51771220620245 126.97980625702621 None 248.3841637337269 111.16732798461376 150.7251627858324 183.0315934103679 None 49.99994275587267 None 29.999942755872667 None 1.0 1.0 1.0 1.0 0.0 1.0 1.0 1.0 1.0 0.0 1.0 1.0 1.0 1.0
220.86912448420873 260.37591326673487 7.0 5.0 7.0 5.0 None None 5.0 6.0 8.0 None 3.0 None 1.0 None 153.1426515393804 110.37316851302975 161.31587947038813 110.1914710499673 None None 108.44346459818556 142.42358560147107 184.85844541221778 None 49.99997791267731 None 29.99997791267731 None 1.0 1.0 1.0 1.0 0.0 0.0 1.0 1.0 1.0 0.0 1.0 1.0 1.0 1.0
225.98658214791132 254.47971049165906 6.0 5.0 6.0 5.0 None 10.0 4.0 5.0 6.0 None 3.0 None 1.0 None 152.80550138350821 110.81417587514042 158.19856317467426 109.62664157159836 None 231.26196894485182 95.99323824708307 131.48876278776217 164.66569268495022 None 59.999927649247205 None 29.999927649247205 None 1.0 1.0 1.0 1.0 0.0 1.0 1.0 1.0 1.0 0.0 1.0 1.0 1.0 1.0
254.10940873660576 226.31590182325877 6.0 5.0 6.0 5.0 None 10.0 5.0 6.0 8.0 None 2.0 None 1.0 None 157.59714864221772 119.9736889210563 163.36245466935804 119.86508673505858 None 264.68906846189054 113.94557322670425 146.5277019134741 187.25950935240056 None 59.99993212270534 None 29.99993212270534 None 1.0 1.0 1.0 1.0 0.0 1.0 1.0 1.0 1.0 0.0 1.0 1.0 1.0 1.0
231.5866662608269 248.32604108230433 6.0 5.0 6.0 5.0 None None 4.0 5.0 7.0 None 2.0 None 1.0 None 152.0047405655349 129.1349819254213 154.46783072430685 128.92288569106 None None 100.77902110863673 132.4241573964366 163.28600281250314 None 59.99991945378459 None 29.999919453784592 None 1.0 1.0 1.0 1.0 0.0 0.0 1.0 1.0 1.0 0.0 1.0 1.0 1.0 1.0
219.4162660405801 262.09998482684944 6.0 5.0 6.0 5.0 None 10.0 4.0 5.0 7.0 None 2.0 None 1.0 None 149.92215617077645 115.62179364958487 151.71414781328028 115.46479009796693 None 237.8021057486043 94.87607666263841 120.90246689708601 159.61574561714644 None 59.99995278740344 None 29.999952787403437 None 1.0 1.0 1.0 1.0 0.0 1.0 1.0 1.0 1.0 0.0 1.0 1.0 1.0 1.0
236.4234343319497 243.24576860369368 7.0 5.0 7.0 5.0 None 9.0 5.0 6.0 9.0 None 3.0 None 1.0 None 153.08224862563907 112.12251432711938 160.52258703909268 111.24581522980228 None 233.0691121772437 106.46099474008341 140.71274657483718 210.30024193322544 None 59.99991841369234 None 29.999918413692342 None 1.0 1.0 1.0 1.0 0.0 1.0 1.0 1.0 1.0 0.0 1.0 1.0 1.0 1.0
216.93112889393066 265.1025710013211 7.0 6.0 7.0 6.0 None None 5.0 7.0 9.0 None 2.0 None 1.0 None 155.13499616603545 121.95082037013611 161.9841575396039 121.6857107128069 None None 109.54791889451744 142.78087667881664 194.52825966781842 None 49.99997386612361 None 29.99997386612361 None 1.0 1.0 1.0 1.0 0.0 0.0 1.0 1.0 1.0 0.0 1.0 1.0 1.0 1.0
191.88523552896493 299.705184932371 7.0 7.0 7.0 7.0 None None 5.0 6.0 7.0 None 4.0 None 1.0 None 146.1845833769592 142.6680389895766 147.70586488315033 142.46133327248205 None None 89.77861162287769 124.03864362740731 146.94550627013442 None 69.99995165819254 None 29.999951658192536 None 1.0 1.0 1.0 1.0 0.0 0.0 1.0 1.0 1.0 0.0 1.0 1.0 1.0 1.0
257.7031884486089 223.15983106847912 6.0 5.0 7.0 5.0 None 10.0 5.0 6.0 8.0 None 2.0 None 1.0 None 164.3875840540983 130.31168089777216 169.52645443224083 130.1855764710814 None 268.33996128196964 117.72283974145722 160.11965258764565 208.952559453066 None 59.99996057951711 None 29.999960579517108 None 1.0 1.0 1.0 1.0 0.0 1.0 1.0 1.0 1.0 0.0 1.0 1.0 1.0 1.0
221.36826883302416 259.78881392155824 6.0 5.0 6.0 5.0 None None 4.0 5.0 6.0 10.0 2.0 None 2.0 None 147.22202168249487 113.91030552168779 154.06250031912617 112.90239461420414 None None 91.35510078120886 122.55879927828359 155.83974938393118 239.2872157099696 59.99999839185476 None 29.99999839185476 None 1.0 1.0 1.0 1.0 0.0 0.0 1.0 1.0 1.0 1.0 1.0 1.0 1.0 1.0
232.8551252857427 246.97330552389252 6.0 5.0 7.0 5.0 None 10.0 5.0 6.0 8.0 None 4.0 None 1.0 None 152.00011222397313 128.22207077243604 156.15170564545724 127.44916285448062 None 253.47132376507489 109.79451367834929 132.55832331265006 180.08259302256457 None 99.99992484556543 None 29.999924845565438 None 1.0 1.0 1.0 1.0 0.0 1.0 1.0 1.0 1.0 0.0 1.0 1.0 1.0 1.0
222.74688960448046 258.18093398348054 7.0 5.0 7.0 5.0 None 10.0 5.0 6.0 8.0 None 2.0 None 1.0 None 156.0540584729007 108.66997179729472 158.2481260048431 107.83291471416211 None 225.3442555861462 111.94788441718697 145.78496488328423 181.72279722905566 None 59.9999601671444 None 29.9999601671444 None 1.0 1.0 1.0 1.0 0.0 1.0 1.0 1.0 1.0 0.0 1.0 1.0 1.0 1.0
232.54672401521947 247.3008391906489 6.0 5.0 7.0 5.0 None 10.0 4.0 6.0 7.0 None 2.0 None 1.0 None 151.994148962051 124.73142664454207 158.21405550154424 122.97426695962443 None 260.7771230834369 101.7363525171962 132.18106624785807 171.60721557826008 None 39.999952318755284 None 29.999952318755284 None 1.0 1.0 1.0 1.0 0.0 1.0 1.0 1.0 1.0 0.0 1.0 1.0 1.0 1.0
230.53410521228557 249.45983565877717 6.0 5.0 7.0 5.0 None 10.0 4.0 5.0 7.0 None 2.0 None 1.0 2.0 150.6350118989186 132.18601509547344 156.1166431744465 130.7710686786392 None 252.45179067070433 98.96124049332059 130.0099154803966 169.49489041987286 None 59.99994182370636 None 29.999941823706358 39.99994182370636 1.0 1.0 1.0 1.0 0.0 1.0 1.0 1.0 1.0 0.0 1.0 1.0 1.0 1.0
236.40410645633145 243.2656558384406 7.0 5.0 7.0 5.0 None 10.0 5.0 7.0 9.0 None 3.0 None 2.0 None 164.35016873245573 119.68312365569213 166.63428679715267 119.46053995280371 None 252.86054972310805 103.89062723718337 164.35016873245573 205.7386532081002 None 59.999979720872055 None 29.999979720872055 None 1.0 1.0 1.0 1.0 0.0 1.0 1.0 1.0 1.0 0.0 1.0 1.0 1.0 1.0
252.68941217451155 227.58769156613226 5.0 5.0 6.0 5.0 None 10.0 4.0 5.0 6.0 10.0 3.0 None 1.0 None 152.5500244746684 130.97826481414364 154.07146252661448 130.27932346004792 None 270.0924309315249 104.40570835480878 131.69018384885936 162.91992149099835 256.8092431451299 79.99995413026917 None 29.999954130269167 None 1.0 1.0 1.0 1.0 0.0 1.0 1.0 1.0 1.0 1.0 1.0 1.0 1.0 1.0
205.2136351588004 280.2396631953712 7.0 6.0 7.0 6.0 None None 4.0 6.0 7.0 None 4.0 None 1.0 None 147.5771422326894 122.81408896639542 154.1056483664431 122.49725449647369 None None 100.66801012154318 133.84846521160694 157.24019954468315 None 89.99995023703809 None 29.9999502370381 None 1.0 1.0 1.0 1.0 0.0 0.0 1.0 1.0 1.0 0.0 1.0 1.0 1.0 1.0
252.76312570376692 227.52131997053772 6.0 4.0 6.0 4.0 None 10.0 4.0 5.0 7.0 None 3.0 None 1.0 None 153.94256925909278 120.94550691312682 160.25259064816578 119.91363829136273 None 255.35329823303326 99.24060313755231 141.15310605232136 192.5609831073522 None 79.99997713327778 None 29.99997713327778 None 1.0 1.0 1.0 1.0 0.0 1.0 1.0 1.0 1.0 0.0 1.0 1.0 1.0 1.0
249.04649982047442 230.91671652263918 6.0 5.0 6.0 5.0 None 10.0 3.0 5.0 7.0 None 2.0 None 1.0 None 154.0607038263144 125.75071766688541 158.1893149488688 125.66929567034984 None 266.9265320515621 94.45156229809402 133.73983473803574 184.40484094736433 None 59.999917840832445 None 29.999917840832445 None 1.0 1.0 1.0 1.0 0.0 1.0 1.0 1.0 1.0 0.0 1.0 1.0 1.0 1.0
224.37911115087508 256.3028247372381 6.0 5.0 6.0 5.0 None 10.0 3.0 5.0 6.0 None 2.0 None 1.0 None 151.101522691507 116.57795277219051 154.06488436345353 116.32163252781748 None 230.97412816476492 93.00260822104195 129.54031313488895 164.64294239554224 None 49.99992419025642 None 29.999924190256422 None 1.0 1.0 1.0 1.0 0.0 1.0 1.0 1.0 1.0 0.0 1.0 1.0 1.0 1.0
241.17187265461945 238.45649729791765 6.0 5.0 6.0 5.0 None None 4.0 5.0 7.0 None 2.0 None 1.0 None 156.11899366717762 141.02038953451594 161.57388949251657 140.85126547226747 None None 110.41929062264543 141.5921196854251 182.83363163362742 None 49.99994257115487 None 29.999942571154868 None 1.0 1.0 1.0 1.0 0.0 0.0 1.0 1.0 1.0 0.0 1.0 1.0 1.0 1.0
222.92243802095064 257.9776199764835 6.0 5.0 6.0 5.0 None 10.0 4.0 6.0 7.0 None 2.0 None 1.0 None 157.76565242149758 134.8168939296448 160.0488439920401 134.742708670724 None 246.09379889451853 105.5116453974114 147.7394497012626 180.88859165503953 None 59.99991368523822 None 29.99991368523822 None 1.0 1.0 1.0 1.0 0.0 1.0 1.0 1.0 1.0 0.0 1.0 1.0 1.0 1.0
219.58217730423982 261.9019480816924 6.0 5.0 7.0 5.0 None None 5.0 6.0 7.0 None 3.0 None 1.0 None 154.06746635487542 117.90514093961951 159.91798639446645 117.76645734804447 None None 107.98155155349372 139.553359193403 171.5207151267151 None 59.9999911403137 None 29.999991140313703 None 1.0 1.0 1.0 1.0 0.0 0.0 1.0 1.0 1.0 0.0 1.0 1.0 1.0 1.0
266.4376432703864 215.8441250797234 6.0 5.0 6.0 5.0 None 10.0 4.0 5.0 6.0 None 2.0 None 1.0 None 147.86780399648376 139.71009374696243 156.11280441192815 139.56767304975338 None 295.39270412868575 101.29676722629591 133.26243289428385 168.1239347253807 None 39.99998490220972 None 29.999984902209718 None 1.0 1.0 1.0 1.0 0.0 1.0 1.0 1.0 1.0 0.0 1.0 1.0 1.0 1.0
220.3896854793279 260.9423389072091 6.0 5.0 6.0 5.0 None None 4.0 5.0 8.0 None 2.0 None 1.0 None 156.1328890148922 122.81321054727765 160.66176793799258 122.67437411763207 None None 106.28797637585033 149.28364027492177 188.28986191778534 None 59.99992542485667 None 29.99992542485667 None 1.0 1.0 1.0 1.0 0.0 0.0 1.0 1.0 1.0 0.0 1.0 1.0 1.0 1.0
224.75426234446812 255.87501389343717 7.0 6.0 7.0 6.0 None None 4.0 6.0 8.0 9.0 2.0 None 1.0 None 151.22594136922808 123.50214862751176 153.50972839586282 121.37176033924902 None None 90.63380547912939 131.13378337610342 162.4060412172768 193.30530642949225 39.99995836819543 None 29.99995836819543 None 1.0 1.0 1.0 1.0 0.0 0.0 1.0 1.0 1.0 1.0 1.0 1.0 1.0 1.0
235.1232545937807 244.59086405280297 6.0 6.0 6.0 6.0 None None 4.0 5.0 6.0 None 4.0 None 1.0 None 152.00571258972383 140.5457066296666 157.60244790198902 140.31916495682265 None None 92.77193359555339 125.80191870293841 168.8115895373461 None 89.99993391059316 None 29.999933910593157 None 1.0 1.0 1.0 1.0 0.0 0.0 1.0 1.0 1.0 0.0 1.0 1.0 1.0 1.0
260.8834049686135 220.43947182810967 6.0 5.0 6.0 5.0 None 9.0 4.0 5.0 6.0 None 1.0 None 1.0 None 156.1285610921176 116.23624333135531 163.3509280632308 116.17521536827347 None 249.6360872574196 108.51294163279188 142.3543850244003 178.50002038070602 None 49.99991043190674 None 29.99991043190674 None 1.0 1.0 1.0 1.0 0.0 1.0 1.0 1.0 1.0 0.0 1.0 1.0 1.0 1.0
233.56521068453887 246.2224568096043 7.0 5.0 7.0 5.0 None None 5.0 6.0 8.0 None 3.0 None 1.0 None 161.30159013374416 132.34095349006904 165.45172971737915 132.26864598460799 None None 113.28105254084332 153.0164021667432 196.1716597797927 None 59.99997154454163 None 29.99997154454163 None 1.0 1.0 1.0 1.0 0.0 0.0 1.0 1.0 1.0 0.0 1.0 1.0 1.0 1.0
230.4063758768802 249.59812757408446 6.0 5.0 6.0 5.0 None 10.0 5.0 6.0 8.0 None 3.0 None 2.0 None 160.77043458788597 122.81667921369484 163.3418615607887 122.60235099298879 None 243.27501655311113 120.43963864137046 151.84040118548504 201.89680616723712 None 89.99995953395307 None 29.99995953395308 None 1.0 1.0 1.0 1.0 0.0 1.0 1.0 1.0 1.0 0.0 1.0 1.0 1.0 1.0
245.81054099653917 233.95660644516332 6.0 5.0 6.0 5.0 None 10.0 4.0 5.0 7.0 None 3.0 None 1.0 None 154.07702568304398 134.72779265300264 161.55632972714977 133.39033202232642 None 256.4098219343376 106.7097871892866 141.83705239542687 193.3294544090144 None 79.99991479624262 None 29.999914796242628 None 1.0 1.0 1.0 1.0 0.0 1.0 1.0 1.0 1.0 0.0 1.0 1.0 1.0 1.0
222.61906760852997 258.3291746649848 7.0 6.0 7.0 6.0 None None 5.0 7.0 8.0 None 3.0 None 1.0 None 159.28176782591834 131.49415164437522 163.05233936564673 131.3254087287848 None None 119.27946340168391 151.43457062780607 193.38622516972367 None 59.99995931386296 None 29.99995931386296 None 1.0 1.0 1.0 1.0 0.0 0.0 1.0 1.0 1.0 0.0 1.0 1.0 1.0 1.0
244.401178968583 235.3057388785862 6.0 5.0 6.0 4.0 None 10.0 4.0 6.0 8.0 None 2.0 None 1.0 None 159.87785707640379 117.85985549195337 165.4217706845599 116.43922698313474 None 258.15639889953013 111.82315329630151 150.77403215859536 202.15924232096467 None 49.99993357380999 None 29.99993357380999 None 1.0 1.0 1.0 1.0 0.0 1.0 1.0 1.0 1.0 0.0 1.0 1.0 1.0 1.0
235.4209533779375 244.28156956648132 6.0 5.0 7.0 5.0 None None 4.0 6.0 8.0 None 2.0 None 1.0 None 156.66270035124796 122.02512289174996 163.34649993477808 121.47479597467574 None None 93.96844358103831 146.286991088438 187.58104878083125 None 39.99997003141544 None 29.999970031415437 None 1.0 1.0 1.0 1.0 0.0 0.0 1.0 1.0 1.0 0.0 1.0 1.0 1.0 1.0
223.66042371217708 257.126401915463 6.0 5.0 7.0 5.0 None None 4.0 6.0 8.0 None 2.0 None 1.0 None 152.90479941094486 130.4469708014323 158.20962416030045 130.36507411233757 None None 98.49780800009091 141.08796534398402 182.74083728561376 None 49.99993616961581 None 29.999936169615808 None 1.0 1.0 1.0 1.0 0.0 0.0 1.0 1.0 1.0 0.0 1.0 1.0 1.0 1.0
191.77371409151695 299.8794713469227 8.0 6.0 8.0 6.0 None None 5.0 7.0 9.0 None 2.0 None 1.0 None 154.40381028171615 125.05374386433346 161.37817864929994 124.97016905075088 None None 102.25295671282746 143.45730222925698 186.68555485855705 None 59.99998244019088 None 29.999982440190877 None 1.0 1.0 1.0 1.0 0.0 0.0 1.0 1.0 1.0 0.0 1.0 1.0 1.0 1.0
249.74542950543577 230.27048028019388 6.0 5.0 6.0 5.0 None 10.0 4.0 6.0 8.0 None 3.0 None 1.0 1.0 158.18026825420344 121.43607003245937 160.2458794850263 121.22759735166672 None 252.69912365550016 105.64456564396279 140.77864607629482 199.52315172703982 None 59.999970227060444 None 29.999970227060444 39.999970227060444 1.0 1.0 1.0 1.0 0.0 1.0 1.0 1.0 1.0 0.0 1.0 1.0 1.0 1.0
261.646127887162 219.79687016351124 6.0 4.0 6.0 4.0 None 8.0 3.0 5.0 6.0 10.0 1.0 None 1.0 None 153.4611135210307 108.10173771285105 155.7432709375799 107.91316386295017 None 226.33152686119453 94.22555148542813 130.94738632329663 164.85938180689908 262.42780913423115 39.99998363011493 None 29.999983630114933 None 1.0 1.0 1.0 1.0 0.0 1.0 1.0 1.0 1.0 1.0 1.0 1.0 1.0 1.0
191.0354482987371 301.03837016713607 7.0 6.0 7.0 6.0 None None 5.0 6.0 8.0 None 3.0 None 1.0 None 151.0063248135752 133.66542341426026 154.10180237163797 133.42087665614554 None None 94.46925921775438 130.68455322531878 161.75554303295672 None 59.9999681800975 None 29.999968180097497 None 1.0 1.0 1.0 1.0 0.0 0.0 1.0 1.0 1.0 0.0 1.0 1.0 1.0 1.0
240.0959668872706 239.5250563579917 6.0 4.0 6.0 4.0 None 10.0 3.0 5.0 6.0 None 2.0 None 0.0 None 154.05306836258427 114.60012204871437 156.49712950927295 114.48160629160118 None 243.68770298316633 96.13388374947884 134.9398044651967 169.52169767437226 None 59.99993326681785 None 29.999933266817848 None 1.0 1.0 1.0 1.0 0.0 1.0 1.0 1.0 1.0 0.0 1.0 1.0 1.0 1.0
265.09558338509294 216.93684695025323 5.0 4.0 6.0 4.0 None 9.0 4.0 5.0 7.0 None 2.0 None 1.0 None 165.35868646495533 123.1074721388571 172.63092189218784 123.06016645146042 None 257.37446252668354 123.99531903205462 165.17504605187142 217.12541215630634 None 69.9999542696086 None 29.9999542696086 None 1.0 1.0 1.0 1.0 0.0 1.0 1.0 1.0 1.0 0.0 1.0 1.0 1.0 1.0
204.6244484587752 281.0465730422535 7.0 6.0 8.0 6.0 None None 5.0 7.0 8.0 None 3.0 None 1.0 None 152.76471232249665 126.09308388757287 158.23091964437293 125.75868888394257 None None 103.8224822778725 141.31317531740595 172.31779118597618 None 79.99998149285273 None 29.999981492852726 None 1.0 1.0 1.0 1.0 0.0 0.0 1.0 1.0 1.0 0.0 1.0 1.0 1.0 1.0
236.54147237243325 243.12438501039003 6.0 4.0 7.0 4.0 None 10.0 4.0 6.0 8.0 None 2.0 None 1.0 None 157.54369321257616 110.87477442058511 163.38136895839918 109.46806548408108 None 239.83123084096934 105.6536900105882 146.12119311292957 189.3662335882986 None 49.99998614163985 None 29.99998614163985 None 1.0 1.0 1.0 1.0 0.0 1.0 1.0 1.0 1.0 0.0 1.0 1.0 1.0 1.0
250.16363907536612 229.88552697969996 6.0 5.0 6.0 5.0 None 10.0 3.0 5.0 7.0 9.0 2.0 None 1.0 2.0 157.116331261334 128.18716079049307 160.25584584580787 128.06967781518466 None 263.4438361636776 97.76610248006875 145.69379316955425 177.70191267285918 249.92452233297985 39.99997585386285 None 29.99997585386285 59.99997585386285 1.0 1.0 1.0 1.0 0.0 1.0 1.0 1.0 1.0 1.0 1.0 1.0 1.0 1.0
233.81327830419423 245.96122349039567 6.0 5.0 6.0 5.0 None 10.0 4.0 5.0 7.0 None 4.0 None 2.0 None 152.60699295509664 127.20515976217759 158.18489264140362 127.13759828439258 None 260.5185372669538 102.50479268718355 133.69498814104702 183.48583843252823 None 99.99997857126526 None 29.99997857126526 None 1.0 1.0 1.0 1.0 0.0 1.0 1.0 1.0 1.0 0.0 1.0 1.0 1.0 1.0
252.13085507790572 228.09187706213243 6.0 5.0 6.0 5.0 None 10.0 4.0 6.0 7.0 None 2.0 None 1.0 None 158.18078534895733 111.67237336688522 161.4098924543241 111.55666209969634 None 256.92516623469965 110.1715351477856 142.6086443979499 181.62083761236687 None 59.999992898596915 None 29.999992898596915 None 1.0 1.0 1.0 1.0 0.0 1.0 1.0 1.0 1.0 0.0 1.0 1.0 1.0 1.0
220.8379111533973 260.412714916749 6.0 6.0 7.0 6.0 None None 4.0 6.0 8.0 None 4.0 None 1.0 None 154.05578093830434 123.2875191880621 158.18423404855884 123.09333371327995 None None 93.9021553385941 133.85259969876495 190.51266472805082 None 89.99992806886169 None 29.999928068861692 None 1.0 1.0 1.0 1.0 0.0 0.0 1.0 1.0 1.0 0.0 1.0 1.0 1.0 1.0
238.32765415784192 241.30225341752572 6.0 5.0 6.0 5.0 None None 4.0 5.0 7.0 None 2.0 None 1.0 None 156.24030889700649 134.1093063745291 158.52293584433306 134.04114905440963 None None 111.70690416277651 146.00889857220616 177.7774909308413 None 59.99997650953012 None 29.99997650953012 None 1.0 1.0 1.0 1.0 0.0 0.0 1.0 1.0 1.0 0.0 1.0 1.0 1.0 1.0
230.9023005440717 249.06204860017587 7.0 5.0 7.0 5.0 None None 4.0 5.0 8.0 None 3.0 None 1.0 None 155.12562805749081 136.83228259932565 158.89429080010223 136.64716833908517 None None 106.53585597073153 138.76284509651657 199.99972998542273 None 89.99992753873572 None 29.99992753873572 None 1.0 1.0 1.0 1.0 0.0 0.0 1.0 1.0 1.0 0.0 1.0 1.0 1.0 1.0
215.6541974372117 266.6722961269692 6.0 5.0 7.0 5.0 None 10.0 4.0 5.0 7.0 None 3.0 None 1.0 None 152.759448369115 127.71202600430655 160.24848064095391 127.61492292031542 None 240.9036716719563 107.07017946990479 139.83212502859004 177.35512062234616 None 79.99993345795022 None 29.99993345795022 None 1.0 1.0 1.0 1.0 0.0 1.0 1.0 1.0 1.0 0.0 1.0 1.0 1.0 1.0
226.16932547548 254.27409255918215 6.0 6.0 6.0 6.0 None 10.0 5.0 6.0 7.0 None 2.0 None 1.0 None 156.12539322429296 130.92844527433164 158.18960964832283 129.72786780982332 None 255.31250064252205 103.02925095919198 138.09782124288932 178.67261236919114 None 39.999943033278406 None 29.999943033278406 None 1.0 1.0 1.0 1.0 0.0 1.0 1.0 1.0 1.0 0.0 1.0 1.0 1.0 1.0
217.91820327020986 263.9017720272369 8.0 6.0 8.0 6.0 None None 5.0 7.0 8.0 None 3.0 None 1.0 None 153.06964958986674 125.23298453481164 156.20942567296154 125.01822106101355 None None 98.06928914964212 137.35394364250544 177.38475184277365 None 59.99990905812076 None 29.999909058120757 None 1.0 1.0 1.0 1.0 0.0 0.0 1.0 1.0 1.0 0.0 1.0 1.0 1.0 1.0
183.28907604416275 313.76119756391506 7.0 5.0 8.0 5.0 None None 5.0 6.0 8.0 None 3.0 None 1.0 3.0 153.06076458150005 116.10118559559085 155.81902982604265 115.92018348003778 None None 104.15058812981927 136.34709718805038 166.58508233144988 None 59.999947267832354 None 29.999947267832354 69.99994726783235 1.0 1.0 1.0 1.0 0.0 0.0 1.0 1.0 1.0 0.0 1.0 1.0 1.0 1.0
231.58940066510806 248.32310906646978 7.0 5.0 7.0 5.0 None 10.0 5.0 6.0 8.0 None 4.0 None 1.0 None 155.13365387797984 116.28937771602236 160.93262797132468 116.09233935146477 None 247.9197051957901 103.3784327289213 135.4272575213245 173.89247785655863 None 89.99997121784585 None 29.999971217845847 None 1.0 1.0 1.0 1.0 0.0 1.0 1.0 1.0 1.0 0.0 1.0 1.0 1.0 1.0
231.09227571076462 248.8573009336683 6.0 6.0 6.0 6.0 None None 5.0 6.0 7.0 None 3.0 None 2.0 None 156.13613971688983 131.07755700128064 162.75046911761467 130.94585924135268 None None 114.19356232731937 150.61198423354693 175.30443114512263 None 79.99997847121529 None 29.99997847121528 None 1.0 1.0 1.0 1.0 0.0 0.0 1.0 1.0 1.0 0.0 1.0 1.0 1.0 1.0
241.14761267156177 238.48048654881816 6.0 5.0 6.0 5.0 None 10.0 4.0 5.0 6.0 None 2.0 None 1.0 None 153.22846829284475 121.88390981932059 156.12360276926344 121.69059492593564 None 254.3211350504273 99.44329554583649 133.58459557584303 163.86170880861974 None 59.99999352103197 None 29.999993521031968 None 1.0 1.0 1.0 1.0 0.0 1.0 1.0 1.0 1.0 0.0 1.0 1.0 1.0 1.0
217.58151686964706 264.31013455271386 7.0 6.0 7.0 6.0 None None 5.0 5.0 8.0 None 3.0 None 1.0 None 151.0001587049225 134.47038104644096 154.11528365239386 134.429875760565 None None 103.90378415225274 128.81763669130413 174.06082828827405 None 79.99997858952301 None 29.999978589523003 None 1.0 1.0 1.0 1.0 0.0 0.0 1.0 1.0 1.0 0.0 1.0 1.0 1.0 1.0
236.39279538043772 243.27729577142205 6.0 5.0 6.0 5.0 None 10.0 4.0 5.0 7.0 10.0 2.0 None 1.0 None 149.75667857777867 117.45678525275298 151.2781324710622 117.32840290845468 None 265.02018617993883 85.46425755370896 118.87777934902607 158.86910364882908 244.22374675516093 59.999945094234846 None 29.999945094234846 None 1.0 1.0 1.0 1.0 0.0 1.0 1.0 1.0 1.0 1.0 1.0 1.0 1.0 1.0
216.61136802782556 265.49391439424585 7.0 6.0 7.0 6.0 None None 5.0 6.0 8.0 None 2.0 None 1.0 None 151.00735509799105 124.76941966519917 155.33733796230302 124.59551961129034 None None 97.48805374706151 127.63987704298756 165.21522507263097 None 59.99992822972518 None 29.999928229725178 None 1.0 1.0 1.0 1.0 0.0 0.0 1.0 1.0 1.0 0.0 1.0 1.0 1.0 1.0
258.40487861059967 222.55384770293963 6.0 5.0 6.0 5.0 None 9.0 4.0 5.0 6.0 9.0 3.0 None 1.0 3.0 149.92606135140247 118.89734771685539 154.05456038356755 118.78460453191241 None 257.692688588019 86.30208101058176 119.30898944188905 170.71461026918712 257.31449809992324 69.99995466291759 None 29.99995466291758 69.99995466291759 1.0 1.0 1.0 1.0 0.0 1.0 1.0 1.0 1.0 1.0 1.0 1.0 1.0 1.0
235.64607198385258 244.0482012530247 6.0 6.0 6.0 6.0 None 10.0 3.0 5.0 7.0 None 3.0 None 1.0 None 151.98071507478312 140.2884761715706 156.11019147496947 139.53094383699113 None 262.26603451499653 94.26308563787833 125.70719589338069 167.2779807499592 None 79.99995915245185 None 29.999959152451858 None 1.0 1.0 1.0 1.0 0.0 1.0 1.0 1.0 1.0 0.0 1.0 1.0 1.0 1.0
210.9870672889208 272.5712089321973 7.0 5.0 7.0 5.0 None None 5.0 7.0 9.0 None 2.0 None 1.0 2.0 155.15312706901574 124.65891216358973 163.40919358618493 124.45407335416537 None None 112.58391068282226 151.81814183048647 190.11345886653123 None 49.999986653894254 None 29.999986653894254 39.999986653894254 1.0 1.0 1.0 1.0 0.0 0.0 1.0 1.0 1.0 0.0 1.0 1.0 1.0 1.0
253.61353916969054 226.75839857871802 6.0 5.0 6.0 5.0 None 10.0 4.0 5.0 6.0 None 3.0 None 1.0 None 154.0522431322134 128.88489248258765 160.80957078590376 127.80458246687115 None 255.97063072055963 105.32108894240446 136.29911893717247 182.13940693008885 None 79.99993648964531 None 29.9999364896453 None 1.0 1.0 1.0 1.0 0.0 1.0 1.0 1.0 1.0 0.0 1.0 1.0 1.0 1.0
242.90029919851818 236.759691897287 6.0 6.0 7.0 6.0 None None 5.0 6.0 8.0 10.0 3.0 None 2.0 2.0 160.25276331479498 136.51440481439911 163.7003104747634 136.44769533475463 None None 115.71085109805213 153.5943928706533 205.19983497844535 269.22068834744096 79.99999995459322 None 29.99999995459323 39.99999995459323 1.0 1.0 1.0 1.0 0.0 0.0 1.0 1.0 1.0 1.0 1.0 1.0 1.0 1.0
241.4769816591455 238.15520471088325 5.0 4.0 6.0 4.0 None 10.0 4.0 5.0 7.0 None 2.0 None 1.0 None 157.12207775483947 129.2139207666332 165.42332133038036 128.9810801603951 None 268.4751554210337 111.62228501501389 142.68825557587618 197.3587166975094 None 59.99993586324637 None 29.99993586324637 None 1.0 1.0 1.0 1.0 0.0 1.0 1.0 1.0 1.0 0.0 1.0 1.0 1.0 1.0
244.2381934045933 235.46276361753687 7.0 5.0 7.0 5.0 None 10.0 4.0 6.0 8.0 None 2.0 None 1.0 None 157.20126633461962 114.96825396557232 161.04978543326075 114.7992475330115 None 260.28880360710684 97.97608416167627 148.15242548537788 180.0746570249891 None 39.9999839476295 None 29.999983947629502 None 1.0 1.0 1.0 1.0 0.0 1.0 1.0 1.0 1.0 0.0 1.0 1.0 1.0 1.0
230.79641398067113 249.17631521266313 6.0 5.0 6.0 5.0 None None 4.0 5.0 7.0 None 3.0 None 1.0 None 157.10952931541826 130.3259819761091 160.88023559413983 130.24958928666476 None None 104.96441167049082 146.608881696874 180.580609543146 None 69.99996006285923 None 29.99996006285923 None 1.0 1.0 1.0 1.0 0.0 0.0 1.0 1.0 1.0 0.0 1.0 1.0 1.0 1.0
242.60095561922049 237.05182798316952 6.0 5.0 6.0 5.0 None None 4.0 6.0 7.0 None 2.0 None 1.0 None 153.30551908452924 133.8981261666371 158.18166025344772 133.7262804711251 None None 107.9609186902655 140.36783507191012 176.30996402983726 None 59.99991068899327 None 29.999910688993268 None 1.0 1.0 1.0 1.0 0.0 0.0 1.0 1.0 1.0 0.0 1.0 1.0 1.0 1.0
257.1332127567708 223.65449948466716 6.0 4.0 6.0 4.0 None 10.0 3.0 5.0 6.0 None 2.0 None 1.0 None 152.00076695520764 121.96556619558697 158.19208600312092 121.76615292380691 None 269.5981355409338 99.57257932385014 132.23875786484535 171.0903360353372 None 59.99999038377397 None 29.99999038377397 None 1.0 1.0 1.0 1.0 0.0 1.0 1.0 1.0 1.0 0.0 1.0 1.0 1.0 1.0
250.17159155827528 229.87821935251102 6.0 5.0 6.0 5.0 None 10.0 4.0 6.0 8.0 None 2.0 None 1.0 None 158.34056836013718 127.69119930579448 165.40694594721185 127.59631268489217 None 269.1527399769388 105.43803162837791 149.1154703565025 188.4690918264966 None 49.999962085909445 None 29.999962085909445 None 1.0 1.0 1.0 1.0 0.0 1.0 1.0 1.0 1.0 0.0 1.0 1.0 1.0 1.0
271.2880579021607 211.98500385424435 5.0 3.0 5.0 3.0 None 9.0 3.0 5.0 6.0 None 2.0 None 1.0 None 159.1567624371348 113.36275629281877 164.7736657928725 113.3114725939576 None 248.06153039742844 104.1079383501932 152.95469539643867 186.6248447220819 None 49.99997759283509 None 29.999977592835087 None 1.0 1.0 1.0 1.0 0.0 1.0 1.0 1.0 1.0 0.0 1.0 1.0 1.0 1.0
208.87325404712416 275.32965032959805 7.0 6.0 7.0 6.0 None None 4.0 5.0 7.0 10.0 4.0 None 1.0 None 149.29791616885734 132.5717590822522 152.0467135737048 132.39257596242763 None None 86.55524541551952 126.1139510886374 159.68188251852837 223.56410892132826 89.999926835634 None 29.999926835634 None 1.0 1.0 1.0 1.0 0.0 0.0 1.0 1.0 1.0 1.0 1.0 1.0 1.0 1.0
229.56852895184886 250.50907571073165 6.0 5.0 6.0 5.0 None 10.0 4.0 6.0 7.0 None 2.0 None 1.0 None 154.69985288918008 130.2831458555723 156.9828110139864 127.4319694899899 None 257.9334809275888 96.45397370813451 133.7748141699546 170.40889734674317 None 59.999983910567224 None 29.999983910567224 None 1.0 1.0 1.0 1.0 0.0 1.0 1.0 1.0 1.0 0.0 1.0 1.0 1.0 1.0
237.69336682409795 241.94617110438267 6.0 4.0 6.0 4.0 None 10.0 4.0 5.0 7.0 10.0 1.0 None 1.0 1.0 154.05011075682478 104.4391929635199 160.9779105375396 103.40732427169746 None 238.0571629935123 101.35570277503138 140.8573608320488 172.44882142249273 247.00702296076076 39.99991369069675 None 29.99991369069675 39.99991369069675 1.0 1.0 1.0 1.0 0.0 1.0 1.0 1.0 1.0 1.0 1.0 1.0 1.0 1.0
218.28750446911192 263.45530010920817 6.0 5.0 7.0 5.0 None None 4.0 6.0 7.0 None 1.0 None 1.0 None 155.94394533536857 129.28134977281834 161.33489447947534 129.1064757797472 None None 105.0388671911409 143.7646205795062 175.40481956393128 None 39.99994121867241 None 29.99994121867241 None 1.0 1.0 1.0 1.0 0.0 0.0 1.0 1.0 1.0 0.0 1.0 1.0 1.0 1.0
211.84869026100154 271.4626176312341 7.0 5.0 7.0 5.0 None None 5.0 5.0 8.0 None 3.0 None 1.0 None 151.98908907816727 135.716048707632 156.16189689594273 135.5511660851798 None None 104.10399891748892 135.78355028185956 175.33124911622235 None 79.99997241390577 None 29.99997241390576 None 1.0 1.0 1.0 1.0 0.0 0.0 1.0 1.0 1.0 0.0 1.0 1.0 1.0 1.0
260.1081805955289 221.09646789397652 6.0 5.0 6.0 5.0 None 9.0 4.0 6.0 8.0 10.0 2.0 None 1.0 None 158.17650719831397 108.75672761626149 163.02620981106062 108.57628487631169 None 252.91983130059648 107.72499403665199 141.72107959612566 195.56936523107308 273.2586453272071 49.99993558581153 None 29.999935585811528 None 1.0 1.0 1.0 1.0 0.0 1.0 1.0 1.0 1.0 1.0 1.0 1.0 1.0 1.0
247.89538118715458 231.98899360122485 6.0 5.0 6.0 5.0 None 10.0 5.0 6.0 9.0 None 2.0 None 1.0 None 163.58607774428333 138.60130623497378 170.57236128340077 138.5353364569377 None 270.8268886127928 112.92146735802422 162.82555459626997 215.14914336834258 None 49.99995047528185 None 29.99995047528185 None 1.0 1.0 1.0 1.0 0.0 1.0 1.0 1.0 1.0 0.0 1.0 1.0 1.0 1.0
229.27161609350316 250.83349164576165 6.0 5.0 7.0 5.0 None None 4.0 6.0 8.0 10.0 2.0 None 1.0 None 154.06109638519732 129.92509287050254 158.7037552050904 129.14276633645645 None None 100.03691334890038 140.19155960069074 178.40669857562142 250.49887736947449 59.99999409456421 None 29.999994094564208 None 1.0 1.0 1.0 1.0 0.0 0.0 1.0 1.0 1.0 1.0 1.0 1.0 1.0 1.0
243.77102300254575 235.91401181181172 6.0 5.0 6.0 5.0 None None 4.0 5.0 8.0 None 2.0 None 1.0 None 158.17925107384218 125.10637670762812 163.3397785104014 124.07523803513219 None None 94.39762290597731 143.7888622563446 201.52646272867628 None 59.99998693538022 None 29.99998693538022 None 1.0 1.0 1.0 1.0 0.0 0.0 1.0 1.0 1.0 0.0 1.0 1.0 1.0 1.0
224.04850310340257 256.68102756061944 6.0 5.0 7.0 5.0 None 10.0 4.0 6.0 7.0 None 2.0 None 1.0 None 154.05904133585267 112.73530208106033 157.9640315539226 112.15280791858828 None 233.8251367177647 104.83394525828294 137.7769533468804 169.38603115431 None 39.9999323093455 None 29.999932309345503 None 1.0 1.0 1.0 1.0 0.0 1.0 1.0 1.0 1.0 0.0 1.0 1.0 1.0 1.0
257.8478362235957 223.03464261042086 5.0 4.0 6.0 4.0 None 9.0 3.0 5.0 6.0 9.0 1.0 None 1.0 None 157.10762173533746 112.48464867543413 161.4371016482455 111.65130442596973 None 245.564801376174 102.82623773729546 139.53678360232118 181.37767962649883 237.90303460887884 39.99994406078684 None 29.999944060786838 None 1.0 1.0 1.0 1.0 0.0 1.0 1.0 1.0 1.0 1.0 1.0 1.0 1.0 1.0
234.34549033515074 245.40263146413923 6.0 5.0 6.0 5.0 None None 4.0 5.0 7.0 None 2.0 None 1.0 1.0 154.05414818252214 129.54761485410268 160.24617801407868 129.4164614959823 None None 104.82071077228909 141.22199999415332 183.20626263869164 None 59.99994603230639 None 29.99994603230639 29.99994603230639 1.0 1.0 1.0 1.0 0.0 0.0 1.0 1.0 1.0 0.0 1.0 1.0 1.0 1.0
216.72728233669986 265.3519177648158 8.0 6.0 8.0 6.0 None None 4.0 7.0 9.0 None 3.0 None 1.0 None 154.14618919989252 124.12169943861917 158.88816018950934 123.09390569609647 None None 94.43980939705637 138.5966370646561 182.42875111652646 None 79.99991556673152 None 29.999915566731524 None 1.0 1.0 1.0 1.0 0.0 0.0 1.0 1.0 1.0 0.0 1.0 1.0 1.0 1.0
252.35906689520795 227.88561040242158 5.0 4.0 5.0 4.0 None 9.0 3.0 5.0 6.0 9.0 2.0 None 1.0 None 155.06048777238323 121.79226742662655 163.31654913033987 121.64347254019779 None 251.23111428515887 108.36435314957697 143.42663366608824 177.44584064256873 245.97184129802724 59.999985168422036 None 29.999985168422036 None 1.0 1.0 1.0 1.0 0.0 1.0 1.0 1.0 1.0 1.0 1.0 1.0 1.0 1.0
219.0307105826237 262.561354282354 6.0 5.0 6.0 5.0 None None 4.0 5.0 7.0 None 3.0 None 2.0 None 152.0020160358583 122.0258028445812 158.19289093382045 119.96148352512759 None None 93.20612253396712 135.81438779597727 169.17018799934564 None 79.99997476150756 None 29.999974761507566 None 1.0 1.0 1.0 1.0 0.0 0.0 1.0 1.0 1.0 0.0 1.0 1.0 1.0 1.0
