204.84640066052674 531.5592543920269 7.0 6.0 2.0 138.3243934019112 118.1998852477654 59.99997362116585 1.0 1.0 1.0
198.19289499428254 549.4041549932514 5.0 5.0 2.0 118.2616233744954 101.55266338433984 49.999933175427714 1.0 1.0 1.0
225.95279954857386 481.9059565428928 5.0 5.0 2.0 134.38704977059865 131.002383543542 49.99996590445602 1.0 1.0 1.0
195.5736011344552 556.7622591616566 7.0 7.0 3.0 132.476166655376 131.71469255911882 59.99992146376957 1.0 1.0 1.0
175.49331390896407 620.4680826557579 7.0 7.0 3.0 131.3963001663194 128.15952752073775 59.99990475325154 1.0 1.0 1.0
200.45487289975972 543.2045548448751 7.0 5.0 3.0 133.4673097088844 104.6159065686835 59.999942387782596 1.0 1.0 1.0
193.01470683219742 564.1435400809366 6.0 7.0 3.0 116.89886029956301 140.62586544175343 59.99996720132117 1.0 1.0 1.0
218.41780214957174 498.53079249206013 6.0 5.0 2.0 131.15530624406563 116.73354958252986 59.99990595931746 1.0 1.0 1.0
200.12598651143617 544.0972554245353 6.0 6.0 3.0 136.3864202171003 123.76216447283906 59.99991202458864 1.0 1.0 1.0
187.00797787491462 582.2639292577812 5.0 5.0 3.0 131.25477249875985 121.17704887478845 59.99990716486792 1.0 1.0 1.0
219.31770023284656 496.48523527465005 5.0 4.0 2.0 119.96165089841037 96.65769297152139 59.99990650116371 1.0 1.0 1.0
197.26600761401073 551.9856224446968 5.0 5.0 2.0 117.41732194767513 116.99785474737206 49.99992090641348 1.0 1.0 1.0
199.5264822043432 545.7320692322103 6.0 5.0 3.0 119.00267375537732 104.20538083187824 59.999930117006954 1.0 1.0 1.0
164.1855389549683 663.2009170421827 6.0 7.0 2.0 111.7469859710593 128.21564697488668 39.99996768229897 1.0 1.0 1.0
190.72419817814892 570.9186408443645 6.0 6.0 4.0 112.24923671482827 113.77086154724674 59.99994142073325 1.0 1.0 1.0
178.52006468880495 609.9482441361024 8.0 8.0 2.0 123.16852063926348 143.50874409930526 39.999909321563905 1.0 1.0 1.0
182.47131429702068 596.7403721483354 6.0 4.0 2.0 122.58994077334421 93.47144687652309 49.99998146954567 1.0 1.0 1.0
205.0460514124083 531.0416818561115 6.0 6.0 2.0 130.33507420025 127.27010008727797 59.999991294912434 1.0 1.0 1.0
219.01769171105838 497.16531641494856 4.0 4.0 1.0 109.27442480855711 95.74971478058018 39.99991876669657 1.0 1.0 1.0
199.1557349804438 546.748001059032 5.0 4.0 2.0 117.04461740392748 103.59915535046099 59.99990598772695 1.0 1.0 1.0
212.3894326835278 512.680874110386 5.0 6.0 3.0 111.71170797931524 120.70366940184226 59.99990387422889 1.0 1.0 1.0
219.50639014267057 496.05845155226257 6.0 5.0 2.0 123.10460756825597 109.57272427349176 49.99993993879838 1.0 1.0 1.0
213.4743400213386 510.0753560784669 5.0 4.0 2.0 107.66392456935279 102.42019539304476 49.999999500006936 1.0 1.0 1.0
188.07132272992692 578.971841211351 6.0 7.0 3.0 112.78299990337587 132.20686535005143 59.9999828318218 1.0 1.0 1.0
189.6614540008792 574.1177118651386 6.0 5.0 3.0 122.06419660246536 118.1574918396231 59.999932202838124 1.0 1.0 1.0
197.0583185962683 552.5673860188007 6.0 6.0 3.0 125.14853374119218 123.98501354795724 59.99993829052846 1.0 1.0 1.0
228.68119542336797 476.15633545386476 4.0 4.0 2.0 118.8821167905395 108.13522947493732 59.999929970892026 1.0 1.0 1.0
216.61455634621603 502.6808993665403 6.0 5.0 2.0 118.15744863412704 110.41704800327398 49.99996063696693 1.0 1.0 1.0
184.57789413453054 589.9297990724524 7.0 6.0 3.0 134.4987843815884 121.32218366876793 59.99990691102727 1.0 1.0 1.0
207.8305139351554 523.9269149571262 6.0 6.0 3.0 130.33101956470483 125.71208764762491 59.99994183642144 1.0 1.0 1.0
194.69911464377594 559.2629437438527 7.0 5.0 3.0 128.30333878227214 97.82235026313151 59.99998190973503 1.0 1.0 1.0
171.6685545837808 634.292053451516 6.0 6.0 2.0 109.84571940313117 119.68691798664679 39.999949832415155 1.0 1.0 1.0
198.69462340390362 548.0168417977471 6.0 6.0 3.0 123.11570531167149 111.96608571735675 49.999978712457676 1.0 1.0 1.0
208.7972551839685 521.5011083553767 6.0 6.0 2.0 128.82608342761245 121.74347184858902 49.9999451088392 1.0 1.0 1.0
227.07595469277908 479.52237015724234 5.0 5.0 2.0 139.56466148014147 130.17962624198265 59.99990706099811 1.0 1.0 1.0
220.79462371192034 493.1641820322155 6.0 6.0 2.0 130.31534409760974 133.86004556389202 59.99994607225716 1.0 1.0 1.0
197.32116460125246 551.8313264572575 6.0 5.0 2.0 142.38699357265608 107.28113390279003 59.99999368832704 1.0 1.0 1.0
182.87358950212774 595.427695691034 7.0 6.0 3.0 130.92930270640693 116.15057187693526 59.999969439698475 1.0 1.0 1.0
233.86780841791023 465.5963586293267 5.0 4.0 2.0 119.9645528896504 108.01199929417959 59.99996964355313 1.0 1.0 1.0
199.36342639339597 546.1784138136532 5.0 5.0 2.0 128.44207679142 115.92244273214027 59.999918804251536 1.0 1.0 1.0
201.50925366063177 540.3622812448197 6.0 5.0 3.0 119.95842059596032 102.16940159316675 49.99997574738376 1.0 1.0 1.0
198.74812074675924 547.8693312463711 5.0 4.0 2.0 110.48068182096966 99.24819265830973 49.999961534075794 1.0 1.0 1.0
204.12045413420174 533.4497243887677 7.0 5.0 3.0 135.99593533769917 108.41143479801588 59.9999653826103 1.0 1.0 1.0
186.9589566905404 582.4166005602739 7.0 6.0 2.0 131.37548401132676 123.96138657225009 59.99994998689334 1.0 1.0 1.0
198.29497595653658 549.1213253121788 7.0 5.0 1.0 128.21898894694732 111.1764441615831 39.99992275812741 1.0 1.0 1.0
209.80680732540105 518.9917400111786 6.0 5.0 2.0 114.84096606952647 93.60627562833997 59.999984859235326 1.0 1.0 1.0
197.96580681565547 550.0343809443609 6.0 6.0 2.0 125.28510959725702 122.73901155660923 49.99996440534875 1.0 1.0 1.0
216.2849117082405 503.4470464906284 5.0 5.0 3.0 122.64261425564808 104.97341364893197 59.99994549667582 1.0 1.0 1.0
194.75482383727365 559.1029677959648 5.0 4.0 3.0 132.34698651664672 97.565096859194 59.99999575375455 1.0 1.0 1.0
231.7719452916478 469.8066449025223 6.0 5.0 3.0 128.45486810840083 121.5775028448125 59.999953796208786 1.0 1.0 1.0
181.1991985272491 600.9298103138419 5.0 5.0 2.0 120.38291780625786 120.38291780625786 59.99992804272006 1.0 1.0 1.0
204.34219589223977 532.8708518793753 6.0 6.0 3.0 122.05931020548837 114.21920016939288 49.99991180162465 1.0 1.0 1.0
202.9028433180111 536.6509321376983 6.0 5.0 2.0 126.20389360497916 105.47606143666758 49.99999222853182 1.0 1.0 1.0
228.98553121033018 475.5234945389762 4.0 4.0 2.0 110.4640235609595 107.93722005927924 59.99998582801339 1.0 1.0 1.0
229.76726862012168 473.9056204738477 5.0 4.0 2.0 128.7946129741427 112.75259204226512 49.99990427326105 1.0 1.0 1.0
201.82757458652918 539.5100259370982 6.0 5.0 3.0 122.0663840933226 96.17696380631156 49.99996324919624 1.0 1.0 1.0
211.42672749626007 515.0153024145262 5.0 5.0 2.0 116.62193925007102 118.65047235621216 49.99990682201911 1.0 1.0 1.0
219.15321454243582 496.8578728235603 5.0 5.0 2.0 118.92650106444393 114.55834410340344 59.99998861894534 1.0 1.0 1.0
196.98589042968956 552.7705551015875 5.0 6.0 3.0 116.0710932827588 126.08341544170457 59.99995648157227 1.0 1.0 1.0
218.0610865427011 499.3463149541693 5.0 5.0 2.0 110.7352335485565 108.03234333204608 49.99994907943835 1.0 1.0 1.0
162.24933903208364 671.1152147033904 7.0 7.0 3.0 123.27439275163101 124.08792030738994 49.99991955306916 1.0 1.0 1.0
184.819032371954 589.160102195858 7.0 7.0 3.0 126.24399248246965 134.45882318028163 59.99999584388519 1.0 1.0 1.0
180.92709078066554 601.8335868341732 6.0 5.0 2.0 127.19637164374109 119.26891036750118 59.999962884344484 1.0 1.0 1.0
185.4765100600123 587.0716457020271 6.0 5.0 2.0 127.2185621460813 113.00200161142357 59.99994421242815 1.0 1.0 1.0
223.17648257183828 487.90086995367017 4.0 4.0 2.0 108.43294288157352 100.10926055682569 49.99997392901241 1.0 1.0 1.0
200.54676365069065 542.9556579115856 6.0 5.0 3.0 119.18673802962729 108.08108364119948 59.99996640556111 1.0 1.0 1.0
171.7958891324023 633.8219182653464 7.0 7.0 3.0 129.9401941285313 132.60214732860157 59.999958800370905 1.0 1.0 1.0
223.0095814165686 488.26601668115643 5.0 4.0 2.0 128.20643113843983 103.20841771108917 59.99993051771503 1.0 1.0 1.0
188.54320920198495 577.5227888655968 7.0 6.0 3.0 135.34310197588024 114.4474454753348 59.99990352097092 1.0 1.0 1.0
229.49393972405 474.4700454004581 6.0 5.0 2.0 136.68521389306466 109.45817074435183 59.99999585004474 1.0 1.0 1.0
215.26066953734642 505.8425221571124 6.0 5.0 3.0 138.57641987306096 124.23466221078763 59.99990604255322 1.0 1.0 1.0
199.6680569046468 545.3451177320787 7.0 6.0 3.0 133.96922676414323 122.14124627234958 59.99991886812444 1.0 1.0 1.0
155.6355375539281 699.6345546226552 7.0 7.0 4.0 125.22534026958755 119.39981785389341 59.9999901178046 1.0 1.0 1.0
219.61031412891208 495.8237067867511 6.0 4.0 2.0 134.98057342370748 95.43286169765162 59.99999226018355 1.0 1.0 1.0
230.51593165524878 472.3664833841026 4.0 4.0 2.0 107.52846713432126 107.603890352154 49.999923484483816 1.0 1.0 1.0
208.43534362373293 522.4066039230103 6.0 5.0 2.0 128.25571801039212 109.37576520859699 49.99991590105395 1.0 1.0 1.0
184.852440790841 589.0536231718243 6.0 6.0 2.0 121.02885932581819 128.37561969557146 49.999980156441666 1.0 1.0 1.0
222.94545837073701 488.4064505989158 4.0 3.0 2.0 119.92137300202802 90.27688875288334 59.99997911189587 1.0 1.0 1.0
202.02677456968098 538.9780648230044 6.0 5.0 2.0 131.52494254297903 106.0923226573766 59.999980927870524 1.0 1.0 1.0
210.94917337491296 516.1812120803004 6.0 4.0 2.0 131.40179628076896 110.04382628573165 59.99996950876357 1.0 1.0 1.0
193.33685414387082 563.2035365537263 7.0 6.0 3.0 138.62116657732685 129.157092472135 59.999974643971655 1.0 1.0 1.0
200.76951850231183 542.3532457131741 5.0 5.0 3.0 112.85607875024562 112.85607875024562 59.99998503949985 1.0 1.0 1.0
196.47766093034306 554.2004087609935 6.0 6.0 3.0 123.1120582078783 122.84803065303919 59.999975280254944 1.0 1.0 1.0
212.57297636049861 512.238205741349 5.0 5.0 3.0 122.48848838553226 106.55786533750762 59.99995818958837 1.0 1.0 1.0
195.37477699120564 557.3288511285228 7.0 7.0 2.0 133.46798379505617 141.85715165685406 59.99993808752657 1.0 1.0 1.0
206.6636724644996 526.8850529050026 7.0 5.0 2.0 144.80987452934414 106.45949347393775 59.999934104354224 1.0 1.0 1.0
219.58751894372017 495.8751778051091 6.0 5.0 3.0 129.25616484081058 124.2287460013917 59.999992126094526 1.0 1.0 1.0
204.0767844477142 533.5638754534464 5.0 6.0 2.0 119.9499653038198 126.97372306144297 59.99996834459671 1.0 1.0 1.0
199.91690514451943 544.6662948352723 4.0 4.0 2.0 126.03602322533482 119.17428568821947 59.99990514343585 1.0 1.0 1.0
189.62986414414087 574.213352371715 6.0 6.0 2.0 127.23028975708559 120.35904391260749 59.99991426114519 1.0 1.0 1.0
211.7966072789747 514.1158840971171 5.0 5.0 2.0 117.5779381049494 113.87121419380355 49.99993339372071 1.0 1.0 1.0
206.40107169136195 527.5554003073379 5.0 5.0 3.0 127.2774823336519 121.59185523206537 59.99990464386531 1.0 1.0 1.0
213.0377863387314 511.1205944792695 6.0 5.0 2.0 140.71690147707028 127.45471937779462 49.99991096592862 1.0 1.0 1.0
206.420948833004 527.5045997782481 5.0 4.0 2.0 113.7665541555267 101.0315907197355 49.99997156128671 1.0 1.0 1.0
204.66794374037693 532.0227389303592 5.0 5.0 2.0 124.81301896126632 117.477991800062 59.99994023868834 1.0 1.0 1.0
212.6493410949402 512.0542553263095 5.0 5.0 3.0 115.96658134386769 120.42972840362455 59.99999036552089 1.0 1.0 1.0
224.26058698107954 485.54229463952436 4.0 3.0 2.0 111.66093644191733 92.96367300848993 49.999950437053826 1.0 1.0 1.0
217.20870921878026 501.3058656424507 5.0 4.0 2.0 130.59200652426853 118.78760345150607 59.999922479413215 1.0 1.0 1.0
192.0748851268229 566.9038923444031 6.0 6.0 3.0 124.99208244067245 124.23092777092393 59.99992819113845 1.0 1.0 1.0
162.73848495607103 669.0980319092487 8.0 7.0 2.0 136.586764065917 124.78608223609666 49.99990107839932 1.0 1.0 1.0
212.13394726613956 513.2983259081632 5.0 4.0 2.0 124.08745075767672 109.56843895854007 59.99993151703677 1.0 1.0 1.0
198.0303902404391 549.8549988604949 6.0 6.0 2.0 136.07912351518615 120.36742191330546 59.99998726086227 1.0 1.0 1.0
207.94123848787922 523.6479343482752 6.0 6.0 3.0 117.93477423517277 121.81889121518287 59.999989765813154 1.0 1.0 1.0
206.52836466785539 527.2302435315202 5.0 5.0 2.0 105.23664906552989 114.58885823604948 49.99990734926297 1.0 1.0 1.0
201.10368532307763 541.4520366698848 5.0 6.0 2.0 107.41877963839676 131.6182587774539 59.99999654409265 1.0 1.0 1.0
175.15054589057496 621.682333025828 7.0 6.0 3.0 128.30894460188796 117.66949993528425 59.99995129204024 1.0 1.0 1.0
195.94749844998034 555.6998729830476 6.0 6.0 2.0 136.50965882441136 133.91774343638895 59.99998168172783 1.0 1.0 1.0
184.7757003474929 589.2982670081783 7.0 6.0 2.0 133.46128761502473 113.06574692940848 49.99997966854437 1.0 1.0 1.0
203.345389145939 535.4830048388859 4.0 4.0 2.0 114.05906220328632 98.33683270864111 49.9999879400396 1.0 1.0 1.0
185.30848054454373 587.6039762455767 6.0 5.0 2.0 124.1380090854426 113.362328900742 49.99995753291523 1.0 1.0 1.0
248.32477975089995 438.4902711248871 5.0 5.0 3.0 123.77405930781538 114.50731889922594 59.99998515178771 1.0 1.0 1.0
197.25309444370174 552.0217581736233 6.0 5.0 2.0 128.25005546389025 112.30280651189253 59.99991998164967 1.0 1.0 1.0
193.1570757804464 563.7277307084958 6.0 5.0 3.0 128.6248657565812 100.9301061729517 59.99997988171168 1.0 1.0 1.0
197.5198173943761 551.2763298205657 6.0 4.0 3.0 124.24882010818749 99.02978411766094 59.999991627751115 1.0 1.0 1.0
221.36875088165573 491.88514443130134 4.0 5.0 2.0 102.37168666131089 111.4428334809225 49.99996718542684 1.0 1.0 1.0
202.50263979839957 537.7115088889847 6.0 4.0 2.0 128.2615126234095 97.43359900627183 49.999988905073224 1.0 1.0 1.0
209.9957967193543 518.5246643080276 6.0 5.0 2.0 129.29793391649014 114.27602664961012 59.99992716016675 1.0 1.0 1.0
208.2257679740532 522.9323971736698 5.0 5.0 2.0 111.71911878887761 117.72054878905948 49.99995456427149 1.0 1.0 1.0
211.97308174257296 513.6878659538344 6.0 5.0 2.0 137.08714727012568 118.82389615057525 59.99990342872502 1.0 1.0 1.0
209.25978772654037 520.3484204155568 5.0 5.0 3.0 115.83379832552333 106.3774030529114 59.99994075875418 1.0 1.0 1.0
160.086505985778 680.1822510241653 8.0 8.0 2.0 139.91833179079646 126.29015273807511 39.99995880572965 1.0 1.0 1.0
184.20220038081288 591.1330037040217 6.0 6.0 3.0 126.3491848288021 112.13654068085725 59.99991303850692 1.0 1.0 1.0
187.02982055441527 582.1959283135795 6.0 5.0 2.0 114.7763934678182 103.84060252113392 49.99997028285844 1.0 1.0 1.0
215.74796957705286 504.6999988619194 5.0 5.0 2.0 115.97462433389853 129.01086658391682 59.99993216069146 1.0 1.0 1.0
184.62234737986017 589.7877561699675 5.0 6.0 3.0 110.98248909956965 128.24893542347604 59.99999937983472 1.0 1.0 1.0
207.3505551584285 525.1396598229646 5.0 5.0 2.0 116.80200864434227 114.35413780407322 49.99992353001602 1.0 1.0 1.0
186.37585666745588 584.2387632550774 6.0 6.0 3.0 126.20281629036305 119.57338916036497 59.999977002926414 1.0 1.0 1.0
200.6418234788465 542.6984170699584 5.0 5.0 2.0 106.54649676785044 120.8917328981052 59.99995077687595 1.0 1.0 1.0
191.20163326765606 569.4930432292476 7.0 7.0 3.0 125.50625809766024 136.5414987970541 59.99998698496432 1.0 1.0 1.0
218.36072899081722 498.6610939761934 6.0 4.0 2.0 125.11612704131625 101.93845375092138 49.99992485228955 1.0 1.0 1.0
223.75499327292846 486.6394193365877 4.0 5.0 1.0 124.041502394936 134.75308316270093 49.99999843985711 1.0 1.0 1.0
192.86152012659886 564.5916299349053 5.0 4.0 2.0 117.70886740084347 104.37273542241343 49.99993070481577 1.0 1.0 1.0
198.00028619699464 549.9385990364935 6.0 6.0 3.0 127.22971935037742 126.30637728854748 59.99996597903754 1.0 1.0 1.0
208.03105749858491 523.4218453210559 6.0 5.0 2.0 125.14699824834139 104.15537285165732 49.999954317197705 1.0 1.0 1.0
198.55181988486743 548.4109894492026 6.0 4.0 2.0 114.3589418309939 98.17437693177214 59.9999564929347 1.0 1.0 1.0
242.08036294415723 449.80104406534673 5.0 5.0 2.0 140.67232133850985 126.65228022290165 59.9999483476069 1.0 1.0 1.0
207.31858912694747 525.2206300387495 5.0 5.0 1.0 114.80258255910371 105.56087083466377 39.999996783491724 1.0 1.0 1.0
217.41713062713796 500.82530151103293 5.0 5.0 2.0 122.6593591069223 124.06530227754325 49.999954523274766 1.0 1.0 1.0
203.1370623182334 536.0321684155138 7.0 6.0 3.0 136.5261906390552 122.05454809497945 59.99992976095024 1.0 1.0 1.0
227.3275972427636 478.99155808926395 5.0 5.0 2.0 126.15869568258182 118.8313261929348 59.99999064932507 1.0 1.0 1.0
195.24582709892974 557.6969383567271 5.0 4.0 2.0 122.69132711249767 105.89743579902301 59.99993330062716 1.0 1.0 1.0
205.77078047919127 529.1713417542846 6.0 5.0 3.0 127.2177106576504 101.83951649215396 49.999993315816255 1.0 1.0 1.0
208.5070560718001 522.2269310756757 5.0 5.0 2.0 114.79726367694036 114.17597034392003 49.99998368248504 1.0 1.0 1.0
220.20554382793017 494.4834635275381 4.0 5.0 2.0 109.43369957073014 122.89947137044277 49.99998874053 1.0 1.0 1.0
190.7601485525788 570.8110463647885 6.0 6.0 2.0 125.1548759915114 126.2550077754255 59.999923774989895 1.0 1.0 1.0
185.29927629808253 587.6331639031165 7.0 6.0 3.0 136.5330533989972 109.73650911070092 59.99996917632785 1.0 1.0 1.0
200.55561240313727 542.9317020613913 6.0 4.0 3.0 123.07234194196974 96.83123576982814 59.99999809733731 1.0 1.0 1.0
200.25583488851038 543.7444559886201 7.0 5.0 3.0 139.61853908608947 117.28657427158697 59.99992247665858 1.0 1.0 1.0
192.77647696819906 564.8406989923488 7.0 6.0 2.0 131.39698102641455 108.4720356797722 59.99990582125906 1.0 1.0 1.0
153.73041308564092 708.3048683368861 8.0 5.0 3.0 133.49685815305395 93.32157666739732 59.99995055602312 1.0 1.0 1.0
204.29993329886463 532.9810844368255 6.0 6.0 2.0 125.98960021322142 124.46779036915905 59.99998457225689 1.0 1.0 1.0
196.1345923257477 555.1697877912057 6.0 5.0 2.0 129.18492431703112 117.53851726609378 59.999918147287474 1.0 1.0 1.0
193.16442261835175 563.706289823036 5.0 5.0 1.0 114.20339601597868 115.72408880833024 39.999979136622414 1.0 1.0 1.0
191.67590922323393 568.0839101860442 6.0 6.0 2.0 119.12190165936823 117.48667662655822 49.999927892078006 1.0 1.0 1.0
228.07841901869233 477.41474387840265 5.0 5.0 2.0 122.4417355740693 111.33150764565966 49.999923601355476 1.0 1.0 1.0
194.01612113928093 561.2317129143672 5.0 5.0 2.0 120.88411009258596 112.56989141707862 49.999955888031764 1.0 1.0 1.0
211.36557473531764 515.1643077939958 6.0 5.0 2.0 132.3860275904688 124.7365268939119 59.99992780936719 1.0 1.0 1.0
227.28980706678703 479.0711972754865 5.0 4.0 2.0 131.3089872044763 121.32238891805582 59.9999186684621 1.0 1.0 1.0
187.67038517146864 580.2087521721256 6.0 6.0 2.0 122.98713213854683 122.98713213854683 49.99996246245473 1.0 1.0 1.0
198.69763455991063 548.0085368966406 6.0 6.0 2.0 122.07228676244745 116.25653341566658 49.999948207611396 1.0 1.0 1.0
192.07454297934305 566.9049021853485 6.0 6.0 2.0 133.6577989871755 129.47523066413498 49.99990034944739 1.0 1.0 1.0
192.8737426645189 564.5558513861465 6.0 6.0 2.0 118.96459053586563 116.16829897913192 49.99994830320503 1.0 1.0 1.0
193.02048845886014 564.1266420440547 7.0 7.0 3.0 130.3612425745191 124.03838497896828 59.999949823044176 1.0 1.0 1.0
217.86585771228692 499.7937774343569 4.0 5.0 2.0 124.04359184273528 134.5092060736535 59.999938018023045 1.0 1.0 1.0
207.2389398830809 525.4224908766274 5.0 4.0 2.0 122.02775761906355 93.41555341511179 59.9999894958396 1.0 1.0 1.0
220.37959393593962 494.09293326700555 5.0 5.0 2.0 118.92486198530617 116.6520366044146 49.99997064078332 1.0 1.0 1.0
172.69172187168544 630.5339875000302 6.0 6.0 3.0 118.2305606439117 118.2305606439117 49.99995324679219 1.0 1.0 1.0
181.64926790335193 599.4408964969505 6.0 5.0 2.0 125.12379874187008 113.78170602586067 59.999954215265916 1.0 1.0 1.0
219.85938096078087 495.26201485768644 6.0 6.0 2.0 131.35714451998365 135.8412757278415 59.99992308984713 1.0 1.0 1.0
205.97548270737303 528.6454415290576 5.0 5.0 2.0 117.88543804723162 110.5776852210268 49.999933020527806 1.0 1.0 1.0
222.7938194545452 488.7388719605641 4.0 4.0 2.0 118.8792593533874 99.80819912699997 59.99999845202774 1.0 1.0 1.0
191.39148533614537 568.9281307826075 7.0 6.0 2.0 143.79454776373314 123.56801408132696 59.99995322437246 1.0 1.0 1.0
215.22344216812638 505.93001813872957 4.0 4.0 2.0 112.68614554080409 113.46783624957754 49.99997414555611 1.0 1.0 1.0
212.34728792458213 512.7826263487433 5.0 4.0 2.0 109.6446426656459 96.25239697385013 49.99992807177762 1.0 1.0 1.0
208.47580861338895 522.3052052141405 5.0 5.0 2.0 133.38597107005506 127.107496726455 59.99992514931557 1.0 1.0 1.0
152.13833811051637 715.7170332760014 8.0 8.0 3.0 123.81826681935144 127.16308346241902 59.99995622576665 1.0 1.0 1.0
200.44083496569885 543.2425983389754 6.0 5.0 3.0 127.09736254568742 107.73410886524158 59.99994323991973 1.0 1.0 1.0
208.7602609567552 521.5935231205532 6.0 6.0 2.0 129.11100976083685 134.03938505642975 59.99990937318694 1.0 1.0 1.0
206.50130495058096 527.2993312369557 5.0 5.0 1.0 109.81822639868142 108.29642245958536 39.999904017203164 1.0 1.0 1.0
218.6854567597499 497.92062816333265 4.0 4.0 1.0 111.65892151050673 109.99639561344821 39.99990363542821 1.0 1.0 1.0
189.67584852310466 574.0741420051494 5.0 4.0 2.0 114.81225471830356 100.39763048590424 59.99990956845659 1.0 1.0 1.0
180.17996967924074 604.3291060257372 7.0 6.0 3.0 134.50739228143374 105.02778541978296 49.999951251759455 1.0 1.0 1.0
213.40999777195725 510.22914173099826 6.0 5.0 3.0 138.58219727342816 124.03420250001255 59.9999061618596 1.0 1.0 1.0
211.37581443174417 515.1393516459342 6.0 4.0 2.0 133.6874838138462 100.24789526999047 59.999995696077974 1.0 1.0 1.0
210.3130087140225 517.7425812402444 6.0 5.0 2.0 131.36689377121706 118.28313608458853 49.999943534896204 1.0 1.0 1.0
233.5282205084954 466.2734112515486 4.0 4.0 2.0 118.1262043399289 124.16899023274203 59.999933047235174 1.0 1.0 1.0
203.99861293986748 533.768335141067 6.0 6.0 2.0 130.9431497537817 130.9431497537817 59.99997536054201 1.0 1.0 1.0
195.56534244093814 556.785771143907 6.0 6.0 2.0 112.79386350452955 107.73055161912384 59.999997369409755 1.0 1.0 1.0
241.81068413211983 450.30268365026456 5.0 4.0 2.0 126.53375652199719 110.61619351935707 49.999946391784306 1.0 1.0 1.0
215.58669376602182 505.07755417492103 5.0 4.0 2.0 128.01583687787434 103.93693956351228 49.99993989545641 1.0 1.0 1.0
199.98803346366316 544.4725772544007 5.0 5.0 2.0 107.57631391145776 110.35004088871324 39.99999978775355 1.0 1.0 1.0
209.32502017246696 520.1862630195142 6.0 5.0 2.0 126.56977236381249 113.86468969442313 49.99996707720044 1.0 1.0 1.0
211.874100237167 513.9278461978754 6.0 5.0 2.0 123.10626322535967 117.45939781397851 49.999914441257886 1.0 1.0 1.0
191.12270769548957 569.7282197021203 6.0 5.0 2.0 114.85187110601578 105.165442190117 49.99990809573387 1.0 1.0 1.0
180.08400066115036 604.6511605708151 6.0 6.0 3.0 119.64388289570064 123.23630290686657 59.999972442558374 1.0 1.0 1.0
203.71590083421603 534.5090862034036 6.0 5.0 3.0 128.26112299554518 107.45483225943065 59.999922767724684 1.0 1.0 1.0
179.106476949507 607.9512134600095 7.0 6.0 3.0 129.34199879813855 109.57114682280871 59.999930297879814 1.0 1.0 1.0
185.48939737721707 587.0308575026633 6.0 6.0 2.0 114.8386530467946 117.2146609701897 49.999924633128046 1.0 1.0 1.0
240.7419964769424 452.30164073358503 5.0 4.0 2.0 127.17687144482574 108.71892481882321 59.99991002359343 1.0 1.0 1.0
202.60917660551274 537.4287671678801 5.0 4.0 3.0 123.05016954059556 100.90780126741339 59.999934553418825 1.0 1.0 1.0
191.7546859916235 567.8505296332451 6.0 6.0 2.0 122.93494102015183 121.57711753397251 49.999989497651086 1.0 1.0 1.0
206.9263304691791 526.2162613772269 5.0 5.0 3.0 123.62269487363153 111.53169541518872 59.9999864341965 1.0 1.0 1.0
169.5332242306415 642.2811840814359 8.0 7.0 3.0 131.4477728273543 119.28512622309381 49.9999001514081 1.0 1.0 1.0
187.23660446460826 581.5529517391038 7.0 6.0 2.0 148.76438244917807 131.4013240666314 59.99995549344982 1.0 1.0 1.0
178.48731276813976 610.0601679260458 6.0 6.0 4.0 119.65852042780233 119.64585149188525 59.99998692899311 1.0 1.0 1.0
193.52089932516827 562.6679101828596 7.0 4.0 3.0 140.19371619210852 90.84413110060052 59.999927391780886 1.0 1.0 1.0
200.3364254053659 543.5257206954412 4.0 4.0 2.0 102.1848618056074 103.57796403790519 59.9999816442305 1.0 1.0 1.0
199.1915305529614 546.6497480978422 7.0 7.0 3.0 131.46872671866976 130.4943004440388 59.99995745262697 1.0 1.0 1.0
182.29950141667092 597.3027855469626 7.0 7.0 3.0 134.5047072241942 129.22307788656747 59.99993354475549 1.0 1.0 1.0
203.99587924885282 533.7754880193853 7.0 5.0 2.0 134.4445073717581 110.8719472185802 59.99995134580399 1.0 1.0 1.0
236.53723937075426 460.34189073005234 4.0 4.0 2.0 118.88458637260368 100.43411764721554 49.999949233427856 1.0 1.0 1.0
194.7079531052882 559.2375568815049 7.0 6.0 2.0 138.61401971808112 112.92921532234539 49.99993881096276 1.0 1.0 1.0
212.42982866997505 512.5833819183902 5.0 5.0 2.0 129.23013292210078 112.63884736384978 59.999969076535706 1.0 1.0 1.0
221.69418404087367 491.1630878865291 5.0 4.0 2.0 132.18636519433505 105.78141494684309 49.999929718402996 1.0 1.0 1.0
180.60711789340013 602.8998262641511 6.0 6.0 2.0 120.39212228773624 108.18581284080886 49.99995303052509 1.0 1.0 1.0
237.08994547553226 459.26873778473777 5.0 5.0 2.0 131.34860428845957 125.02884666829391 49.9999790122086 1.0 1.0 1.0
205.76855085273758 529.1770756451889 5.0 5.0 2.0 110.51922335775146 110.51922335775146 49.99998519504487 1.0 1.0 1.0
195.25477282230224 557.671387111735 6.0 5.0 2.0 123.78125613347936 108.19985459557051 49.999997694407796 1.0 1.0 1.0
231.0286827889472 471.3181007895587 5.0 5.0 2.0 119.30632861095296 116.4903649676881 59.99999320834968 1.0 1.0 1.0
202.2626684413359 538.3494682390279 5.0 5.0 3.0 112.74750095436144 106.59067664701735 59.99994920346791 1.0 1.0 1.0
188.82216150334352 576.669598171462 6.0 6.0 2.0 133.61873883969008 131.87798050740992 49.999968726601935 1.0 1.0 1.0
167.12429697845857 651.5390159818298 7.0 8.0 3.0 125.21173542693862 140.895155638703 49.99995365712823 1.0 1.0 1.0
185.03508929587906 588.4721671676198 6.0 5.0 3.0 126.20212741083492 102.46813713268796 59.9999762018075 1.0 1.0 1.0
190.13545874352894 572.6864453351518 7.0 6.0 3.0 132.8110111178823 119.21490752201578 59.999944288798076 1.0 1.0 1.0
232.09561795388447 469.1514685194753 5.0 5.0 2.0 123.4224907756369 108.61107141138183 49.99994093941871 1.0 1.0 1.0
207.20343605038516 525.5125208132262 6.0 5.0 2.0 144.12097000197076 130.3546663369125 49.99991655559052 1.0 1.0 1.0
198.10057763135313 549.6601842455528 6.0 6.0 2.0 124.99352500729395 127.27724809040313 59.999918799632155 1.0 1.0 1.0
200.87483032237515 542.0689084105284 4.0 4.0 3.0 100.00860125366114 100.22307802476729 59.99995381298885 1.0 1.0 1.0
213.1405535106316 510.87415419782417 6.0 6.0 2.0 138.04321961393072 125.28799597409335 59.99999651865329 1.0 1.0 1.0
201.70776059265665 539.8304937800403 5.0 6.0 2.0 119.97260141646382 126.90873706555055 49.999925922223895 1.0 1.0 1.0
199.6762827859974 545.3226516476194 6.0 5.0 2.0 134.71779439890048 113.83122816140315 59.99990295274404 1.0 1.0 1.0
187.94329575065996 579.3662368486887 7.0 5.0 3.0 132.91105582521493 103.60595806704606 59.999989989367236 1.0 1.0 1.0
182.79555689770433 595.6818745924753 7.0 6.0 3.0 129.32963802523255 124.21411759912081 59.999989994271004 1.0 1.0 1.0
213.30593894665282 510.47805109276663 5.0 5.0 2.0 112.73599442122355 126.34002208568188 59.99999411133712 1.0 1.0 1.0
228.73689654122995 476.04038371821173 5.0 5.0 2.0 123.05947411909358 114.38397344341212 59.99998548158419 1.0 1.0 1.0
200.23112500077366 543.8115577664526 7.0 6.0 3.0 138.5948657524384 130.27681894141205 59.999946563359 1.0 1.0 1.0
187.4157582552544 580.9970357545812 7.0 7.0 3.0 130.36494583485643 128.3721555645983 59.99993363953968 1.0 1.0 1.0
195.68034047546024 556.4585575404565 5.0 4.0 2.0 120.41681221872415 106.59435458288311 59.99997813760456 1.0 1.0 1.0
182.76761845071474 595.772932442969 7.0 8.0 4.0 131.39674252181447 140.19109335881666 59.999910479220034 1.0 1.0 1.0
161.97878229399612 672.2361932710741 8.0 8.0 3.0 125.68122458813025 120.83545186247125 59.99994307929779 1.0 1.0 1.0
201.3722273565403 540.7299776607624 5.0 5.0 2.0 105.51354879476912 113.04791810918312 49.99992944715922 1.0 1.0 1.0
199.14242541489483 546.784542636467 5.0 4.0 2.0 113.77742889892954 90.33333158128431 49.999915432793046 1.0 1.0 1.0
172.90854507651596 629.7433128699023 6.0 7.0 2.0 117.9419866065241 139.1846703379992 39.99994008510271 1.0 1.0 1.0
215.5008872263868 505.2786621969291 5.0 4.0 1.0 125.11812421137529 110.61313375288444 39.99990385193473 1.0 1.0 1.0
188.81961558911496 576.6773735889184 6.0 6.0 2.0 123.3884431467377 124.9114520345995 49.99994261680018 1.0 1.0 1.0
184.30565614346187 590.8011847191632 7.0 7.0 3.0 129.34079145266298 132.41451448196955 59.99990922211481 1.0 1.0 1.0
202.85555935852761 536.7760210483113 6.0 5.0 2.0 126.20207391310254 113.91715459993372 59.9999843102334 1.0 1.0 1.0
225.10336065514144 483.7244529939138 5.0 4.0 2.0 124.40250189501415 101.2989155559739 49.999957144963844 1.0 1.0 1.0
208.70063748986024 521.7425366287649 5.0 4.0 2.0 128.40647938162846 105.82306885563742 59.99993724894273 1.0 1.0 1.0
173.0342819223775 629.2857044874306 7.0 6.0 3.0 132.19767808163402 106.40698509208175 59.99991259300327 1.0 1.0 1.0
208.61841206187148 521.9481776503327 7.0 5.0 2.0 146.8865720136456 110.84564023083374 59.9999665133264 1.0 1.0 1.0
192.85727174124867 564.6040671263464 6.0 6.0 3.0 129.28590159028113 121.59969875193548 59.999911511216396 1.0 1.0 1.0
210.09247766425136 518.2860481754793 6.0 6.0 3.0 134.46923282044975 132.13027759796688 59.99997176684184 1.0 1.0 1.0
201.05915043328378 541.5719690715177 5.0 4.0 2.0 118.92708534633289 110.08196436423077 59.99990607754444 1.0 1.0 1.0
181.81486389839017 598.8949289693587 7.0 5.0 2.0 136.48658827180822 114.98388394379032 49.999938807783735 1.0 1.0 1.0
186.51542721016864 583.8015741041261 7.0 5.0 3.0 131.3575714013832 107.82590850366495 59.999961336520016 1.0 1.0 1.0
188.33491858734396 578.1615051353373 6.0 6.0 2.0 129.29304162485857 127.93699139348428 59.999938965936565 1.0 1.0 1.0
201.86917995911796 539.3988325610266 6.0 7.0 3.0 119.80130599217608 131.9384786282185 59.99998431329698 1.0 1.0 1.0
188.71386910357677 577.0005167995159 5.0 5.0 3.0 123.06443998098956 119.17625093684347 59.99991405773119 1.0 1.0 1.0
209.4697387827066 519.8268763439618 6.0 6.0 2.0 129.2245342959153 127.39414687940297 59.99993705328848 1.0 1.0 1.0
180.98090746365045 601.6546249325768 7.0 7.0 2.0 128.29748687612278 130.38082102065124 59.99993399217618 1.0 1.0 1.0
202.52542903866618 537.6510027252483 6.0 4.0 2.0 126.1864457706236 93.96672614399466 49.99999093576059 1.0 1.0 1.0
225.01333604147032 483.9179842208631 6.0 5.0 2.0 140.647828716331 116.16688311703615 49.99994317481196 1.0 1.0 1.0
159.82649475390474 681.2887948751047 7.0 8.0 3.0 116.99634846185211 135.44611464979118 59.99997847240286 1.0 1.0 1.0
171.0890801434556 636.4403847907714 9.0 8.0 4.0 147.98868184993182 130.9191060457801 59.999979312551886 1.0 1.0 1.0
226.7103453365495 480.29568230932176 5.0 6.0 2.0 124.46495103157207 131.11072092743188 49.99994057205413 1.0 1.0 1.0
232.51511354210396 468.3050419442197 6.0 4.0 2.0 132.34732357795258 118.08906729651954 59.999931695844964 1.0 1.0 1.0
195.6258740179402 556.6134875901654 5.0 4.0 2.0 123.06310552380114 103.32830982337344 49.99990102554261 1.0 1.0 1.0
194.50622540116626 559.817557383678 7.0 6.0 3.0 144.8217316645696 112.03183919230798 59.999972077884934 1.0 1.0 1.0
194.52544653164796 559.7622416061884 6.0 5.0 2.0 136.51995615620274 121.07533528114658 49.99997873866698 1.0 1.0 1.0
227.9889398246267 477.6021156278838 5.0 5.0 2.0 117.89316448744654 133.73822762740616 59.99997381514237 1.0 1.0 1.0
188.09709798840106 578.8925037360998 6.0 6.0 3.0 126.38505473198501 111.26327715605942 59.99998710639966 1.0 1.0 1.0
206.06021638911557 528.4280581088997 6.0 6.0 2.0 128.25525204655764 130.82412555180724 59.99995735015756 1.0 1.0 1.0
206.0428140901484 528.4726889449249 4.0 4.0 2.0 117.84729052325054 102.24602198010757 59.99991037610744 1.0 1.0 1.0
199.76198391342336 545.0886993953361 7.0 6.0 3.0 128.29864423726548 117.8589299799338 59.99998342250154 1.0 1.0 1.0
230.56990623067588 472.2559061591583 5.0 4.0 2.0 128.20948861051357 99.19267240057542 59.99991828766838 1.0 1.0 1.0
201.17709744424815 541.2544538285524 5.0 6.0 3.0 115.82681338616817 124.58948764843706 59.999934023111564 1.0 1.0 1.0
240.49593009386928 452.7644187471253 5.0 5.0 2.0 123.05504523099978 119.6678399823698 59.999935530702885 1.0 1.0 1.0
203.42360444372326 535.2771144615307 5.0 6.0 2.0 114.30574595138808 124.92986084274082 49.999911748088266 1.0 1.0 1.0
224.67709726623355 484.6421879439362 5.0 5.0 2.0 127.58139075636086 123.51164166375133 59.999944480875456 1.0 1.0 1.0
202.64073137578214 537.3450799389158 7.0 7.0 3.0 121.7718815508473 126.55229910811289 49.99995302059176 1.0 1.0 1.0
205.3878305953715 530.1579927318919 6.0 4.0 2.0 127.23302963820419 99.73458738061697 59.999937261205844 1.0 1.0 1.0
215.87629913067832 504.3999755345345 6.0 5.0 2.0 133.13585148619092 123.96423348767956 59.99997642976956 1.0 1.0 1.0
210.00888421755946 518.4923504816924 4.0 4.0 2.0 121.00869897972359 121.09135983416587 59.99999075330652 1.0 1.0 1.0
200.3017299966234 543.6198678954775 6.0 6.0 2.0 137.4916035080338 135.20986966068125 59.99999925266445 1.0 1.0 1.0
209.59078400658575 519.5266600872037 6.0 5.0 2.0 135.91895233244423 112.52467729139113 49.99994012922622 1.0 1.0 1.0
175.85414191057572 619.1949692909199 7.0 6.0 3.0 134.48932982042191 118.38033715019822 59.999941039879616 1.0 1.0 1.0
223.1784833788671 487.8964958963005 5.0 4.0 2.0 132.33881430247374 108.07942250429409 49.99998306334362 1.0 1.0 1.0
200.21702268017833 543.849861227509 6.0 8.0 3.0 112.39352976007916 148.25221166698822 59.99994455603894 1.0 1.0 1.0
199.27753046847056 546.4138367432655 5.0 5.0 2.0 124.93693095054539 110.45032970115562 69.99994117069821 1.0 1.0 1.0
211.09627597376033 515.8215108140278 5.0 4.0 2.0 120.9952314344464 106.93297583392888 59.999944366014745 1.0 1.0 1.0
177.61234102096893 613.0655075772279 7.0 6.0 3.0 136.2886046383802 106.5934037520712 59.999971521340285 1.0 1.0 1.0
201.02343682433235 541.6681841687623 6.0 6.0 2.0 120.00807927127624 124.79966363245808 49.9999962701454 1.0 1.0 1.0
196.33811661040528 554.5942982435092 5.0 5.0 2.0 130.77128984045675 109.83511999424923 59.999974730689644 1.0 1.0 1.0
209.22843013040966 520.4264063546783 6.0 5.0 2.0 121.291626644286 114.609273534529 59.9999063479932 1.0 1.0 1.0
193.98160907503177 561.3315639519327 6.0 6.0 3.0 134.4534211696606 122.24238871379185 59.999949277171424 1.0 1.0 1.0
204.55265661342258 532.3225901963419 5.0 5.0 2.0 118.49965119931227 117.73882886732224 49.99994908793508 1.0 1.0 1.0
206.32517572688687 527.7494596400359 5.0 5.0 3.0 115.82364525357463 116.15641140470535 59.99993451343573 1.0 1.0 1.0
186.06692647787423 585.208785146178 6.0 5.0 2.0 125.16217628719568 108.81752270044854 59.99991332718707 1.0 1.0 1.0
235.77886816103234 461.8225579301349 5.0 4.0 2.0 128.67372625715342 108.77182505167582 59.99997463961353 1.0 1.0 1.0
