Summary entropy lists
8 runs each of RTT/WRTT scenarios 
(1) Alice adding noise added to timestamp in rttReq 
    Alice embedding a byte stream
(2) Bob embedding a byte stream -- no added noise

Parameters
startTime 999.
stopTime 10999.
Period 500
Link delay MEAN 50. SD 10.


%%%%%%%%%%%%%%%%%%%  entropy lists (1) %%%%%%%%%%%%%%%%%%%%%%%%
rtt-wrtt-wnoise-scenarios.maude > rwnoise.txt
RTT

enList: ( 4.5366778883140285e-1 9.2030874556591913e-1 1.1155141125187849e-1 9.5064248069242963e-1 4.4895606568681246e-1 1.1155141125187849e-1 4.7192760505439879e-1 2.3945861703877017e-1 9.5129288643138077e-1 9.4871952687404193e-1 1.0727664290566899e-1 9.2030874556591913e-1 2.2952306172250711e-1 9.5064248069242963e-1 9.4871952687404193e-1 2.3945861703877017e-1 9.5064248069242963e-1 9.2979787682472059e-1 9.5064248069242963e-1 9.2979787682472059e-1)

enList: ( 9.3495602402677258e-1 4.5772714740874854e-1 2.3100906074251393e-1 9.5064248069242963e-1 4.5323083403302189e-1 9.4026997057778572e-1 9.4871952687404193e-1 1.1412477080921742e-1 1.1412477080921742e-1 2.3389419465106327e-2 4.5323083403302189e-1 9.3303307020838488e-1 9.5321584024976858e-1 4.5624114838874175e-1 2.3100906074251393e-1 9.5064248069242963e-1 9.444447585278325e-1 9.444447585278325e-1 9.2979787682472059e-1 2.2952306172250711e-1 2.3945861703877017e-1)

enList: ( 9.4548433349037764e-1 9.5129288643138077e-1 9.5129288643138077e-1 1.1412477080921742e-1 4.6891729069867899e-1 4.5323083403302189e-1 9.2650646773051637e-1 9.5064248069242963e-1 9.5129288643138077e-1 9.5129288643138077e-1 4.5323083403302189e-1 4.5431819457035399e-1 9.444447585278325e-1 9.5129288643138077e-1 9.2650646773051637e-1 9.2030874556591913e-1 4.5772714740874854e-1 1.0727664290566899e-1 4.4747006666680555e-1 4.7192760505439879e-1), 

enList: (1.1412477080921742e-1 4.517448350130151e-1 4.7341360407440569e-1 9.444447585278325e-1 9.3303307020838488e-1 2.3100906074251393e-1 2.3389419465106327e-2 5.3399483437225476e-2 4.674312916786722e-1 2.3389419465106327e-2 4.5431819457035399e-1 4.7341360407440569e-1 9.444447585278325e-1 5.3399483437225476e-2 2.3389419465106327e-2 9.444447585278325e-1 9.4871952687404193e-1 4.5515378785140964e-1 9.4548433349037764e-1 9.5321584024976858e-1 9.2979787682472059e-1), 

enList: ( 5.3399483437225476e-2 9.2030874556591913e-1 4.7341360407440569e-1 4.6891729069867899e-1 1.1412477080921742e-1 9.5064248069242963e-1 2.3100906074251393e-1 4.5624114838874175e-1 2.3945861703877017e-1 4.5515378785140964e-1 1.1155141125187849e-1 9.5321584024976858e-1 9.2030874556591913e-1 9.3303307020838488e-1 9.4871952687404193e-1 4.6891729069867899e-1 9.5064248069242963e-1 2.3797261801876332e-1 9.1707355218225484e-1 1.0727664290566899e-1 9.4026997057778572e-1), 

enList: ( 4.5772714740874854e-1 9.2650646773051637e-1 4.4747006666680555e-1 2.3797261801876332e-1 4.5323083403302189e-1 9.5129288643138077e-1 9.4871952687404193e-1 9.5129288643138077e-1 5.3399483437225476e-2 4.5323083403302189e-1 2.3100906074251393e-1 9.5064248069242963e-1 9.444447585278325e-1 9.5129288643138077e-1 2.3100906074251393e-1 9.5129288643138077e-1 2.3945861703877017e-1 1.0727664290566899e-1 9.3703477719412143e-1 4.4747006666680555e-1), 

enList: (4.5366778883140285e-1 4.5772714740874854e-1 9.5129288643138077e-1 9.4871952687404193e-1 9.4026997057778572e-1 1.0727664290566899e-1 9.5129288643138077e-1 2.3945861703877017e-1 2.3945861703877017e-1 2.3100906074251393e-1 9.5321584024976858e-1 9.5064248069242963e-1 2.2952306172250711e-1 4.4747006666680555e-1 4.6891729069867899e-1 2.3797261801876332e-1 9.3495602402677258e-1 9.444447585278325e-1 9.1707355218225484e-1 9.4548433349037764e-1 9.5064248069242963e-1), 

enList: ( 1.1412477080921742e-1 4.5772714740874854e-1 2.3797261801876332e-1 4.4747006666680555e-1 7.874015748031496e-3 4.5431819457035399e-1 4.7192760505439879e-1 4.674312916786722e-1 2.3797261801876332e-1 9.4871952687404193e-1 9.5129288643138077e-1 4.5431819457035399e-1 9.4871952687404193e-1 5.3399483437225476e-2 9.5064248069242963e-1 9.444447585278325e-1 9.4548433349037764e-1 9.5321584024976858e-1 4.4747006666680555e-1 4.7192760505439879e-1 9.4871952687404193e-1), 

-----------------------------------------------------------
WRTT
                    
enList: ( 1.0727664290566899e-1 9.444447585278325e-1 9.5129288643138077e-1 4.5772714740874854e-1 9.4871952687404193e-1 9.5129288643138077e-1 9.3495602402677258e-1 9.5129288643138077e-1 2.3100906074251393e-1 4.674312916786722e-1 9.5129288643138077e-1 9.4219292439617341e-1 5.3399483437225476e-2 9.5064248069242963e-1 9.1707355218225484e-1 4.6891729069867899e-1 9.4871952687404193e-1 9.4548433349037764e-1 2.3945861703877017e-1 9.5129288643138077e-1 9.5129288643138077e-1), 

enList: ( 9.444447585278325e-1 9.5129288643138077e-1 4.5772714740874854e-1 9.4871952687404193e-1 9.5129288643138077e-1 9.3495602402677258e-1 9.5129288643138077e-1 2.3100906074251393e-1 4.674312916786722e-1 9.5129288643138077e-1 9.4219292439617341e-1 5.3399483437225476e-2 9.5064248069242963e-1 9.1707355218225484e-1 4.6891729069867899e-1 9.4871952687404193e-1 9.4548433349037764e-1 2.3945861703877017e-1 9.5129288643138077e-1 9.5129288643138077e-1 4.5431819457035399e-1), 

enList: ( 9.5129288643138077e-1 4.5772714740874854e-1 9.4871952687404193e-1 9.5129288643138077e-1 9.3495602402677258e-1 9.5129288643138077e-1 2.3100906074251393e-1 4.674312916786722e-1 9.5129288643138077e-1 9.4219292439617341e-1 5.3399483437225476e-2 9.5064248069242963e-1 9.1707355218225484e-1 4.6891729069867899e-1 9.4871952687404193e-1 9.4548433349037764e-1 2.3945861703877017e-1 9.5129288643138077e-1 9.5129288643138077e-1 4.5431819457035399e-1 4.7192760505439879e-1), 

enList: (4.5772714740874854e-1 9.4871952687404193e-1 9.5129288643138077e-1 9.3495602402677258e-1 9.5129288643138077e-1 2.3100906074251393e-1 4.674312916786722e-1 9.5129288643138077e-1 9.4219292439617341e-1 5.3399483437225476e-2 9.5064248069242963e-1 9.1707355218225484e-1 4.6891729069867899e-1 9.4871952687404193e-1 9.4548433349037764e-1 2.3945861703877017e-1 9.5129288643138077e-1 9.5129288643138077e-1 4.5431819457035399e-1 4.7192760505439879e-1 4.7192760505439879e-1),

enList: (9.4871952687404193e-1 9.5129288643138077e-1 9.3495602402677258e-1 9.5129288643138077e-1 2.3100906074251393e-1 4.674312916786722e-1 9.5129288643138077e-1 9.4219292439617341e-1 5.3399483437225476e-2 9.5064248069242963e-1 9.1707355218225484e-1 4.6891729069867899e-1 9.4871952687404193e-1 9.4548433349037764e-1 2.3945861703877017e-1 9.5129288643138077e-1 9.5129288643138077e-1 4.5431819457035399e-1 4.7192760505439879e-1 4.7192760505439879e-1 9.5064248069242963e-1), 

enList: ( 9.5129288643138077e-1 9.3495602402677258e-1 9.5129288643138077e-1 2.3100906074251393e-1 4.674312916786722e-1 9.5129288643138077e-1 9.4219292439617341e-1 5.3399483437225476e-2 9.5064248069242963e-1 9.1707355218225484e-1 4.6891729069867899e-1 9.4871952687404193e-1 9.4548433349037764e-1 2.3945861703877017e-1 9.5129288643138077e-1 9.5129288643138077e-1 4.5431819457035399e-1 4.7192760505439879e-1 4.7192760505439879e-1 9.5064248069242963e-1), 

enList: (9.3495602402677258e-1 9.5129288643138077e-1 2.3100906074251393e-1 4.674312916786722e-1 9.5129288643138077e-1 9.4219292439617341e-1 5.3399483437225476e-2 9.5064248069242963e-1 9.1707355218225484e-1 4.6891729069867899e-1 9.4871952687404193e-1 9.4548433349037764e-1 2.3945861703877017e-1 9.5129288643138077e-1 9.5129288643138077e-1 4.5431819457035399e-1 4.7192760505439879e-1 4.7192760505439879e-1 9.5064248069242963e-1 9.5321584024976858e-1), 

enList: ( 9.5129288643138077e-1 2.3100906074251393e-1 4.674312916786722e-1 9.5129288643138077e-1 9.4219292439617341e-1 5.3399483437225476e-2 9.5064248069242963e-1 9.1707355218225484e-1 4.6891729069867899e-1 9.4871952687404193e-1 9.4548433349037764e-1 2.3945861703877017e-1 9.5129288643138077e-1 9.5129288643138077e-1 4.5431819457035399e-1 4.7192760505439879e-1 4.7192760505439879e-1 9.5064248069242963e-1 9.5321584024976858e-1 9.2030874556591913e-1), 

%%%%%%%%%%%%%%%%%%%  entropy lists (2) %%%%%%%%%%%%%%%%%%%%%%%%

---------------------- RTT  -------------------------------
enList: (9.3703477719412143e-1 0.0 9.5064248069242963e-1 4.5624114838874175e-1 4.5772714740874854e-1 9.5064248069242963e-1 9.5064248069242963e-1 9.5321584024976858e-1 2.2952306172250711e-1 1.1155141125187849e-1 1.1155141125187849e-1 2.3797261801876332e-1 9.4219292439617341e-1 4.5772714740874854e-1 9.5064248069242963e-1 9.5129288643138077e-1 9.5321584024976858e-1 5.3399483437225476e-2 2.3100906074251393e-1 9.5064248069242963e-1 9.444447585278325e-1), 

enList: (9.4548433349037764e-1 9.4548433349037764e-1 9.444447585278325e-1 9.5064248069242963e-1 9.5129288643138077e-1 2.3100906074251393e-1 4.4747006666680555e-1 4.517448350130151e-1 7.874015748031496e-3 9.5129288643138077e-1 9.5321584024976858e-1 9.5129288643138077e-1 2.3945861703877017e-1 4.5772714740874854e-1 9.3303307020838488e-1 4.5580419359036084e-1 9.5321584024976858e-1 9.5321584024976858e-1 2.3797261801876332e-1 9.5064248069242963e-1 9.2979787682472059e-1), 

enList: (9.5064248069242963e-1 9.444447585278325e-1 9.4026997057778572e-1 5.3399483437225476e-2 2.3797261801876332e-1 4.7341360407440569e-1 9.5064248069242963e-1 5.3399483437225476e-2 9.3303307020838488e-1 9.3303307020838488e-1 9.3495602402677258e-1 9.1707355218225484e-1 9.1707355218225484e-1 9.5064248069242963e-1 5.3399483437225476e-2 4.5772714740874854e-1 2.2952306172250711e-1 4.5366778883140285e-1 9.4871952687404193e-1 4.6891729069867899e-1 9.444447585278325e-1), 

enList: (9.2979787682472059e-1 9.4548433349037764e-1 9.444447585278325e-1 4.5772714740874854e-1 1.1412477080921742e-1 2.3389419465106327e-2 4.5366778883140285e-1 9.4871952687404193e-1 2.2952306172250711e-1 4.7341360407440569e-1 5.3399483437225476e-2 4.674312916786722e-1 9.1707355218225484e-1 1.1155141125187849e-1 2.2952306172250711e-1 9.5321584024976858e-1 9.5321584024976858e-1 4.6891729069867899e-1 9.4871952687404193e-1 9.4871952687404193e-1 9.444447585278325e-1), 

enList: (9.4548433349037764e-1 4.7192760505439879e-1 9.5321584024976858e-1 9.4871952687404193e-1 4.5772714740874854e-1 4.6891729069867899e-1 9.4871952687404193e-1 9.4871952687404193e-1 9.4871952687404193e-1 4.4895606568681246e-1 4.5772714740874854e-1 9.4219292439617341e-1 9.3495602402677258e-1 9.5129288643138077e-1 9.1707355218225484e-1 4.7341360407440569e-1 2.3945861703877017e-1 5.3399483437225476e-2 9.5064248069242963e-1 4.6891729069867899e-1 9.2979787682472059e-1), 

enList: (9.2979787682472059e-1 9.4548433349037764e-1 5.3399483437225476e-2 4.5624114838874175e-1 2.3945861703877017e-1 4.674312916786722e-1 9.5321584024976858e-1 4.5580419359036084e-1 2.2952306172250711e-1 9.5129288643138077e-1 9.4871952687404193e-1 9.4219292439617341e-1 9.4871952687404193e-1 9.5129288643138077e-1 9.5129288643138077e-1 9.5129288643138077e-1 4.5323083403302189e-1 5.3399483437225476e-2 2.3797261801876332e-1 4.6891729069867899e-1), enAv: 6.2943397982393068e-1, rttAv: 9.8049999999999997e+1

enList: (9.3703477719412143e-1 2.2952306172250711e-1 9.2979787682472059e-1 5.3399483437225476e-2 9.444447585278325e-1 9.5064248069242963e-1 9.3303307020838488e-1 9.3303307020838488e-1 9.5064248069242963e-1 9.5321584024976858e-1 9.2650646773051637e-1 9.5064248069242963e-1 9.5129288643138077e-1 9.4219292439617341e-1 9.5321584024976858e-1 1.0727664290566899e-1 2.2952306172250711e-1 9.5321584024976858e-1 9.5064248069242963e-1 9.4871952687404193e-1), 
    
enList: (9.2979787682472059e-1 2.2952306172250711e-1 9.4026997057778572e-1 2.3945861703877017e-1 4.517448350130151e-1 9.4219292439617341e-1 4.5772714740874854e-1 5.3399483437225476e-2 2.2952306172250711e-1 1.1155141125187849e-1 9.2650646773051637e-1 4.674312916786722e-1 5.3399483437225476e-2 9.2650646773051637e-1 9.2650646773051637e-1 4.5323083403302189e-1 2.2952306172250711e-1 9.5064248069242963e-1 9.5064248069242963e-1 4.5772714740874854e-1), 

------------------------  WRTTBOB  ---------------------

enList: (1.0727664290566899e-1 9.444447585278325e-1 9.5129288643138077e-1 4.5772714740874854e-1 9.4871952687404193e-1 9.5129288643138077e-1 9.3495602402677258e-1 9.5129288643138077e-1 2.3100906074251393e-1 4.674312916786722e-1 9.5129288643138077e-1 9.4219292439617341e-1 5.3399483437225476e-2 9.5064248069242963e-1 9.1707355218225484e-1 4.6891729069867899e-1 9.4871952687404193e-1 9.4548433349037764e-1 2.3945861703877017e-1 9.5129288643138077e-1 9.5129288643138077e-1), 

enList: (9.444447585278325e-1 9.5129288643138077e-1 4.5772714740874854e-1 9.4871952687404193e-1 9.5129288643138077e-1 9.3495602402677258e-1 9.5129288643138077e-1 2.3100906074251393e-1 4.674312916786722e-1 9.5129288643138077e-1 9.4219292439617341e-1 5.3399483437225476e-2 9.5064248069242963e-1 9.1707355218225484e-1 4.6891729069867899e-1 9.4871952687404193e-1 9.4548433349037764e-1 2.3945861703877017e-1 9.5129288643138077e-1 9.5129288643138077e-1 4.5431819457035399e-1), 

enList: (9.5129288643138077e-1 4.5772714740874854e-1 9.4871952687404193e-1 9.5129288643138077e-1 9.3495602402677258e-1 9.5129288643138077e-1 2.3100906074251393e-1 4.674312916786722e-1 9.5129288643138077e-1 9.4219292439617341e-1 5.3399483437225476e-2 9.5064248069242963e-1 9.1707355218225484e-1 4.6891729069867899e-1 9.4871952687404193e-1 9.4548433349037764e-1 2.3945861703877017e-1 9.5129288643138077e-1 9.5129288643138077e-1 4.5431819457035399e-1 4.7192760505439879e-1), 

enList: (4.5772714740874854e-1 9.4871952687404193e-1 9.5129288643138077e-1 9.3495602402677258e-1 9.5129288643138077e-1 2.3100906074251393e-1 4.674312916786722e-1 9.5129288643138077e-1 9.4219292439617341e-1 5.3399483437225476e-2 9.5064248069242963e-1 9.1707355218225484e-1 4.6891729069867899e-1 9.4871952687404193e-1 9.4548433349037764e-1 2.3945861703877017e-1 9.5129288643138077e-1 9.5129288643138077e-1 4.5431819457035399e-1 4.7192760505439879e-1 4.7192760505439879e-1), 

enList: (9.4871952687404193e-1 9.5129288643138077e-1 9.3495602402677258e-1 9.5129288643138077e-1 2.3100906074251393e-1 4.674312916786722e-1 9.5129288643138077e-1 9.4219292439617341e-1 5.3399483437225476e-2 9.5064248069242963e-1 9.1707355218225484e-1 4.6891729069867899e-1 9.4871952687404193e-1 9.4548433349037764e-1 2.3945861703877017e-1 9.5129288643138077e-1 9.5129288643138077e-1 4.5431819457035399e-1 4.7192760505439879e-1 4.7192760505439879e-1 9.5064248069242963e-1), 

enList: (9.5129288643138077e-1 9.3495602402677258e-1 9.5129288643138077e-1 2.3100906074251393e-1 4.674312916786722e-1 9.5129288643138077e-1 9.4219292439617341e-1 5.3399483437225476e-2 9.5064248069242963e-1 9.1707355218225484e-1 4.6891729069867899e-1 9.4871952687404193e-1 9.4548433349037764e-1 2.3945861703877017e-1 9.5129288643138077e-1 9.5129288643138077e-1 4.5431819457035399e-1 4.7192760505439879e-1 4.7192760505439879e-1 9.5064248069242963e-1), 

enList: (9.3495602402677258e-1 9.5129288643138077e-1 2.3100906074251393e-1 4.674312916786722e-1 9.5129288643138077e-1 9.4219292439617341e-1 5.3399483437225476e-2 9.5064248069242963e-1 9.1707355218225484e-1 4.6891729069867899e-1 9.4871952687404193e-1 9.4548433349037764e-1 2.3945861703877017e-1 9.5129288643138077e-1 9.5129288643138077e-1 4.5431819457035399e-1 4.7192760505439879e-1 4.7192760505439879e-1 9.5064248069242963e-1 9.5321584024976858e-1), 

enList: (9.5129288643138077e-1 2.3100906074251393e-1 4.674312916786722e-1 9.5129288643138077e-1 9.4219292439617341e-1 5.3399483437225476e-2 9.5064248069242963e-1 9.1707355218225484e-1 4.6891729069867899e-1 9.4871952687404193e-1 9.4548433349037764e-1 2.3945861703877017e-1 9.5129288643138077e-1 9.5129288643138077e-1 4.5431819457035399e-1 4.7192760505439879e-1 4.7192760505439879e-1 9.5064248069242963e-1 9.5321584024976858e-1 9.2030874556591913e-1), 

