256.5737499794709 1793.1374508764497 3.0 7.0 2.0 94.07832081889791 195.65401127422624 59.99998191965588
242.4325829657841 1897.7317090456138 4.0 8.0 2.0 102.22028852621672 190.95264483570674 59.999940071216926
200.64006691070824 2293.0215638571726 5.0 9.0 3.0 105.50823969583763 188.07970581660592 59.99992037551664
208.71358646042944 2204.3222379642557 4.0 9.0 1.0 101.84122750581909 182.05588248562805 39.99991774399234
201.4988238401681 2283.249059383771 4.0 9.0 2.0 87.19019393961068 186.94483777800355 39.999943346244216
197.0578062733208 2334.7057835500123 6.0 9.0 2.0 109.85119719750249 188.1760999737716 49.9999970275088
255.886751752407 1797.9516205870643 4.0 7.0 2.0 111.6580988574179 184.22635744300123 59.99996258767375
261.3795859617557 1760.168064797977 4.0 7.0 2.0 93.2379422974808 201.817790077987 59.999931641389196
217.67432653213754 2113.5795264862104 5.0 8.0 2.0 108.48980917454995 186.91755520692385 59.99991833274921
218.79502551730164 2102.7534739980592 4.0 7.0 2.0 96.75226440478644 168.15929924830886 49.99995741371142
226.84463236520105 2028.1370345996206 4.0 7.0 2.0 99.11722744591768 168.880718810828 39.999903099961436
235.69669481971042 1951.96627747334 3.0 8.0 2.0 79.65384000610848 200.02466630450303 39.99993948276872
200.35201109326545 2296.3183523315515 6.0 9.0 2.0 109.87668299522204 186.70229776561547 49.99991001897887
220.1400403690703 2089.9060399402024 4.0 9.0 2.0 95.65685634517595 193.46794705701527 49.999905060575905
214.79373707476532 2141.92464950623 4.0 7.0 2.0 93.95876058624913 175.2291070978542 39.99993321666194
184.16297402142078 2498.178596673222 4.0 9.0 2.0 85.63297098045011 180.30759523129507 39.99995477773801
249.66432558203846 1842.7622726132038 4.0 7.0 2.0 101.35108358906089 193.32877370525605 59.99993085453005
218.07659159647767 2109.6808081598383 4.0 9.0 1.0 94.26890381603205 192.61863259646964 39.99993850005397
194.87259353896982 2360.8861135621755 5.0 9.0 3.0 90.44933156201978 178.5340990300738 39.99994515140296
217.49136738276172 2115.357522169246 5.0 8.0 2.0 106.51647077310233 187.64639829134592 49.99992828765642
212.64727926134924 2163.545198406038 5.0 8.0 2.0 107.41914101957119 183.4723876365458 49.999960013137176
206.61977073632482 2226.660103050424 5.0 9.0 2.0 110.77032964861434 202.8929832718967 39.9999063035683
219.84704505914326 2092.691306704766 5.0 8.0 3.0 105.21052776161753 176.9886569299425 49.99990928190616
203.65955403315758 2259.0248819119784 5.0 9.0 2.0 95.30550132681094 186.3840817724606 39.99991892695096
222.425827352714 2068.4288577262932 5.0 8.0 3.0 112.00944565244521 173.47527312188313 59.999940979142764
218.27698673495922 2107.7439581784133 5.0 8.0 3.0 97.31113916719286 192.42422522482636 59.999919487176555
221.82761884791094 2074.0068454480133 3.0 8.0 2.0 89.94044072783873 179.76707786981166 49.999987642404136
243.73968970059175 1887.5547128379028 4.0 7.0 2.0 96.74412901207805 172.92918491663696 59.99993277987701
219.7723993797212 2093.402089154475 5.0 8.0 3.0 107.08895447128934 184.84411210385417 59.999955183823104
206.90248959844516 2223.617516120296 4.0 8.0 2.0 86.43712148497909 169.108322900861 39.999905747875545
217.9525862863556 2110.8811225370705 4.0 9.0 2.0 96.30667567396789 190.98843686090805 49.99991841304025
233.92397985408456 1966.758603743748 3.0 7.0 2.0 89.36875376297313 174.52517538551342 49.999947599453876
175.91812303020603 2615.262100772888 5.0 9.0 3.0 97.16563637053119 166.80415474935955 59.999923039594385
178.09589858554557 2583.2823981570336 5.0 10.0 3.0 94.61949406843635 182.64415562693688 59.99997635809542
221.35248817424682 2078.4586782590636 5.0 8.0 3.0 104.52719444056567 178.00108496049748 59.99994337067923
223.19760328167808 2061.2766142447485 5.0 7.0 2.0 112.58050425231397 170.3355659769037 39.99994301895879
200.7161285372271 2292.152620483958 4.0 9.0 2.0 92.0481840433826 193.29953553821179 39.99995426590359
205.2263298706295 2241.778626992063 5.0 8.0 2.0 93.45682788527932 157.58055252538043 39.999953056122315
210.05903207299946 2190.203370260777 4.0 8.0 2.0 98.64885459159461 184.80367088980546 49.99999497222155
203.22236025064234 2263.8847390246556 4.0 8.0 2.0 103.25338892132169 186.53921441123939 59.99994397217438
189.41559651235247 2428.902416016186 5.0 8.0 3.0 94.47104956008354 160.99122380989579 59.999999728077
221.21120645425958 2079.786134592283 3.0 8.0 2.0 90.07195760625486 177.02432502854066 39.99994742225287
218.79581555331217 2102.7458812981645 4.0 8.0 2.0 96.41153762679872 177.6008404234605 49.99991222074081
203.94605095828888 2255.8514756144705 5.0 8.0 3.0 107.73375918309615 167.5056838736665 69.99996575143733
207.62015367475468 2215.9313142630713 4.0 9.0 2.0 96.78348477568193 203.1737866251963 49.999916939739045
199.3654464057409 2307.681738708518 4.0 8.0 3.0 96.87251540239582 175.5492336735826 59.999992179591445
218.73111911105812 2103.367832934663 5.0 8.0 3.0 106.17207155871341 190.25317690555704 59.999901306823595
186.63565135206107 2465.081010337842 5.0 8.0 2.0 88.63554120505174 168.65226444564078 39.99995854276693
215.3794663313683 2136.099637707173 5.0 8.0 3.0 109.75747962398515 179.12696618670284 59.99997116085575
208.5076703033694 2206.4991629833844 5.0 8.0 3.0 101.13702233252764 176.27998797793202 49.999964183321175
198.6911888203778 2315.512845493705 5.0 8.0 3.0 110.24910711114032 172.95873322463865 69.999956894728
219.21769051433918 2098.699237824086 4.0 9.0 2.0 96.17666582780606 202.2401660358275 49.99995695804418
201.6903055105726 2281.0813778844863 4.0 8.0 2.0 83.5132620188741 168.4564408129442 39.999915233845755
186.50303583637154 2466.8338396574104 5.0 10.0 2.0 98.53757788633126 200.56224666457052 39.99993207022117
209.6713153076478 2194.253416710544 5.0 8.0 2.0 112.69781438229259 183.31456510295234 59.999984041901236
185.27387138204955 2483.199582154219 5.0 9.0 2.0 96.42311507347918 181.54285816183634 39.99998515835831
198.32933151296612 2319.737562216923 5.0 8.0 3.0 102.44761116217246 164.1444013984978 59.99991846493883
239.6606258866425 1919.6812087840005 4.0 7.0 2.0 87.8121675136149 180.80262831001662 39.999951939825344
204.23253647576664 2252.6870984368848 5.0 9.0 3.0 107.04628139188674 178.58176470700218 59.99993220589706
213.53392768785667 2154.561595815968 4.0 8.0 2.0 87.92381069340678 181.66325242248774 39.999995414760775
196.6759347090067 2339.2389144137173 5.0 9.0 2.0 101.07622004261458 172.64944698023163 39.99992648934319
218.40058666660735 2106.551117934077 5.0 8.0 2.0 103.17274469786307 166.01158035019026 49.999988212459584
192.87131956617463 2385.3831717169755 5.0 9.0 2.0 93.76922220506214 168.72130405391388 59.99997538697587
203.6770459070119 2258.8308758663184 4.0 9.0 2.0 112.18092761536349 190.4296071223932 49.99997852657705
233.92612665319706 1966.7405543035875 4.0 7.0 2.0 85.9477924544894 169.54300382322924 49.999901172608745
238.0672612311425 1932.5294776811427 3.0 8.0 2.0 99.6097308590472 210.59262031646276 49.999972827322296
192.64698573923542 2388.160905993867 5.0 9.0 2.0 83.97692169425926 174.67134728288096 39.99990105417354
186.77420444488536 2463.252360610436 5.0 9.0 3.0 104.30441992170898 172.55874541049704 59.9999575564428
201.7027603657731 2280.940524391899 4.0 9.0 2.0 104.49749729039243 188.78182036406187 49.99996911376496
185.99788893348685 2473.533450503422 6.0 8.0 3.0 99.96059185826542 156.504212886552 59.99997158881007
252.15859638996406 1824.5342676658036 3.0 7.0 1.0 93.79641435251403 193.25801159779218 39.99996700853708
185.11696507424327 2485.3043577906697 5.0 9.0 3.0 96.30584935791572 172.27165682452934 59.9999474531923
186.0844522723974 2472.3828045909463 5.0 10.0 2.0 94.57838080197173 209.78103973492136 39.99990530564291
214.18406770960144 2148.0215821831453 4.0 8.0 3.0 96.36300951939552 192.06021062903193 49.999943868745724
220.65671227412471 2085.0124850425877 5.0 7.0 2.0 110.68649925830508 165.07969016347252 59.99995711883579
223.90549838601643 2054.759723706423 4.0 8.0 2.0 95.95501743136509 177.8159781672554 49.999976254207155
156.557415610404 2938.6790667578316 7.0 None 3.0 110.28348288175201 None 49.99990429437065
202.60208483354833 2270.815724221106 4.0 8.0 3.0 94.77298468522815 158.75950748739922 59.9999514063633
178.7919883455531 2573.224920519448 6.0 9.0 3.0 105.45234357804537 172.77179947331416 59.99991013059977
220.81357657934592 2083.5313078436566 4.0 8.0 3.0 101.29882038629364 174.62156517733058 69.9999526924073
216.99352298793713 2120.2107494497695 5.0 9.0 2.0 112.73189001736372 209.30880243078082 49.999946996955316
248.26731856565985 1853.1315465040707 3.0 7.0 2.0 90.60449213572622 187.81677852054835 39.999981352573656
212.94506437137017 2160.5196690431267 4.0 8.0 2.0 102.43639257867764 186.33696313844442 39.99993478897016
240.11509679637436 1916.0477876580849 4.0 8.0 2.0 87.88512503964469 165.3041871865706 39.99999674119903
203.59442855100582 2259.747495421957 5.0 8.0 3.0 107.20425962218657 172.9793196947548 59.99990100138679
202.6874352564283 2269.8594977924695 4.0 10.0 2.0 91.21806983790052 205.1360891880466 39.99996642852344
228.1212578929849 2016.7870554870722 3.0 7.0 2.0 88.91557220137487 175.12116303957538 39.99999245510877
190.22356776877365 2418.5856957495444 6.0 8.0 3.0 100.54599803352752 166.53674626095747 49.999999581774254
207.9518579855055 2212.396679004751 5.0 8.0 2.0 113.54549992757683 179.672274512017 59.999916679464604
213.64349052342004 2153.456671545843 4.0 8.0 2.0 98.48220234982657 188.96213604801474 59.99994532434915
190.5796460343115 2414.0668196915935 5.0 9.0 3.0 103.68201852518608 185.65266737192536 59.99999457984201
186.12427142410303 2471.8538666656714 5.0 9.0 3.0 102.48071010480196 181.84860864758497 59.999979724797655
229.78630771781215 2002.1732564021568 4.0 7.0 3.0 95.143407888513 181.5055503150314 59.99993121640417
200.9338902817383 2289.668504177731 5.0 9.0 3.0 106.79436490532169 190.8565699996975 49.99995663434118
181.3206354447634 2537.339442206808 3.0 10.0 2.0 97.06542786107829 187.14322226477648 39.99999100163151
219.98171806349941 2091.410159216943 4.0 8.0 2.0 101.17642713338273 187.29438114080054 59.99998241599004
211.24293208788512 2177.9284895013316 4.0 8.0 2.0 96.10773419478159 176.61263053755675 39.999908569946655
206.4959987228002 2227.9947449131914 4.0 8.0 3.0 102.84080810773759 170.64469573882857 59.999989681455936
228.04126479570976 2017.4945109699968 4.0 7.0 2.0 106.50825461802665 178.35463166355458 49.99990699724059
176.73974628518522 2603.1043365742594 6.0 9.0 2.0 101.38790248793183 172.33169103666162 39.99990236735425
242.27504915416463 1898.965665701905 3.0 8.0 2.0 102.09313551051818 218.28962956866317 39.99990684390112
198.60535307052564 2316.5135928467466 4.0 8.0 2.0 91.81177973889373 166.74821159687858 59.99997848830211
195.42920789394782 2354.1619236857573 6.0 9.0 2.0 108.48771416437707 190.23205196514346 39.999965756968734
192.21594446942635 2393.516319730586 5.0 8.0 2.0 96.18748753834173 166.394213013846 49.99995176625238
213.1978256909748 2157.9582179551094 4.0 9.0 2.0 84.08392404565566 185.3186634826033 39.99992384526473
222.4763403352641 2067.95922346928 3.0 8.0 2.0 90.63534199690969 184.46776966578756 59.9999136823819
210.94845693635327 2180.968785843319 4.0 9.0 2.0 93.08469989130745 187.01544070022726 49.99998571855323
222.46518108453904 2068.062955996552 4.0 8.0 2.0 106.1125251334712 187.22289948645388 59.99990327446028
222.43712428715102 2068.3238082420035 5.0 9.0 4.0 113.30838674527405 199.94152365076852 79.9999449351287
225.4361060897527 2040.8088481480063 4.0 8.0 3.0 88.94944227970748 189.30807812734065 59.99998348083303
205.8677552014711 2234.7938828484994 5.0 8.0 3.0 115.86476446729128 176.5557782156928 69.99996755985481
192.4990059558092 2389.996757207234 5.0 9.0 2.0 93.93714537584557 182.56354459538585 39.99997718600654
183.53593607257642 2506.713452661781 6.0 9.0 2.0 106.84171547265467 169.70720903559533 39.99993102019487
195.69093793312254 2351.0133113942647 5.0 8.0 3.0 93.04935036513493 162.3625226698589 49.999973360606795
185.74895495014297 2476.8483899330054 5.0 9.0 3.0 96.78615646824599 179.54286227419064 49.99999215141663
199.48108529005845 2306.343979084661 5.0 9.0 3.0 105.5811170521066 191.95479572793255 59.99997315662091
199.2857578456353 2308.6045133057983 5.0 8.0 3.0 106.0204998542286 164.84398069617723 79.99992362506086
229.56726342277986 2004.0836534811751 4.0 7.0 3.0 107.48554492936975 173.91793631667878 69.99993253561294
232.92294047052332 1975.211196761543 4.0 7.0 3.0 99.95957083557879 170.3616562154159 59.99991490894344
230.74280588697903 1993.8736474642228 4.0 6.0 2.0 96.23018204237931 158.0622958003087 49.99995182096169
183.8239456572212 2502.786012753213 4.0 10.0 3.0 88.82373090783813 198.69421278317574 59.9999249303872
210.5780888736532 2184.8047081291684 4.0 8.0 2.0 100.3165659141141 173.65624691768363 49.99999063247752
242.94868641823135 1893.7002985395657 3.0 7.0 2.0 91.26061911568243 188.4193545486008 49.999933450344344
226.93935609864567 2027.2904969379422 4.0 7.0 2.0 98.80587796032901 175.34315614302244 59.99997480266208
236.94310622155427 1941.6981879599757 3.0 8.0 2.0 92.44233277097952 172.60306942894204 39.999952846843584
216.3530832234607 2126.4869127139445 5.0 9.0 3.0 95.01728723407547 183.46020139203625 49.99996389268276
220.71369020929933 2084.4742324942367 4.0 8.0 2.0 107.33366931249074 189.81909840904478 39.99995176360039
226.26606035985344 2033.3230678445618 4.0 8.0 2.0 110.70456601516041 199.70490982771264 49.999995937094766
214.34702922339454 2146.388506838173 4.0 7.0 2.0 89.83217052669083 170.8713521714506 39.99991789537442
215.9282868090669 2130.6703572691963 4.0 9.0 2.0 89.95874110873866 201.83224347099718 49.999979026714456
202.347976795227 2273.667408424774 5.0 9.0 3.0 108.76913156475388 173.19475781192463 59.99999865060528
217.55893753183582 2114.7005276796626 5.0 8.0 1.0 98.56604111310946 178.93959327013184 39.99998796635678
205.61146780716703 2237.579474076218 5.0 9.0 2.0 108.93697537045324 185.64007936305237 39.99990310930642
205.4124288936291 2239.7476261684437 4.0 9.0 2.0 98.06816122949672 201.95420128811725 39.99995933432302
200.29345931729517 2296.9896349494684 5.0 8.0 2.0 104.11132284990579 178.92070778412835 49.99998463187693
198.87902422873515 2313.325911489092 5.0 9.0 3.0 85.3938921886325 195.02981038202927 49.99997204969672
191.76067229831708 2399.1989310731974 5.0 8.0 3.0 91.88028786630272 165.8354253285591 59.99998886989986
194.66533672326287 2363.399708156776 6.0 8.0 3.0 122.06362693763126 170.30718470264313 69.9999634053512
176.83281150587223 2601.734350554744 6.0 9.0 2.0 107.71100409096061 172.0652358361468 39.99996277093522
194.27356683795784 2368.1657133713034 5.0 9.0 2.0 98.92800956392857 191.79802345126961 49.999954669829876
251.5440354408702 1828.9918868227267 4.0 7.0 2.0 97.8425001679847 186.0319688681526 49.999908577143096
222.6406447512097 2066.433110244127 4.0 8.0 2.0 97.80547886878983 195.97284614382747 49.99999626417078
210.66024866727645 2183.952610473998 5.0 8.0 2.0 102.90434798272432 174.79214314259437 59.99997142943307
199.7409573304988 2303.3433210132653 5.0 9.0 2.0 107.97648227099575 194.8522477233031 49.999964662637886
234.47729570273185 1962.1174776054866 4.0 8.0 2.0 100.89172294420253 171.46885077193963 59.999918053955284
232.10995878736 1982.1295148368883 3.0 6.0 1.0 89.00207873055189 163.34121722715523 39.99995938924307
218.351914145712 2107.0206863081667 4.0 7.0 2.0 83.78794093017913 176.30752566189113 39.99996739261309
216.9060595647696 2121.065685869506 4.0 8.0 2.0 92.27258158331378 178.44090346312333 69.99995794408497
184.97915339042487 2487.1559392909126 5.0 9.0 3.0 89.78526105088581 181.7673686296448 59.999973208984684
223.3647210843593 2059.734401057194 4.0 9.0 2.0 93.07302126344342 193.62065622162888 59.99999488205833
220.7859973141483 2083.7915701029738 4.0 8.0 3.0 98.57624514099834 187.64551512614247 59.99999535584271
239.7958931662398 1918.5983292927065 3.0 6.0 2.0 89.03967920309987 160.15188835439918 39.999966175849295
243.6914711258977 1887.9281982023663 3.0 7.0 1.0 81.11842368787057 206.28082507345243 39.99999682248579
226.99363424377293 2026.8057363490627 4.0 7.0 2.0 99.87038781282806 192.36297464307484 39.99998623554751
212.1162506783231 2168.9615884155187 4.0 9.0 2.0 85.8301400696115 191.15221278592045 39.99994227161468
206.23664149431073 2230.7966065898704 4.0 8.0 2.0 101.33874010277243 170.83696098413247 49.99991623675474
184.10959314919322 2498.9029204316403 6.0 9.0 3.0 111.61103072251171 179.96933835700844 59.99991354457233
230.11803775941604 1999.2869940990736 3.0 7.0 2.0 94.06882842249352 176.83780099017787 59.99990677988639
217.12501091122863 2118.926778951781 4.0 9.0 2.0 97.9176387243577 192.07471287906702 49.999982903158994
262.21920356040664 1754.5320623095197 3.0 7.0 2.0 99.71658339207491 180.76623006850028 69.99993302473254
238.53131415419017 1928.7698205636962 3.0 8.0 2.0 100.2595391976625 190.18314460439842 59.99991232265951
215.42202930352016 2135.6775882552793 5.0 7.0 2.0 101.74872192481021 176.45865929376052 39.99990614876044
205.35836167848257 2240.337312002457 5.0 8.0 3.0 93.63711990026005 163.3254911812327 39.99999223205256
221.39671158053753 2078.0435116473695 5.0 8.0 2.0 107.4792946480004 180.4898759650865 39.99997071051397
233.3831183270462 1971.316534365988 5.0 8.0 2.0 108.60638649857485 196.69658209638993 39.99993020977068
222.4986014503123 2067.7523229409685 3.0 8.0 2.0 77.71283280423279 199.22725990470647 49.99996424641975
199.82580709444522 2302.3652784875408 5.0 8.0 2.0 88.03668928732816 160.69179535371543 39.999925179353404
229.63613474837706 2003.482598695202 4.0 9.0 2.0 92.62337498473856 215.57783330524086 39.999997972298345
212.6725660755626 2163.2879524128953 4.0 8.0 2.0 100.8834990702875 184.17064378747358 39.99997809505693
220.14599534322534 2089.8495077446705 3.0 7.0 2.0 103.90067172945317 170.61950824653889 59.99998368395082
191.32504893851643 2404.6616088824167 5.0 9.0 4.0 99.68358250943672 184.0483524578844 59.999910601921215
223.7859132487199 2055.8577317092663 5.0 8.0 4.0 103.02215606320081 183.46185916208447 69.99994479155436
216.24802465153084 2127.5200119925958 4.0 8.0 2.0 102.98493643746636 190.4019578232035 39.99992766896696
216.09237765778175 2129.052421870246 4.0 8.0 3.0 101.33366360480562 177.78205752480594 59.999903848733474
220.66179516525887 2084.9644572837865 5.0 8.0 2.0 105.13921870572642 191.9090269819488 49.999932559371366
220.56392493087142 2085.8896129282907 4.0 7.0 2.0 97.50388536353884 172.9079554457896 49.99996315675266
213.90924225964872 2150.7813086521637 5.0 8.0 3.0 102.80002716353124 192.08133928999052 59.99998387955881
219.09211054866083 2099.902177435171 4.0 7.0 2.0 98.2388094697827 171.12277092052315 39.99991826270153
212.9000738302702 2160.976235108223 5.0 8.0 3.0 96.94007498493735 186.0688598430668 49.99991809901465
254.0560403260769 1810.9075439005696 3.0 7.0 2.0 98.25974205594753 188.53481428424237 39.99992316331477
173.2597843402391 2655.3882757728306 5.0 9.0 3.0 99.10750393753547 169.29562179401194 59.999938026904616
204.67815086727103 2247.782667815608 4.0 9.0 2.0 101.57057453393752 198.10160976050662 39.999973099856035
212.45570608756998 2165.4960860894344 5.0 9.0 2.0 106.11245370172172 190.73872226028368 39.99995237473145
217.68200029058528 2113.505018264471 4.0 9.0 2.0 89.99506107149678 191.74757431187794 59.99999801093354
194.84042961169723 2361.275844632913 5.0 9.0 2.0 94.38258343220788 178.18245203349215 49.99997931284723
216.09088114837084 2129.0671663470544 5.0 8.0 3.0 97.32639310584267 179.58172848000456 59.99998269012365
213.62982472064203 2153.5944271902285 4.0 8.0 2.0 92.72979560627479 187.66073405695008 39.99991704420489
247.50678410991873 1858.8258162478498 4.0 6.0 2.0 104.0725213860438 191.61189530220747 49.999952551415845
209.47020219802346 2196.3601274660973 4.0 9.0 2.0 98.24153564660091 200.65100751031872 39.99990825162581
208.98872548305647 2201.4201911447126 4.0 8.0 2.0 90.28083667510697 176.8773774942722 49.99993730370719
213.1819509595063 2158.11891170557 4.0 9.0 2.0 107.00909137078814 197.51855891365466 49.99991867405076
222.02068165469296 2072.203348675176 4.0 9.0 2.0 96.47277259386144 202.5212858476749 49.99990092979453
204.3253118570114 2251.6642496156437 4.0 8.0 2.0 90.44642927052655 180.88806853364304 39.99991120932202
203.49932165629195 2260.803604923344 5.0 9.0 2.0 97.07702932155341 189.45037145932196 49.999931215831495
205.97530425160988 2233.626995583885 5.0 9.0 3.0 102.02007556070473 188.4425891962723 59.99994680711557
233.6731318729748 1968.869918044733 5.0 7.0 3.0 102.26680474235287 177.71294224050496 59.999940532540066
211.46999446694159 2175.58997511546 4.0 9.0 2.0 104.67343749073905 200.8905753199596 39.99992472393191
189.49300541765143 2427.9101964000192 5.0 8.0 2.0 94.69411876286125 161.22944497348252 49.99999741507801
224.68250703708597 2047.6538474980644 4.0 7.0 2.0 93.61702905359209 179.15593393548005 49.99991711712775
233.07338954095815 1973.9361962604112 4.0 7.0 2.0 107.38307035236971 177.7974068696561 39.99996247666678
236.16759290625464 1948.074222794077 4.0 8.0 2.0 100.0333817073545 198.01638076198253 39.99995484987311
201.792844519943 2279.922269268232 5.0 9.0 3.0 100.49468095956857 194.14728515062882 69.99990426800065
210.72481522724064 2183.2834424548873 4.0 8.0 2.0 103.4025600701154 167.76317714650583 39.999921057387766
222.5731540433477 2067.059713366859 4.0 9.0 2.0 88.8002182984472 201.8150928937547 49.99993754974527
228.20223023619127 2016.0714447173523 4.0 8.0 3.0 86.36436369996218 175.87890529569157 49.99992810589271
243.0830118856757 1892.6538569317067 4.0 7.0 2.0 104.44607485338614 176.82615729852748 49.9999656690351
207.03477735944045 2222.1967046688615 5.0 9.0 3.0 103.96066516231701 189.72674079458838 49.9999594131022
184.9924359830495 2486.977359669752 6.0 9.0 3.0 114.53640228781077 184.02183153000954 59.99990316253789
213.42402515600907 2155.6710855944907 4.0 8.0 2.0 98.43846625687574 177.3142429274726 49.99998693076505
227.03527195990898 2026.4340251114893 4.0 7.0 2.0 95.09866331373858 172.47586243256654 39.99998610114402
203.20369616865628 2264.092674860336 5.0 9.0 3.0 106.16772520629323 187.5074590478871 59.99994209074203
179.15684384754215 2567.9845107759847 6.0 9.0 3.0 107.38271866286127 160.36304965548678 49.99998579790574
233.53930565848216 1969.9981495739714 3.0 8.0 2.0 95.2220958106765 193.49455936397223 49.99993907148107
203.8109281913269 2257.34706221498 5.0 8.0 3.0 103.67657306715171 186.18477451248685 59.99998622659829
199.0838513705766 2310.945849362827 5.0 8.0 3.0 103.28949277089762 174.3752657225689 59.999933406809696
224.25383511132196 2051.56803571103 3.0 8.0 2.0 88.64418250121254 195.34767223950234 49.999928425506525
203.10460679257577 2265.197265908679 5.0 9.0 3.0 103.35825130893119 198.8640435061374 59.99992952264799
234.54962083965304 1961.5124439468718 4.0 8.0 2.0 108.66750579717231 181.05743823550125 39.99993863162219
195.62596986389704 2351.794091142838 5.0 9.0 2.0 97.98100717067231 186.77321029579463 39.999918956150815
224.60778515611787 2048.335055172813 3.0 8.0 2.0 87.8757461719872 186.07014248421194 39.999937314375536
209.83007717357873 2192.5931982544735 3.0 9.0 2.0 87.11026953440265 187.79002071340707 39.99991320244083
211.91295036078236 2171.0423983844603 5.0 8.0 3.0 108.98117843737694 181.05168575955457 69.99997643919988
223.3583635149857 2059.7930283865667 4.0 7.0 2.0 97.4883136127385 165.7056654969092 39.999908492035416
219.86040054484468 2092.564185546272 3.0 7.0 3.0 99.69419814888988 171.33681063624923 69.9999043406219
256.31821662486334 1794.925097631052 3.0 7.0 2.0 95.78488433318422 185.31643555022754 59.999991419908966
212.44587453292206 2165.5963007589685 5.0 8.0 2.0 99.83680416912638 175.7907272584457 49.99997451948808
232.88156380834405 1975.562137579204 3.0 9.0 2.0 93.6915187538217 207.53045526041998 59.99990598444245
240.5547103241156 1912.5462119619854 5.0 7.0 2.0 118.28406012127681 182.29206213783777 59.999983443885924
218.28694919310573 2107.6477622718576 5.0 7.0 3.0 118.36961273969096 163.75882395389698 59.999912410617085
217.91167068417354 2111.277466486856 4.0 9.0 1.0 103.42740520038258 209.73400767530916 39.999948404551574
172.37794264159692 2668.9725666152544 5.0 10.0 4.0 87.82105296850136 191.9320562703525 59.99991261772423
223.63778465926916 2057.2194484083184 5.0 8.0 2.0 103.24833098358755 175.36029728374245 59.99999808052329
216.03459545865758 2129.621873863456 5.0 8.0 4.0 93.38500034316182 184.81665557478607 59.999994817591855
185.46806221164434 2480.599594958808 4.0 9.0 3.0 96.30091186203455 170.96674145185204 49.99995036485807
227.99851595171748 2017.8727834238534 5.0 8.0 1.0 103.27706613202758 185.13737344110524 39.99995709922717
241.0102101505714 1908.9315747767264 4.0 8.0 2.0 97.90420794163634 197.94652074520312 49.99993416983418
195.13099828344028 2357.7596796369376 5.0 8.0 2.0 103.04086044598779 167.00130051076658 49.999989027110765
187.32630402661806 2455.9925120533326 5.0 10.0 2.0 93.25461329264446 199.09696648508935 39.999956118509104
207.4769779773389 2217.4604839783724 4.0 8.0 2.0 94.12511080775833 164.20993730491608 39.99994895214054
226.04025697641646 2035.3542601396036 4.0 7.0 2.0 95.25616895440555 180.69996002248755 49.999908855054805
205.3146911262474 2240.813833030112 4.0 8.0 2.0 97.59931941902518 169.04095193672566 59.999968617492144
192.53710764799246 2389.5237942450576 6.0 9.0 3.0 115.33741967835476 180.633339576809 59.999950089528575
199.24103948990492 2309.122664576897 4.0 8.0 2.0 94.7848563757951 172.28225737624163 39.99992250461802
232.09421108234562 1982.2640032877391 4.0 7.0 2.0 93.85669291259855 156.3383945587505 49.999982629812976
209.3224490159748 2197.9104590205175 5.0 9.0 3.0 102.40956704219707 209.15012534355455 59.99990845484748
209.07479828210396 2200.5139011504693 6.0 9.0 3.0 96.26161425640183 183.93248889968595 59.99993946572831
211.6076468430192 2174.174737368086 6.0 9.0 3.0 114.0854851219364 184.05842931189716 59.999958944923335
227.78172720955834 2019.7932715504237 5.0 8.0 3.0 100.80310894697266 189.54677049158727 59.999944576117095
186.33124461140062 2469.108178606835 4.0 9.0 2.0 94.11652374942919 181.17081392388906 39.999934943263625
219.17743834168172 2099.0846661999085 5.0 8.0 2.0 98.5501248081226 183.7144621352713 39.99995441422076
201.57413959002713 2282.3959508681046 5.0 8.0 3.0 101.44298299645278 174.54221117979 59.99991183280703
188.39237699278652 2442.0945653104422 5.0 9.0 2.0 99.19151449241205 183.19210106729253 49.99991243198109
258.7870503023034 1777.8014760111241 4.0 7.0 2.0 105.68418179571746 191.898203139376 49.9999922461529
186.6006631910828 2465.5432201164103 5.0 9.0 3.0 99.32002621441409 170.6996552883195 49.9999180534452
250.56432788371188 1836.1432526561468 3.0 7.0 2.0 89.93657370444028 169.8863153160981 49.99996063755769
213.8706369220307 2151.169541650195 4.0 8.0 2.0 96.92176131570073 179.18460750427238 59.99990036104464
185.16785498242874 2484.621318552607 6.0 9.0 3.0 111.78400327331522 181.52388961104424 59.999951735385714
180.70523719813966 2545.980443807173 6.0 10.0 3.0 102.88381583137146 185.41290868879244 49.99998107099645
196.6217257213764 2339.8838470777478 4.0 7.0 2.0 92.18918277395079 158.83137774986793 49.99998927144841
183.00699904373522 2513.9584955985833 6.0 10.0 3.0 102.82080217666277 199.01005561081848 49.99994248621215
194.5415812106325 2364.903159195949 5.0 9.0 3.0 89.1659783888361 180.70318530347808 59.99998742694715
265.7619149384272 1731.1434563774549 3.0 7.0 2.0 89.79018887327013 191.68576195693234 59.999997246145035
209.10831220813034 2200.1612233476385 4.0 8.0 2.0 87.92914382631727 179.2172040997213 39.99993028517158
206.5979900682303 2226.894849500028 4.0 10.0 2.0 101.89013832179234 210.89914918180162 39.99997325106463
209.17542858386068 2199.4552759601597 5.0 8.0 3.0 114.753009435688 182.5809953393317 79.99997779403091
217.39340972803603 2116.3107040620976 3.0 9.0 2.0 84.71583287371239 193.06068769919796 39.99998946178725
202.39049404411224 2273.1897670041976 4.0 9.0 2.0 103.74120290406611 186.05480528474212 49.99997460563737
243.43612592673298 1889.9084852281455 4.0 8.0 2.0 101.3454546190474 204.63731508675096 49.999928708165
196.53293302231623 2340.9409961218003 5.0 9.0 2.0 102.32824268252882 181.69421009003685 49.99991121364776
192.17405198902884 2394.0380880675057 5.0 9.0 3.0 101.38441430336117 187.1958681011879 49.99995136214979
212.26958983556082 2167.3947754664464 4.0 8.0 2.0 95.58291736301541 181.83239540220296 59.99999523007036
202.3496505928276 2273.6486010829194 5.0 8.0 3.0 111.14415232016117 162.47158719743425 59.99991223641168
203.5442273532176 2260.304828992377 4.0 8.0 2.0 91.83186588715027 171.77024343994833 39.999938200524284
187.36027512378945 2455.5472054896863 5.0 9.0 2.0 109.88060465874244 184.4255512605145 39.999995684987304
197.9827753796483 2323.7981138398227 5.0 9.0 3.0 101.54835035617654 177.8666026453348 49.99992897471131
206.18278209804743 2231.379338849056 5.0 9.0 2.0 91.52589913065994 187.98830793619902 49.99991947870599
233.93257745655535 1966.6863204866881 4.0 8.0 1.0 99.5259293647934 207.04010023357944 39.99993466086255
184.37375506452202 2495.3226116102956 5.0 10.0 2.0 114.40288316445293 196.73209094951363 39.999928603772496
219.49832043588532 2096.0160382383674 5.0 9.0 2.0 93.57867878514679 193.32708802051437 39.99994153396972
206.69087170658756 2225.894139404013 4.0 9.0 3.0 96.34270359565542 190.09909526763826 59.9999913629205
205.43012768762858 2239.554661133117 6.0 10.0 1.0 108.74310181610798 211.3433061640567 49.99990721334412
237.8650667828427 1934.172202007366 4.0 8.0 3.0 99.64803037386775 191.17790476228876 59.99992048405472
229.20248190722867 2007.2732030284794 4.0 8.0 2.0 96.62006709740498 184.00099586801844 59.99992369152135
191.1216117797601 2407.2212227373125 5.0 9.0 3.0 103.06240808374764 183.00205858445113 39.99998062727325
190.79476411665007 2411.344997490164 5.0 8.0 2.0 97.22394822549677 167.67620062141555 39.99997682302017
216.0433062192888 2129.536008549215 5.0 8.0 2.0 105.1255388136954 177.66293970597854 39.999920256432986
228.9426287103114 2009.5514871638177 4.0 7.0 2.0 97.89791106001013 165.31776078187653 49.9999708957066
227.37171219678794 2023.435525707843 3.0 8.0 2.0 94.25769846106975 190.48814686986475 49.99995579037473
224.60414026116675 2048.3682957270257 4.0 8.0 2.0 90.42819135826016 174.6516808697755 39.99991322719283
215.65123280479187 2133.4076973093797 3.0 8.0 2.0 89.05241234924759 199.19750008771237 39.99994697649041
203.2160748239087 2263.954760462049 5.0 9.0 2.0 101.4401144818867 187.52986979405364 39.99991064431609
204.28542320755923 2252.1039082291986 5.0 9.0 2.0 92.05290298742662 180.88859351142096 39.99994967802144
200.10863588471835 2299.111170119841 5.0 8.0 3.0 96.44968636562305 164.89374384698166 59.99994050668038
178.53752305151136 2576.8924769235246 5.0 9.0 2.0 102.32472632417488 172.24796588834965 49.99993693857617
192.64009117261773 2388.246377996916 5.0 8.0 2.0 91.0846725276266 166.00039664909033 39.99994502227218
231.42382646264483 1988.0061920688288 4.0 8.0 2.0 89.98264706961021 191.00977455758465 39.99999296778841
217.19430476135446 2118.250754804603 5.0 8.0 3.0 95.34589467598659 185.16987372972827 59.9999037939314
223.3124173729866 2060.2168272244653 4.0 7.0 2.0 100.31785881920156 164.91771307938205 59.99990502556658
228.28473136727814 2015.3428450710032 4.0 7.0 2.0 90.69986346381637 181.6598832471376 39.999966011001796
203.72318394120828 2258.319309071718 4.0 8.0 2.0 95.51958501651706 179.88135436721896 39.99997858288912
